257,	0.5822222222222222,0.39104477611940297,	0.6104651162790697,0.40384615384615385,
391,58,	0.050580046403712296,0.3253731343283582,	0.0975609756097561,0.06153846153846154,
257,461,	0.06666666666666667,0.07462686567164178,	0.07462686567164178,0.07692307692307693,
391,185,	0.17,0.050746268656716415,	0.5,0.011538461538461539,
62,231,	1.0,0.0029850746268656717,	1.0,0.0038461538461538464,
109,58,	0.010265486725663717,0.08656716417910448,	0.010267857142857143,0.08846153846153847,
257,162,	0.0975609756097561,0.011940298507462687,	0.125,0.015384615384615385,
275,183,	0.024475524475524476,0.041791044776119404,
241,80,	0.07661290322580645,0.11343283582089553,	0.12413793103448276,0.06923076923076923,
257,171,	0.4666666666666667,0.020895522388059702,	0.4166666666666667,0.019230769230769232,
241,375,	0.0625,0.005970149253731343,
257,408,	0.02881844380403458,0.029850746268656716,	0.030418250950570342,0.03076923076923077,
257,94,	0.2945945945945946,0.3253731343283582,	0.33070866141732286,0.3230769230769231,
430,160,	0.18134715025906736,0.1044776119402985,	0.06976744186046512,0.011538461538461539,
62,81,	0.035,0.020895522388059702,	0.03870967741935484,0.023076923076923078,
257,467,	0.010033444816053512,0.008955223880597015,	0.012295081967213115,0.011538461538461539,
62,162,	0.05172413793103448,0.008955223880597015,	0.046511627906976744,0.007692307692307693,
257,224,	0.07222222222222222,0.07761194029850746,	0.07782101167315175,0.07692307692307693,
257,262,	0.16279069767441862,0.0626865671641791,	0.18556701030927836,0.06923076923076923,
275,150,	0.2945205479452055,0.12835820895522387,	0.3333333333333333,0.05,
62,461,	0.044186046511627906,0.11343283582089553,	0.04654895666131621,0.11153846153846154,
62,331,	0.17016029593094945,0.41194029850746267,	0.16850393700787403,0.4115384615384615,
62,120,	1.0,0.005970149253731343,	1.0,0.007692307692307693,
62,171,	0.38461538461538464,0.014925373134328358,	0.42857142857142855,0.011538461538461539,
62,357,	0.012345679012345678,0.011940298507462687,	0.015444015444015444,0.015384615384615385,
257,318,	0.25,0.0029850746268656717,	0.5,0.0038461538461538464,
391,85,	0.09836065573770492,0.01791044776119403,	0.25,0.0038461538461538464,
257,25,	0.1792452830188679,0.056716417910447764,	0.21052631578947367,0.06153846153846154,
62,375,	0.013100436681222707,0.008955223880597015,	0.011235955056179775,0.007692307692307693,
62,262,	0.125,0.08955223880597014,	0.140625,0.10384615384615385,
391,42,	0.12590799031476999,0.15522388059701492,	0.15,0.023076923076923078,
257,230,	0.5,0.011940298507462687,	0.5,0.015384615384615385,
62,318,	1.0,0.020895522388059702,	1.0,0.023076923076923078,
62,230,	0.2857142857142857,0.011940298507462687,	0.3,0.011538461538461539,
257,375,	0.03676470588235294,0.014925373134328358,	0.037383177570093455,0.015384615384615385,
62,94,	0.15895610913404506,0.4,	0.1552511415525114,0.3923076923076923,
62,25,	0.10569105691056911,0.07761194029850746,	0.12834224598930483,0.09230769230769231,
257,331,	0.28804347826086957,0.3164179104477612,	0.32677165354330706,0.3192307692307692,
257,399,	0.02358490566037736,0.014925373134328358,	0.01875,0.011538461538461539,
62,224,	0.04285714285714286,0.11641791044776119,	0.04580152671755725,0.11538461538461539,
391,346,	0.025356576862123614,0.04776119402985075,	0.02564102564102564,0.0038461538461538464,
391,111,150,	0.3333333333333333,0.005970149253731343,
62,129,220,	0.03262684649967887,0.7582089552238805,	0.03343465045592705,0.7615384615384615,
62,199,436,	0.028906627963231738,0.7134328358208956,
62,399,331,	0.014240506329113924,0.026865671641791045,	0.013671875,0.026923076923076925,
62,418,181,	0.9777777777777777,0.13134328358208955,	0.96875,0.11923076923076924,
257,151,388,	0.04476439790575916,0.5104477611940299,	0.07105719237435008,0.3153846153846154,
62,443,206,	0.012658227848101266,0.014925373134328358,	0.014760147601476014,0.015384615384615385,
62,77,314,	0.02962009014810045,0.2746268656716418,	0.03067993366500829,0.2846153846153846,
62,399,162,	1.0,0.3074626865671642,	1.0,0.3038461538461538,
257,34,271,	0.037321428571428575,0.6238805970149254,
391,154,62,	0.03459983831851253,0.6388059701492538,	0.13333333333333333,0.6461538461538462,
62,32,269,	0.032417373686209956,0.764179104477612,
62,297,60,	1.0,0.1373134328358209,	1.0,0.11538461538461539,
62,78,315,	0.24,0.21492537313432836,	0.24152542372881355,0.21923076923076923,
62,446,209,	0.05622879301987397,0.34626865671641793,	0.05964912280701754,0.3269230769230769,
62,331,162,	0.07692307692307693,0.020895522388059702,	0.07352941176470588,0.019230769230769232,
62,138,162,	0.4188034188034188,0.29253731343283584,	0.436046511627907,0.28846153846153844,
62,297,183,	0.17142857142857143,0.01791044776119403,	0.3333333333333333,0.011538461538461539,
62,94,162,	0.06666666666666667,0.01791044776119403,	0.05970149253731343,0.015384615384615385,
62,187,424,	0.027353329560460292,0.8656716417910447,	0.02855685874553799,0.8615384615384616,
62,165,220,	0.03071879553181156,0.755223880597015,	0.03195610071013557,0.7615384615384615,
257,20,257,	0.13152094048493754,0.5343283582089552,	0.16942675159235668,0.5115384615384615,
62,255,18,	1.0,0.014925373134328358,	1.0,0.007692307692307693,
62,151,388,	0.03764372342101118,0.7134328358208956,	0.04810855263157895,0.45,
62,297,150,	0.39285714285714285,0.06567164179104477,	0.4666666666666667,0.05384615384615385,
257,299,62,	0.1293800539083558,0.8597014925373134,	0.15552427867698804,0.85,
257,57,294,	0.033840190816935005,0.6776119402985075,
62,47,269,	0.28187919463087246,0.1253731343283582,
62,299,62,	0.07238547968885048,1.0,	0.0847457627118644,1.0,
62,457,220,	0.030968797475750848,0.7910447761194029,	0.03294945617402431,0.7923076923076923,
62,94,331,	0.1164259927797834,0.7701492537313432,	0.11600928074245939,0.7692307692307693,
62,375,94,	0.024475524475524476,0.020895522388059702,	0.03125,0.023076923076923078,
62,472,235,	0.22631578947368422,0.12835820895522387,	1.0,0.0038461538461538464,
62,375,138,	0.03955757970071568,0.9074626865671642,	0.04016337644656229,0.9076923076923077,
62,331,375,	0.031055900621118012,0.029850746268656716,	0.028112449799196786,0.026923076923076925,
62,331,230,	0.18181818181818182,0.01791044776119403,	0.19230769230769232,0.019230769230769232,
62,445,208,	0.031692944736423,0.5940298507462687,	0.03370297890845836,0.5961538461538461,
62,96,333,	0.022553751645458534,0.7671641791044777,
62,420,60,	0.028901734104046242,0.014925373134328358,	0.01694915254237288,0.007692307692307693,
62,420,183,	0.1822429906542056,0.3492537313432836,	0.19495412844036697,0.3269230769230769,
62,331,331,	0.12512562814070352,0.7432835820895523,	0.12645161290322582,0.7538461538461538,
62,120,357,	0.6666666666666666,0.011940298507462687,	0.6666666666666666,0.015384615384615385,
62,138,230,	0.9216867469879518,0.45671641791044776,	0.937007874015748,0.4576923076923077,
62,387,60,	0.013136288998357963,0.07164179104477612,	0.010877447425670777,0.057692307692307696,
62,94,94,	0.1104014598540146,0.7223880597014926,	0.11052631578947368,0.7269230769230769,
62,230,467,	0.022535211267605635,0.04776119402985075,	0.017467248908296942,0.046153846153846156,
257,466,229,	0.034911242603550295,0.7044776119402985,	0.034926829268292686,0.6884615384615385,
62,387,150,	0.23114754098360657,0.4208955223880597,	0.2733644859813084,0.45,
391,111,58,	0.12903225806451613,0.011940298507462687,
391,154,257,	0.024230830543599553,0.4537313432835821,	0.08924302788844622,0.4307692307692308,
257,199,436,	0.03808446455505279,0.6029850746268657,
62,276,39,	0.08635578583765112,0.5970149253731343,	0.08477412158393753,0.5846153846153846,
257,457,220,	0.040566398775354,0.6328358208955224,	0.038532961931290625,0.6384615384615384,
62,20,257,	0.08013205282112845,0.7970149253731343,	0.09507389162561576,0.7423076923076923,
62,399,375,	0.5755813953488372,0.2955223880597015,	0.5588235294117647,0.2923076923076923,
62,420,23,	0.125,0.011940298507462687,	0.11538461538461539,0.011538461538461539,
62,260,183,	0.08695652173913043,0.011940298507462687,	0.1,0.011538461538461539,
62,457,402,	0.03852392538523925,0.5671641791044776,	0.043305972261534105,0.5884615384615385,
62,129,402,	0.03561069932323558,0.6597014925373135,	0.03780964797913951,0.6692307692307692,
62,134,371,	0.5652173913043478,0.03880597014925373,	1.0,0.0038461538461538464,
391,309,150,	0.10243055555555555,0.1761194029850746,	0.16883116883116883,0.05,
430,193,62,	0.06873905429071804,0.9373134328358209,	0.10408921933085502,0.7538461538461538,
62,461,224,	0.037399821905609976,0.2507462686567164,	0.04032766225582861,0.24615384615384617,
62,237,0,	1.0,0.01791044776119403,	1.0,0.015384615384615385,
62,420,150,	0.23493975903614459,0.11641791044776119,	0.1941747572815534,0.07692307692307693,
62,34,269,	0.03169276659209545,0.7611940298507462,
62,295,58,	0.01680244399185336,0.3940298507462687,	0.043148084225060404,0.4807692307692308,
62,467,230,	1.0,0.49850746268656715,	1.0,0.5076923076923077,
257,20,62,	0.2033080634045486,0.8805970149253731,	0.2729439809296782,0.8807692307692307,
62,17,254,	0.033604581072935506,0.6656716417910448,
62,138,331,	0.013452914798206279,0.03582089552238806,	0.010869565217391304,0.03076923076923077,
62,421,184,	0.12195121951219512,0.208955223880597,	0.13253012048192772,0.16923076923076924,
62,165,366,	0.02828345160958552,0.8208955223880597,	0.03023880175215487,0.823076923076923,
62,472,58,	0.05856643356643357,0.2,
62,317,80,	0.0746987951807229,0.27761194029850744,	0.07634408602150537,0.27307692307692305,
62,279,42,	0.15716096324461343,0.3701492537313433,	0.2972972972972973,0.04230769230769231,
257,187,424,	0.03256574465185993,0.7134328358208956,	0.033542204201990417,0.7,
62,295,42,	0.05344827586206897,0.27761194029850744,	0.01834862385321101,0.015384615384615385,
62,466,229,	0.028110908567590905,0.8746268656716418,	0.029201902748414377,0.85,
62,171,408,	0.05864197530864197,0.056716417910447764,	0.0650887573964497,0.04230769230769231,
62,468,231,	0.2242798353909465,0.3253731343283582,	0.2222222222222222,0.2153846153846154,
391,173,150,	0.11202185792349727,0.12238805970149254,	0.14893617021276595,0.026923076923076925,
62,129,366,	0.02909916417294397,0.8417910447761194,	0.030180806675938802,0.8346153846153846,
257,129,366,	0.03478904515173945,0.7014925373134329,	0.03543461237274863,0.6961538461538461,
430,193,257,	0.0505373885204665,0.6597014925373135,	0.07341147439851943,0.4576923076923077,
62,32,271,	0.030424528301886793,0.7701492537313432,
62,138,375,	0.12244897959183673,0.608955223880597,	0.1178650852483321,0.6115384615384616,
62,457,366,	0.034550839091806514,0.7313432835820896,	0.036261392282334694,0.7192307692307692,
62,20,62,	0.09448110377924415,0.9402985074626866,	0.11926605504587157,0.95,
62,134,58,	0.09523809523809523,0.005970149253731343,	0.1,0.007692307692307693,
257,32,271,	0.0346875,0.6626865671641791,
62,57,294,	0.028627838104639685,0.7791044776119403,	1.0,0.0038461538461538464,
62,94,375,	0.023255813953488372,0.023880597014925373,	0.015267175572519083,0.015384615384615385,
62,399,94,	0.013816925734024179,0.023880597014925373,	0.012738853503184714,0.023076923076923078,
62,375,331,	0.028112449799196786,0.020895522388059702,	0.030864197530864196,0.019230769230769232,
62,138,94,	0.014218009478672985,0.03582089552238806,	0.011444921316165951,0.03076923076923077,
62,162,399,	0.030248423220491698,0.7014925373134329,	0.030116472545757073,0.6961538461538461,
62,1,238,	0.047619047619047616,0.0029850746268656717,
62,49,286,	0.9798657718120806,0.43582089552238806,	1.0,0.4346153846153846,
62,34,271,	0.03009259259259259,0.7761194029850746,
62,387,183,	0.018966908797417272,0.14029850746268657,	0.013846153846153847,0.10384615384615385,
62,109,58,	0.07086614173228346,0.13432835820895522,	0.09289617486338798,0.13076923076923078,
62,279,58,	0.04799735187024164,0.43283582089552236,	0.11176470588235295,0.07307692307692308,
257,96,333,	0.02945736434108527,0.6238805970149254,
62,81,318,	0.8114035087719298,0.5522388059701493,	0.807909604519774,0.55,
391,173,183,	0.011695906432748537,0.041791044776119404,
62,165,402,	0.033546088763544604,0.6746268656716418,	0.0365249690466364,0.6807692307692308,
62,260,23,	0.4588235294117647,0.11641791044776119,	0.5,0.1076923076923077,
62,426,189,	0.024664879356568366,0.8238805970149253,	0.028989225243714726,0.8692307692307693,
62,331,94,	0.12448979591836734,0.7283582089552239,	0.12442698100851342,0.7307692307692307,
391,348,150,	0.11041666666666666,0.1582089552238806,	0.17391304347826086,0.046153846153846156,
257,426,189,	0.03066271018793274,0.7402985074626866,	0.033384431953670586,0.7538461538461538,
62,47,271,	0.3,0.14328358208955225,
62,94,230,	0.13333333333333333,0.011940298507462687,	0.13043478260869565,0.011538461538461539,
257,34,269,	0.03873441994247363,0.6029850746268657,
62,378,141,	0.16666666666666666,0.0029850746268656717,	0.16666666666666666,0.0038461538461538464,
62,467,375,	0.21212121212121213,0.4597014925373134,	0.2003338898163606,0.46153846153846156,
62,224,461,	0.043224866440019424,0.2656716417910448,	0.046621621621621624,0.2653846153846154,
257,32,269,	0.03640939597315436,0.6477611940298508,
62,299,257,	0.05621767483696874,0.746268656716418,	0.06506364922206506,0.7076923076923077,
62,397,160,	0.09491525423728814,0.33432835820895523,	0.12531969309462915,0.18846153846153846,
