43,	0.21666666666666667,0.3627906976744186,	0.21666666666666667,0.3627906976744186,
196,	0.17857142857142858,0.3953488372093023,	0.17857142857142858,0.3953488372093023,
79,	0.8181818181818182,0.7534883720930232,	0.8181818181818182,0.7534883720930232,
118,	0.8066298342541437,0.6790697674418604,	0.8066298342541437,0.6790697674418604,
124,	0.19298245614035087,0.40930232558139534,	0.19298245614035087,0.40930232558139534,
349,98,	0.030303030303030304,0.004651162790697674,	0.030303030303030304,0.004651162790697674,
80,96,	0.42028985507246375,0.13488372093023257,	0.42028985507246375,0.13488372093023257,
401,196,	1.0,0.004651162790697674,	1.0,0.004651162790697674,
375,57,	0.04822777454968042,0.386046511627907,	0.04822777454968042,0.386046511627907,
179,98,	1.0,0.3767441860465116,	1.0,0.3767441860465116,
90,84,	0.02727272727272727,0.013953488372093023,	0.02727272727272727,0.013953488372093023,
27,98,	0.46153846153846156,0.027906976744186046,	0.46153846153846156,0.027906976744186046,
264,98,	0.125,0.037209302325581395,	0.125,0.037209302325581395,
401,124,	1.0,0.004651162790697674,	1.0,0.004651162790697674,
117,84,	0.4,0.009302325581395349,	0.4,0.009302325581395349,
416,98,	1.0,0.3767441860465116,	1.0,0.3767441860465116,
191,43,	0.2047244094488189,0.24186046511627907,	0.2047244094488189,0.24186046511627907,
179,124,	0.2042042042042042,0.31627906976744186,	0.2042042042042042,0.31627906976744186,
27,79,	0.3333333333333333,0.013953488372093023,	0.3333333333333333,0.013953488372093023,
223,22,	0.1834319526627219,0.14418604651162792,	0.1834319526627219,0.14418604651162792,
264,43,	1.0,0.004651162790697674,	1.0,0.004651162790697674,
416,79,	0.8607594936708861,0.31627906976744186,	0.8607594936708861,0.31627906976744186,
7,96,	0.25806451612903225,0.037209302325581395,	0.25806451612903225,0.037209302325581395,
191,79,	0.7974683544303798,0.2930232558139535,	0.7974683544303798,0.2930232558139535,
264,124,	0.058823529411764705,0.004651162790697674,	0.058823529411764705,0.004651162790697674,
428,43,	0.2047244094488189,0.24186046511627907,	0.2047244094488189,0.24186046511627907,
268,98,	0.15625,0.023255813953488372,	0.15625,0.023255813953488372,
416,43,	0.22178988326848248,0.2651162790697674,	0.22178988326848248,0.2651162790697674,
191,124,	0.19469026548672566,0.30697674418604654,	0.19469026548672566,0.30697674418604654,
179,118,	0.8472222222222222,0.2837209302325581,	0.8472222222222222,0.2837209302325581,
187,98,	0.07692307692307693,0.023255813953488372,	0.07692307692307693,0.023255813953488372,
74,196,	0.5,0.004651162790697674,	0.5,0.004651162790697674,
424,196,	0.5,0.004651162790697674,	0.5,0.004651162790697674,
179,196,	0.1810344827586207,0.2930232558139535,	0.1810344827586207,0.2930232558139535,
424,161,	0.5,0.004651162790697674,	0.5,0.004651162790697674,
80,57,	0.5083333333333333,0.2837209302325581,	0.5083333333333333,0.2837209302325581,
112,98,	0.03225806451612903,0.004651162790697674,	0.03225806451612903,0.004651162790697674,
264,118,	0.16666666666666666,0.027906976744186046,	0.16666666666666666,0.027906976744186046,
27,118,	0.5,0.009302325581395349,	0.5,0.009302325581395349,
27,196,	0.14285714285714285,0.004651162790697674,	0.14285714285714285,0.004651162790697674,
191,118,	0.775,0.28837209302325584,	0.775,0.28837209302325584,
424,43,	1.0,0.004651162790697674,	1.0,0.004651162790697674,
191,196,	0.1742857142857143,0.2837209302325581,	0.1742857142857143,0.2837209302325581,
375,96,	0.0392349190779794,0.37209302325581395,	0.0392349190779794,0.37209302325581395,
191,98,	1.0,0.35348837209302325,	1.0,0.35348837209302325,
401,43,	1.0,0.004651162790697674,	1.0,0.004651162790697674,
74,124,	0.5,0.004651162790697674,	0.5,0.004651162790697674,
349,79,	0.2,0.004651162790697674,	0.2,0.004651162790697674,
424,124,	0.5,0.004651162790697674,	0.5,0.004651162790697674,
428,79,	0.7974683544303798,0.2930232558139535,	0.7974683544303798,0.2930232558139535,
424,98,	1.0,0.004651162790697674,	1.0,0.004651162790697674,
416,196,	0.1810344827586207,0.2930232558139535,	0.1810344827586207,0.2930232558139535,
428,118,	0.775,0.28837209302325584,	0.775,0.28837209302325584,
207,96,	0.26879699248120303,0.6651162790697674,	0.26879699248120303,0.6651162790697674,
179,43,	0.22178988326848248,0.2651162790697674,	0.22178988326848248,0.2651162790697674,
31,98,	0.14285714285714285,0.018604651162790697,	0.14285714285714285,0.018604651162790697,
325,84,	0.07692307692307693,0.03255813953488372,	0.06666666666666667,0.018604651162790697,
428,196,	0.1742857142857143,0.2837209302325581,	0.1742857142857143,0.2837209302325581,
164,98,	0.045454545454545456,0.004651162790697674,	0.045454545454545456,0.004651162790697674,
416,124,	0.2042042042042042,0.31627906976744186,	0.2042042042042042,0.31627906976744186,
349,118,	0.5,0.004651162790697674,	0.5,0.004651162790697674,
74,96,	0.375,0.013953488372093023,	0.375,0.013953488372093023,
179,79,	0.8607594936708861,0.31627906976744186,	0.8607594936708861,0.31627906976744186,
264,79,	0.12195121951219512,0.023255813953488372,	0.12195121951219512,0.023255813953488372,
416,118,	0.8472222222222222,0.2837209302325581,	0.8472222222222222,0.2837209302325581,
401,98,	0.5,0.004651162790697674,	0.5,0.004651162790697674,
428,124,	0.19469026548672566,0.30697674418604654,	0.19469026548672566,0.30697674418604654,
428,98,	1.0,0.35348837209302325,	1.0,0.35348837209302325,
27,124,	0.16666666666666666,0.004651162790697674,	0.16666666666666666,0.004651162790697674,
378,22,	0.1,0.023255813953488372,	0.1,0.023255813953488372,
74,43,	0.5,0.004651162790697674,	0.5,0.004651162790697674,
201,438,98,	0.4931506849315068,0.33488372093023255,
148,385,98,	0.29707112970711297,0.3302325581395349,	0.29707112970711297,0.3302325581395349,
331,428,43,	1.0,0.004651162790697674,	1.0,0.004651162790697674,
79,316,98,	0.8181818181818182,0.7534883720930232,
146,383,43,	0.13157894736842105,0.06976744186046512,	0.13157894736842105,0.06976744186046512,
179,179,98,	1.0,0.3767441860465116,	1.0,0.3767441860465116,
31,112,98,	0.03896103896103896,0.013953488372093023,	0.03896103896103896,0.013953488372093023,
43,280,43,	0.21666666666666667,0.3627906976744186,
268,349,98,	0.0547945205479452,0.018604651162790697,	0.0547945205479452,0.018604651162790697,
389,152,98,	0.16408668730650156,0.7395348837209302,	0.1718213058419244,0.23255813953488372,
112,31,98,	0.078125,0.023255813953488372,	0.078125,0.023255813953488372,
375,244,43,	0.1419753086419753,0.21395348837209302,	0.1419753086419753,0.21395348837209302,
443,206,98,	0.16535433070866143,0.2930232558139535,	0.2848101265822785,0.20930232558139536,
179,191,43,	0.2019704433497537,0.19069767441860466,	0.2019704433497537,0.19069767441860466,
223,31,98,	0.3333333333333333,0.009302325581395349,	0.3333333333333333,0.009302325581395349,
112,112,98,	0.02877697841726619,0.018604651162790697,	0.02877697841726619,0.018604651162790697,
196,433,98,	0.24079320113314448,0.3953488372093023,
179,416,43,	0.22178988326848248,0.2651162790697674,	0.22178988326848248,0.2651162790697674,
118,316,98,	0.8066298342541437,0.6790697674418604,
101,338,43,	0.6101694915254238,0.5023255813953489,	0.6101694915254238,0.5023255813953489,
187,424,43,	0.09803921568627451,0.023255813953488372,	0.09803921568627451,0.023255813953488372,
98,335,43,	1.0,0.9906976744186047,
428,416,43,	0.2019704433497537,0.19069767441860466,	0.2019704433497537,0.19069767441860466,
428,428,98,	1.0,0.35348837209302325,	1.0,0.35348837209302325,
112,268,98,	0.047619047619047616,0.018604651162790697,	0.047619047619047616,0.018604651162790697,
98,280,98,	1.0,0.9906976744186047,
410,173,98,	0.06542056074766354,0.03255813953488372,	0.06542056074766354,0.03255813953488372,
7,244,43,	0.2065439672801636,0.4697674418604651,	0.2065439672801636,0.4697674418604651,
79,355,98,	0.8181818181818182,0.7534883720930232,
410,348,98,	0.03184713375796178,0.023255813953488372,	0.03184713375796178,0.023255813953488372,
416,179,98,	1.0,0.3767441860465116,	1.0,0.3767441860465116,
55,292,43,	0.03874448258950466,0.3674418604651163,	0.105,0.2930232558139535,
191,191,98,	1.0,0.35348837209302325,	1.0,0.35348837209302325,
55,292,98,	0.19230769230769232,0.4186046511627907,	0.18654434250764526,0.2837209302325581,
443,206,43,	0.20582120582120583,0.4604651162790698,	0.2215568862275449,0.17209302325581396,
80,317,43,	0.43795620437956206,0.27906976744186046,	0.43795620437956206,0.27906976744186046,
111,173,98,	0.027210884353741496,0.018604651162790697,	0.027210884353741496,0.018604651162790697,
375,244,98,	0.21851851851851853,0.2744186046511628,	0.21851851851851853,0.2744186046511628,
124,361,98,	0.25958702064896755,0.40930232558139534,
268,268,98,	0.08571428571428572,0.027906976744186046,	0.08571428571428572,0.027906976744186046,
428,191,98,	1.0,0.35348837209302325,	1.0,0.35348837209302325,
331,94,98,	1.0,0.004651162790697674,	1.0,0.004651162790697674,
223,112,98,	0.4444444444444444,0.018604651162790697,	0.4444444444444444,0.018604651162790697,
349,349,98,	0.03007518796992481,0.018604651162790697,	0.03007518796992481,0.018604651162790697,
80,317,98,	0.22525597269624573,0.30697674418604654,	0.22525597269624573,0.30697674418604654,
137,374,98,	0.744,0.4325581395348837,	0.744,0.4325581395348837,
191,416,98,	1.0,0.28837209302325584,	1.0,0.28837209302325584,
416,191,43,	0.2019704433497537,0.19069767441860466,	0.2019704433497537,0.19069767441860466,
179,428,98,	1.0,0.28837209302325584,	1.0,0.28837209302325584,
187,424,98,	0.09803921568627451,0.023255813953488372,	0.09803921568627451,0.023255813953488372,
349,31,98,	0.05084745762711865,0.013953488372093023,	0.05084745762711865,0.013953488372093023,
472,235,98,	0.4,0.009302325581395349,	1.0,0.004651162790697674,
31,349,98,	0.05263157894736842,0.018604651162790697,	0.05263157894736842,0.018604651162790697,
83,320,98,	0.017804154302670624,0.027906976744186046,
43,335,43,	0.2582781456953642,0.3627906976744186,
301,64,98,	0.16025641025641027,0.11627906976744186,	0.16025641025641027,0.11627906976744186,
416,191,98,	1.0,0.28837209302325584,	1.0,0.28837209302325584,
101,338,98,	0.6101694915254238,0.5023255813953489,	0.6101694915254238,0.5023255813953489,
379,142,43,	0.016702752861119705,0.25116279069767444,	0.011441647597254004,0.023255813953488372,
4,241,98,	0.25757575757575757,0.31627906976744186,	0.2585551330798479,0.31627906976744186,
232,469,98,	0.1590909090909091,0.39069767441860465,	0.23076923076923078,0.2651162790697674,
118,355,98,	0.8066298342541437,0.6790697674418604,
4,241,43,	0.25,0.3023255813953488,	0.5,0.3023255813953488,
59,296,43,	0.029018885306310457,0.2930232558139535,	0.029099307159353348,0.2930232558139535,
59,296,98,	0.14535901926444833,0.386046511627907,	0.14612676056338028,0.386046511627907,
301,64,43,	0.13297872340425532,0.11627906976744186,	0.13297872340425532,0.11627906976744186,
191,428,98,	1.0,0.35348837209302325,	1.0,0.35348837209302325,
331,416,43,	0.5,0.004651162790697674,	0.5,0.004651162790697674,
179,179,43,	0.22178988326848248,0.2651162790697674,	0.22178988326848248,0.2651162790697674,
351,114,43,	0.09174311926605505,0.046511627906976744,
31,268,98,	0.09333333333333334,0.03255813953488372,	0.09333333333333334,0.03255813953488372,
137,374,43,	0.744,0.4325581395348837,	0.744,0.4325581395348837,
331,191,43,	1.0,0.004651162790697674,	1.0,0.004651162790697674,
98,335,98,	1.0,1.0,	1.0,0.004651162790697674,
428,179,43,	0.2019704433497537,0.19069767441860466,	0.2019704433497537,0.19069767441860466,
201,438,43,	0.03864734299516908,0.037209302325581395,
428,416,98,	1.0,0.28837209302325584,	1.0,0.28837209302325584,
79,316,43,	0.817258883248731,0.7488372093023256,
191,179,43,	0.2019704433497537,0.19069767441860466,	0.2019704433497537,0.19069767441860466,
390,153,43,	0.10144927536231885,0.03255813953488372,
416,428,43,	0.2019704433497537,0.19069767441860466,	0.2019704433497537,0.19069767441860466,
268,112,98,	0.041666666666666664,0.013953488372093023,	0.041666666666666664,0.013953488372093023,
331,179,43,	0.5,0.004651162790697674,	0.5,0.004651162790697674,
223,349,98,	0.25,0.013953488372093023,	0.25,0.013953488372093023,
416,416,43,	0.22178988326848248,0.2651162790697674,	0.22178988326848248,0.2651162790697674,
111,235,43,	0.05263157894736842,0.009302325581395349,	0.05263157894736842,0.009302325581395349,
111,348,98,	0.025735294117647058,0.03255813953488372,	0.025735294117647058,0.03255813953488372,
179,191,98,	1.0,0.28837209302325584,	1.0,0.28837209302325584,
378,141,43,	0.18333333333333332,0.05116279069767442,	0.18333333333333332,0.05116279069767442,
191,416,43,	0.2019704433497537,0.19069767441860466,	0.2019704433497537,0.19069767441860466,
349,268,98,	0.038461538461538464,0.013953488372093023,	0.038461538461538464,0.013953488372093023,
79,355,43,	0.817258883248731,0.7488372093023256,
83,153,98,	0.034482758620689655,0.027906976744186046,
268,31,98,	0.1016949152542373,0.027906976744186046,	0.1016949152542373,0.027906976744186046,
223,460,43,	0.18848167539267016,0.33488372093023255,	0.19436619718309858,0.3209302325581395,
188,425,98,	0.21,0.2930232558139535,	0.5555555555555556,0.2558139534883721,
118,316,43,	0.8055555555555556,0.6744186046511628,
191,428,43,	0.2047244094488189,0.24186046511627907,	0.2047244094488189,0.24186046511627907,
232,469,43,	0.038394415357766144,0.30697674418604654,	0.1792452830188679,0.2651162790697674,
416,428,98,	1.0,0.28837209302325584,	1.0,0.28837209302325584,
390,153,98,	0.062111801242236024,0.046511627906976744,
207,444,43,	0.24572317262830481,0.7348837209302326,	0.24572317262830481,0.7348837209302326,
472,235,43,	0.05,0.004651162790697674,
112,349,98,	0.041666666666666664,0.027906976744186046,	0.041666666666666664,0.027906976744186046,
416,179,43,	0.22178988326848248,0.2651162790697674,	0.22178988326848248,0.2651162790697674,
98,280,43,	1.0,1.0,
304,67,98,	0.028169014084507043,0.018604651162790697,	0.030303030303030304,0.004651162790697674,
191,179,98,	1.0,0.28837209302325584,	1.0,0.28837209302325584,
179,416,98,	1.0,0.3767441860465116,	1.0,0.3767441860465116,
375,138,98,	0.07410124724871607,0.4697674418604651,	0.07410124724871607,0.4697674418604651,
31,31,98,	0.10714285714285714,0.027906976744186046,	0.10714285714285714,0.027906976744186046,
179,428,43,	0.2019704433497537,0.19069767441860466,	0.2019704433497537,0.19069767441860466,
7,138,43,	0.1857707509881423,0.4372093023255814,	0.1857707509881423,0.4372093023255814,
428,428,43,	0.2047244094488189,0.24186046511627907,	0.2047244094488189,0.24186046511627907,
428,179,98,	1.0,0.28837209302325584,	1.0,0.28837209302325584,
7,138,98,	0.3670886075949367,0.4046511627906977,	0.3670886075949367,0.4046511627906977,
223,268,98,	0.3333333333333333,0.009302325581395349,	0.3333333333333333,0.009302325581395349,
375,138,43,	0.012131715771230503,0.13023255813953488,	0.012131715771230503,0.13023255813953488,
379,142,98,	0.0992,0.28837209302325584,	0.16666666666666666,0.06511627906976744,
207,444,98,	0.3050847457627119,0.7534883720930232,	0.3050847457627119,0.7534883720930232,
349,112,98,	0.03731343283582089,0.023255813953488372,	0.03731343283582089,0.023255813953488372,
43,280,98,	0.2582781456953642,0.3627906976744186,
223,460,98,	0.42934782608695654,0.3674418604651163,	0.4262295081967213,0.3627906976744186,
118,355,43,	0.8055555555555556,0.6744186046511628,
428,191,43,	0.2047244094488189,0.24186046511627907,	0.2047244094488189,0.24186046511627907,
191,191,43,	0.2047244094488189,0.24186046511627907,	0.2047244094488189,0.24186046511627907,
390,320,98,	0.024691358024691357,0.018604651162790697,
7,244,98,	0.3698630136986301,0.627906976744186,	0.3698630136986301,0.627906976744186,
188,425,43,	0.5495495495495496,0.2837209302325581,	0.5777777777777777,0.24186046511627907,
416,416,98,	1.0,0.3767441860465116,	1.0,0.3767441860465116,
