401,	0.021897810218978103,0.028037383177570093,	0.01694915254237288,0.018691588785046728,
401,239,	0.011904761904761904,0.009345794392523364,	0.011904761904761904,0.009345794392523364,
228,306,	0.4,0.037383177570093455,	0.4,0.037383177570093455,
228,2,	0.07692307692307693,0.04672897196261682,	0.07692307692307693,0.04672897196261682,
228,239,	0.15789473684210525,0.056074766355140186,	0.15789473684210525,0.056074766355140186,
228,69,	0.4,0.037383177570093455,	0.4,0.037383177570093455,
228,111,348,	0.08333333333333333,0.11214953271028037,	0.11940298507462686,0.07476635514018691,
228,31,112,	0.0410958904109589,0.028037383177570093,	0.0410958904109589,0.028037383177570093,
228,111,309,	0.05128205128205128,0.056074766355140186,	0.1,0.04672897196261682,
228,460,223,	0.048,0.7289719626168224,	0.04809619238476954,0.6728971962616822,
228,7,244,	0.2,0.009345794392523364,	0.2,0.009345794392523364,
228,183,420,	0.0277878022374594,0.719626168224299,	0.024571854058078928,0.616822429906542,
228,60,255,	0.014792899408284023,0.04672897196261682,	0.012269938650306749,0.037383177570093455,
228,72,348,	0.05,0.056074766355140186,	0.09259259259259259,0.04672897196261682,
228,304,67,	0.020560747663551402,0.102803738317757,
228,239,239,	0.04504504504504504,0.04672897196261682,	0.04504504504504504,0.04672897196261682,
228,410,348,	0.10126582278481013,0.07476635514018691,	0.14634146341463414,0.056074766355140186,
228,130,367,	0.22304832713754646,0.5607476635514018,	0.20948616600790515,0.4953271028037383,
228,111,173,	0.11428571428571428,0.07476635514018691,	0.11428571428571428,0.07476635514018691,
228,249,12,	0.25,0.07476635514018691,	0.25,0.07476635514018691,
228,183,297,	0.013880855986119144,0.22429906542056074,	0.010303030303030303,0.1588785046728972,
228,326,89,	0.17307692307692307,0.16822429906542055,	0.1875,0.14018691588785046,
228,349,31,	0.057971014492753624,0.037383177570093455,	0.057971014492753624,0.037383177570093455,
228,175,412,	0.02565856996236743,0.7009345794392523,	0.019428152492668622,0.4953271028037383,
228,18,255,	0.07192575406032482,0.2897196261682243,	0.05185185185185185,0.19626168224299065,
228,121,358,	0.15566037735849056,0.616822429906542,	0.13230769230769232,0.40186915887850466,
228,249,249,	0.20689655172413793,0.056074766355140186,	0.20689655172413793,0.056074766355140186,
228,60,297,	0.03917525773195876,0.35514018691588783,	0.02691065662002153,0.2336448598130841,
228,328,91,	0.018018018018018018,0.5794392523364486,
228,372,135,	0.025210084033613446,0.08411214953271028,	0.025210084033613446,0.08411214953271028,
228,31,31,	0.10526315789473684,0.056074766355140186,	0.10526315789473684,0.056074766355140186,
228,458,221,	0.02,0.018691588785046728,
228,141,378,	0.25925925925925924,0.2616822429906542,	0.25925925925925924,0.2616822429906542,
228,410,173,	0.16666666666666666,0.08411214953271028,	0.21428571428571427,0.056074766355140186,
228,337,100,	0.18446601941747573,0.17757009345794392,	0.2727272727272727,0.056074766355140186,
228,268,349,	0.04285714285714286,0.028037383177570093,	0.04285714285714286,0.028037383177570093,
228,201,438,	0.09722222222222222,0.06542056074766354,
228,18,420,	0.01002004008016032,0.14018691588785046,
228,323,86,	0.025686977299880526,0.40186915887850466,	0.020618556701030927,0.16822429906542055,
228,263,26,	0.11320754716981132,0.056074766355140186,
228,31,349,	0.04918032786885246,0.028037383177570093,	0.04918032786885246,0.028037383177570093,
228,406,169,	0.07547169811320754,0.037383177570093455,
228,247,10,	0.2631578947368421,0.04672897196261682,	0.3,0.028037383177570093,
228,349,112,	0.05806451612903226,0.08411214953271028,	0.05806451612903226,0.08411214953271028,
228,2,239,	0.051470588235294115,0.19626168224299065,	0.051470588235294115,0.19626168224299065,
228,410,309,	0.10909090909090909,0.056074766355140186,	0.2,0.04672897196261682,
228,384,147,	1.0,0.018691588785046728,	1.0,0.009345794392523364,
228,349,349,	0.057971014492753624,0.07476635514018691,	0.057971014492753624,0.07476635514018691,
228,349,268,	0.046875,0.028037383177570093,	0.046875,0.028037383177570093,
228,455,218,	0.048582995951417005,0.22429906542056074,	0.043478260869565216,0.1588785046728972,
228,107,344,	0.2857142857142857,0.018691588785046728,	0.2857142857142857,0.018691588785046728,
228,187,424,	0.10752688172043011,0.09345794392523364,	0.10752688172043011,0.09345794392523364,
228,60,420,	0.0196078431372549,0.22429906542056074,	0.014166666666666666,0.1588785046728972,
228,268,268,	0.10526315789473684,0.056074766355140186,	0.10526315789473684,0.056074766355140186,
228,289,52,	0.4444444444444444,0.037383177570093455,	0.4444444444444444,0.037383177570093455,
228,181,418,	0.1506849315068493,0.102803738317757,	0.11428571428571428,0.07476635514018691,
228,183,255,	0.01935483870967742,0.11214953271028037,	0.016891891891891893,0.09345794392523364,
228,12,12,	0.10526315789473684,0.056074766355140186,	0.10526315789473684,0.056074766355140186,
228,72,173,	0.13043478260869565,0.056074766355140186,	0.13043478260869565,0.056074766355140186,
228,268,31,	0.11594202898550725,0.07476635514018691,	0.11594202898550725,0.07476635514018691,
228,112,349,	0.10810810810810811,0.07476635514018691,	0.10810810810810811,0.07476635514018691,
228,112,31,	0.125,0.028037383177570093,	0.125,0.028037383177570093,
228,421,184,	0.16774193548387098,0.24299065420560748,	0.21100917431192662,0.21495327102803738,
228,31,268,	0.12244897959183673,0.056074766355140186,	0.12244897959183673,0.056074766355140186,
228,23,260,	0.5,0.009345794392523364,
228,2,2,	0.01646090534979424,0.037383177570093455,	0.01646090534979424,0.037383177570093455,
228,51,288,	0.5333333333333333,0.29906542056074764,
228,134,371,	0.7272727272727273,0.07476635514018691,	0.5714285714285714,0.037383177570093455,
228,12,249,	0.13114754098360656,0.07476635514018691,	0.13114754098360656,0.07476635514018691,
228,72,309,	0.048223350253807105,0.17757009345794392,	0.08333333333333333,0.102803738317757,
228,443,206,	0.125,0.009345794392523364,	0.125,0.009345794392523364,
228,112,112,	0.1038961038961039,0.07476635514018691,	0.1038961038961039,0.07476635514018691,
228,268,112,	0.047619047619047616,0.037383177570093455,	0.047619047619047616,0.037383177570093455,
228,112,268,	0.15789473684210525,0.028037383177570093,	0.15789473684210525,0.028037383177570093,
228,239,2,	0.07391304347826087,0.1588785046728972,	0.07391304347826087,0.1588785046728972,
228,390,153,	0.030592734225621414,0.29906542056074764,	0.04810126582278481,0.17757009345794392,
228,390,320,	0.013370865587614356,0.17757009345794392,
228,344,107,	0.25,0.028037383177570093,	0.25,0.028037383177570093,
228,465,228,	0.36769759450171824,1.0,	0.3588850174216028,0.9626168224299065,
228,460,378,	0.04395604395604396,0.037383177570093455,	0.047619047619047616,0.037383177570093455,
228,164,401,	0.6388888888888888,0.21495327102803738,	0.6060606060606061,0.18691588785046728,
