28,	0.8092715231788079,0.8103448275862069,	0.8132530120481928,0.823170731707317,
281,	0.5222857142857142,0.8081343943412909,	0.6034755134281201,0.7748478701825557,
8,28,	0.8166666666666667,0.04332449160035367,	0.7777777777777778,0.042682926829268296,
8,122,	0.8032786885245902,0.04332449160035367,	0.7777777777777778,0.04259634888438134,
8,281,	0.7903225806451613,0.04332449160035367,	0.7777777777777778,0.04259634888438134,
28,33,	0.7568587105624143,0.9756852343059239,
28,270,	0.7555631633002396,0.9756852343059239,
245,28,	0.8055555555555556,0.19230769230769232,	0.8137254901960784,0.1690427698574338,
245,281,	0.803088803088803,0.1839080459770115,	0.8,0.17073170731707318,
281,33,	0.49716745977792887,0.9699381078691424,
122,270,	0.7545423380185121,0.9730327144120248,
281,270,	0.48535286284953394,0.96684350132626,
245,122,	0.8,0.1768346595932803,	0.8118811881188119,0.16666666666666666,
122,33,	0.7550600343053173,0.9730327144120248,
188,425,28,	0.025839793281653745,0.004420866489832007,	0.022222222222222223,0.004073319755600814,
363,126,281,	0.7509225092250923,0.3598585322723254,	0.9523809523809523,0.04056795131845842,
381,126,28,	0.7488584474885844,0.3625110521662246,	0.9166666666666666,0.044715447154471545,
281,206,122,	1.0,0.0017683465959328027,	1.0,0.002028397565922921,
202,439,28,	0.6259259259259259,0.3735632183908046,	0.793233082706767,0.42886178861788615,
7,49,122,	0.03474903474903475,0.007957559681697613,	0.05504587155963303,0.012170385395537525,
28,265,28,	0.21886281588447654,0.4288240495137047,
28,265,122,	0.26497695852534564,0.610079575596817,
122,359,28,	0.26666666666666666,0.5269672855879752,	1.0,1.0,
7,244,122,	0.13333333333333333,0.007957559681697613,	0.09302325581395349,0.008113590263691683,
3,240,28,	0.357429718875502,0.27541998231653403,	0.5,0.11382113821138211,
381,126,122,	0.7525206232813932,0.3629531388152078,	0.9166666666666666,0.04462474645030426,
443,44,122,	0.18888888888888888,0.007515473032714412,	0.2,0.008113590263691683,
389,152,28,	0.014367816091954023,0.004420866489832007,	0.039473684210526314,0.006109979633401222,
28,359,28,	0.29000448229493503,0.5720601237842617,
281,44,281,	0.1473972602739726,0.47568523430592397,
3,240,281,	0.02370981647986205,0.17020335985853227,	0.03446153846153846,0.11359026369168357,
381,144,28,	0.7479452054794521,0.3620689655172414,	0.9166666666666666,0.044715447154471545,
80,317,122,	0.05732484076433121,0.003978779840848806,	0.044444444444444446,0.0040650406504065045,
363,126,122,	0.7477064220183486,0.3603006189213086,	0.9545454545454546,0.04259634888438134,
389,152,281,	0.014367816091954023,0.004420866489832007,	0.039473684210526314,0.006097560975609756,
207,444,122,	0.5,0.001326259946949602,	0.5,0.002028397565922921,
122,265,28,	0.20261143628995948,0.3978779840848806,	1.0,1.0,
281,44,122,	0.2549509709671217,0.5862068965517241,	0.40445859872611467,0.7728194726166329,
375,138,122,	0.5,0.0017683465959328027,	0.5,0.0020325203252032522,
80,317,28,	0.05732484076433121,0.003978779840848806,	0.044444444444444446,0.004073319755600814,
28,44,122,	0.2709615384615385,0.6229000884173298,	0.40763052208835343,0.8235294117647058,
3,240,122,	0.3145445395067942,0.27630415561450045,	0.5,0.11359026369168357,
4,241,28,	0.021153846153846155,0.004862953138815208,	0.023076923076923078,0.006109979633401222,
266,29,28,	0.7382075471698113,0.13837312113174183,	0.6153846153846154,0.016260162601626018,
28,359,122,	0.21159754224270352,0.48717948717948717,
363,126,28,	0.7447392497712717,0.3598585322723254,	0.9545454545454546,0.042682926829268296,
389,152,122,	0.014367816091954023,0.004420866489832007,	0.039473684210526314,0.006097560975609756,
4,241,122,	0.021153846153846155,0.004862953138815208,	0.023076923076923078,0.006097560975609756,
286,49,281,	0.21625,0.22944297082228116,	0.201980198019802,0.20689655172413793,
281,359,122,	0.2032319391634981,0.47259062776304156,
122,44,122,	0.2612872238232469,0.601237842617153,	0.5,0.9979716024340771,
202,439,122,	0.5222222222222223,0.3740053050397878,	0.793233082706767,0.4279918864097363,
28,265,281,	0.3279569892473118,0.6472148541114059,
443,206,122,	0.041990668740279936,0.011936339522546418,	0.075,0.012170385395537525,
375,138,28,	0.5,0.001326259946949602,
286,244,122,	0.7916666666666666,0.008399646330680813,	0.8333333333333334,0.010141987829614604,
122,265,122,	0.2529242569511026,0.5831122900088417,
266,29,122,	0.7904040404040404,0.13837312113174183,	0.6153846153846154,0.016227180527383367,
443,206,28,	0.03755868544600939,0.010610079575596816,	0.075,0.012195121951219513,
122,359,122,	0.19980824544582934,0.46065428824049515,
281,44,28,	0.26964526268522676,0.530946065428824,	0.8089171974522293,0.774390243902439,
363,144,122,	0.7467889908256881,0.3598585322723254,	0.9545454545454546,0.04259634888438134,
286,49,28,	0.71,0.21971706454465076,	0.6688741721854304,0.20528455284552846,
188,425,122,	0.0291005291005291,0.004862953138815208,	0.030303030303030304,0.006097560975609756,
7,244,28,	0.09558823529411764,0.005747126436781609,	0.09302325581395349,0.008130081300813009,
286,49,122,	0.8850072780203785,0.268788682581786,	0.8661971830985915,0.24949290060851928,
381,144,281,	0.3917821309125657,0.3625110521662246,	0.20754716981132076,0.04462474645030426,
281,265,122,	0.24486692015209124,0.5694076038903625,
363,144,28,	0.7438243366880146,0.3594164456233422,	0.9545454545454546,0.042682926829268296,
381,144,122,	0.7518315018315018,0.3629531388152078,	0.9166666666666666,0.04462474645030426,
122,359,281,	0.29686800894854587,0.5866489832007074,	0.5010162601626016,1.0,
