158,	0.041666666666666664,0.05063291139240506,	0.041884816753926704,0.05063291139240506,
40,	0.019801980198019802,0.012658227848101266,	0.019801980198019802,0.012658227848101266,
173,	0.011029411764705883,0.2088607594936709,	0.011040481766477083,0.2088607594936709,
213,	0.0335195530726257,0.0379746835443038,	0.03409090909090909,0.0379746835443038,
376,	0.017699115044247787,0.012658227848101266,
348,	0.010036641707822208,0.3987341772151899,
396,14,	0.05555555555555555,0.0189873417721519,	0.05555555555555555,0.0189873417721519,
110,14,	0.47368421052631576,0.056962025316455694,	0.47368421052631576,0.056962025316455694,
116,14,	0.20253164556962025,0.10126582278481013,	0.20253164556962025,0.10126582278481013,
353,14,	0.19753086419753085,0.10126582278481013,	0.19753086419753085,0.10126582278481013,
347,14,	0.47619047619047616,0.06329113924050633,	0.47619047619047616,0.06329113924050633,
159,14,	0.05660377358490566,0.0189873417721519,	0.05660377358490566,0.0189873417721519,
452,111,14,	0.21515151515151515,0.44936708860759494,	0.21621621621621623,0.35443037974683544,
452,373,14,	0.27205882352941174,0.23417721518987342,	0.29069767441860467,0.15822784810126583,
173,407,14,	0.0918918918918919,0.10759493670886076,	0.12903225806451613,0.0759493670886076,
173,251,14,	0.6875,0.2088607594936709,
173,247,14,	0.17412935323383086,0.22151898734177214,	0.18699186991869918,0.14556962025316456,
309,407,14,	0.30434782608695654,0.04430379746835443,	0.3333333333333333,0.02531645569620253,
173,111,14,	0.10779082177161152,0.6392405063291139,	0.10790598290598291,0.6392405063291139,
170,111,14,	0.10476190476190476,0.27848101265822783,	0.10526315789473684,0.27848101265822783,
111,410,14,	0.5,0.006329113924050633,
10,111,14,	0.17989417989417988,0.43037974683544306,	0.18037135278514588,0.43037974683544306,
10,247,14,	0.1894934333958724,0.6392405063291139,	0.18098159509202455,0.37341772151898733,
14,251,173,	0.06048387096774194,0.6645569620253164,
173,31,14,	1.0,0.006329113924050633,	1.0,0.006329113924050633,
147,384,14,	0.07989690721649484,0.1962025316455696,	0.20408163265306123,0.06329113924050633,
348,348,14,	0.3333333333333333,0.0189873417721519,
309,251,14,	1.0,0.012658227848101266,
14,410,14,	0.9905660377358491,0.6645569620253164,
185,422,14,	0.018796992481203006,0.06329113924050633,
82,319,14,	0.013389121338912133,0.10126582278481013,	0.012254901960784314,0.03164556962025317,
111,348,14,	1.0,0.012658227848101266,
166,403,14,	0.32432432432432434,0.22784810126582278,	0.3023255813953488,0.16455696202531644,
348,31,14,	0.5,0.006329113924050633,	0.5,0.006329113924050633,
348,215,14,	0.22878228782287824,0.3924050632911392,	0.2170212765957447,0.3227848101265823,
211,448,14,	0.18092105263157895,0.34810126582278483,	0.5,0.02531645569620253,
309,373,14,	0.23958333333333334,0.14556962025316456,	0.23214285714285715,0.08227848101265822,
173,72,14,	0.07561235356762513,0.44936708860759494,	0.07569296375266525,0.44936708860759494,
396,159,14,	0.3088235294117647,0.13291139240506328,	0.3088235294117647,0.13291139240506328,
170,407,14,	0.1038135593220339,0.620253164556962,	0.09669211195928754,0.24050632911392406,
83,320,14,	0.020618556701030927,0.012658227848101266,
10,384,14,	0.09554140127388536,0.0949367088607595,	0.12121212121212122,0.02531645569620253,
309,410,14,	0.09322033898305085,0.4873417721518987,	0.0957004160887656,0.43670886075949367,
10,410,14,	0.225,0.22784810126582278,	0.225,0.17088607594936708,
10,72,14,	0.11392405063291139,0.17088607594936708,	0.11392405063291139,0.17088607594936708,
159,396,14,	0.30303030303030304,0.12658227848101267,	0.30303030303030304,0.12658227848101267,
348,373,14,	0.22815533980582525,0.2974683544303797,	0.25196850393700787,0.20253164556962025,
75,312,14,	0.017657445556209534,0.569620253164557,	0.025362318840579712,0.04430379746835443,
75,320,14,	0.019801980198019802,0.012658227848101266,
327,90,14,	0.010791087648474498,0.879746835443038,	0.021321961620469083,0.06329113924050633,
123,360,14,	0.036511156186612576,0.11392405063291139,
10,373,14,	0.2159090909090909,0.12025316455696203,	0.15,0.056962025316455694,
452,247,14,	0.20689655172413793,0.34177215189873417,	0.19289340101522842,0.24050632911392406,
14,111,14,	0.863905325443787,0.9240506329113924,	0.863905325443787,0.9240506329113924,
452,410,14,	0.35135135135135137,0.3291139240506329,	0.3448275862068966,0.25316455696202533,
309,111,14,	0.06697459584295612,0.7341772151898734,	0.06878306878306878,0.6582278481012658,
213,450,14,	0.19607843137254902,0.189873417721519,
353,116,14,	0.31868131868131866,0.18354430379746836,	0.32222222222222224,0.18354430379746836,
10,215,14,	0.19248826291079812,0.25949367088607594,	0.19248826291079812,0.25949367088607594,
136,111,14,	0.2196078431372549,0.35443037974683544,	0.2196078431372549,0.35443037974683544,
348,72,14,	0.05873261205564142,0.7215189873417721,	0.05537459283387622,0.6455696202531646,
1,238,14,	0.06896551724137931,0.06329113924050633,
136,72,14,	0.1414141414141414,0.17721518987341772,	0.14213197969543148,0.17721518987341772,
278,41,14,	0.11085450346420324,0.3037974683544304,	0.14814814814814814,0.02531645569620253,
309,247,14,	0.12571428571428572,0.13924050632911392,	0.11290322580645161,0.08860759493670886,
116,353,14,	0.32,0.20253164556962025,	0.32323232323232326,0.20253164556962025,
309,215,14,	0.18110236220472442,0.14556962025316456,	0.1724137931034483,0.12658227848101267,
158,395,14,	0.13307984790874525,0.22151898734177214,
173,268,14,	1.0,0.006329113924050633,	1.0,0.006329113924050633,
173,215,14,	0.21951219512195122,0.22784810126582278,	0.21951219512195122,0.22784810126582278,
235,472,14,	0.01971830985915493,0.3987341772151899,	0.01742627345844504,0.3291139240506329,
136,373,14,	0.2535211267605634,0.45569620253164556,	0.30177514792899407,0.3227848101265823,
14,72,14,	1.0,0.12025316455696203,	1.0,0.12025316455696203,
14,251,14,	0.9028571428571428,1.0,	1.0,0.006329113924050633,
216,453,14,	0.013831258644536652,0.12658227848101267,
348,410,14,	0.11077844311377245,0.7025316455696202,	0.13311148086522462,0.5063291139240507,
170,72,14,	0.1836734693877551,0.056962025316455694,	0.1836734693877551,0.056962025316455694,
31,31,14,	0.5,0.006329113924050633,	1.0,0.006329113924050633,
201,438,14,	0.013480392156862746,0.06962025316455696,
85,322,14,	0.01564537157757497,0.0759493670886076,
348,111,14,	0.07097791798107256,0.8544303797468354,	0.09627831715210355,0.7531645569620253,
147,247,14,	0.02875399361022364,0.056962025316455694,	0.019736842105263157,0.0189873417721519,
309,72,14,	0.035248340581368734,0.9746835443037974,	0.03756476683937824,0.9177215189873418,
170,410,14,	0.12650602409638553,0.13291139240506328,	0.12941176470588237,0.06962025316455696,
111,111,14,	0.16666666666666666,0.006329113924050633,	0.2,0.006329113924050633,
371,134,14,	0.061170212765957445,0.2911392405063291,	0.061170212765957445,0.2911392405063291,
348,247,14,	0.16030534351145037,0.3987341772151899,	0.16,0.25316455696202533,
353,353,14,	0.29473684210526313,0.17721518987341772,	0.2978723404255319,0.17721518987341772,
268,31,14,	1.0,0.006329113924050633,	1.0,0.006329113924050633,
348,251,14,	0.5163934426229508,0.3987341772151899,
452,72,14,	0.17777777777777778,0.25316455696202533,	0.17857142857142858,0.22151898734177214,
268,268,14,	1.0,0.006329113924050633,	1.0,0.006329113924050633,
348,407,14,	0.09879518072289156,0.25949367088607594,	0.10576923076923077,0.13924050632911392,
136,247,14,	0.25,0.15822784810126583,	0.24074074074074073,0.08227848101265822,
136,215,14,	0.2781954887218045,0.23417721518987342,	0.2781954887218045,0.23417721518987342,
116,116,14,	0.30434782608695654,0.17721518987341772,	0.3076923076923077,0.17721518987341772,
376,139,14,	0.15966386554621848,0.12025316455696203,
348,268,14,	0.5,0.006329113924050633,	0.5,0.006329113924050633,
452,215,14,	0.2953216374269006,0.6392405063291139,	0.2689655172413793,0.4936708860759494,
136,410,14,	0.2645161290322581,0.25949367088607594,	0.25925925925925924,0.17721518987341772,
88,325,14,	0.020242914979757085,0.569620253164557,	0.02857142857142857,0.006329113924050633,
173,348,14,	0.3333333333333333,0.006329113924050633,
31,268,14,	0.5,0.006329113924050633,	1.0,0.006329113924050633,
173,410,14,	0.19397363465160075,0.6518987341772152,	0.2132564841498559,0.46835443037974683,
14,251,348,	0.03802083333333333,0.9240506329113924,
173,373,14,	0.2097902097902098,0.189873417721519,	0.22077922077922077,0.10759493670886076,
225,462,14,	0.0782122905027933,0.17721518987341772,
