299,	0.39104477611940297,0.5822222222222222,	0.41338582677165353,0.580110497237569,
138,20,	0.022058823529411766,0.013333333333333334,	0.024390243902439025,0.014084507042253521,
262,20,	0.10377358490566038,0.04888888888888889,	0.12359550561797752,0.051643192488262914,
408,20,	0.6,0.04,	0.6,0.04225352112676056,
25,299,	0.0875,0.09333333333333334,	0.09375,0.09944751381215469,
467,20,	0.125,0.0044444444444444444,	0.125,0.004694835680751174,
357,20,	0.6,0.013333333333333334,	0.6,0.014084507042253521,
138,4,	0.09375,0.013333333333333334,	0.09375,0.014150943396226415,
399,20,	0.04878048780487805,0.008888888888888889,	0.05714285714285714,0.009389671361502348,
81,20,	1.0,0.017777777777777778,	1.0,0.009389671361502348,
408,299,	0.46153846153846156,0.02666666666666667,	0.5714285714285714,0.022099447513812154,
81,299,	0.14285714285714285,0.0044444444444444444,	0.16666666666666666,0.0055248618784530384,
468,299,	1.0,0.0044444444444444444,	1.0,0.0055248618784530384,
461,20,	0.05277777777777778,0.08444444444444445,	0.058823529411764705,0.0892018779342723,
422,154,	0.13,0.057777777777777775,	0.16666666666666666,0.0055248618784530384,
94,299,	0.11960542540073983,0.4311111111111111,	0.12234910277324633,0.4143646408839779,
25,20,	0.10852713178294573,0.06222222222222222,	0.12612612612612611,0.06572769953051644,
171,299,	0.010406811731315043,0.04888888888888889,
224,299,	0.031395348837209305,0.12,	0.033707865168539325,0.11602209944751381,
399,299,	0.05172413793103448,0.013333333333333334,	0.046511627906976744,0.011049723756906077,
279,346,	0.01981981981981982,0.04888888888888889,	0.045454545454545456,0.011049723756906077,
162,20,	0.014150943396226415,0.013333333333333334,	0.016042780748663103,0.014084507042253521,
387,38,	0.2191780821917808,0.14222222222222222,	0.22627737226277372,0.14553990610328638,
420,38,	0.02097902097902098,0.05333333333333334,	0.03151862464183381,0.051643192488262914,
295,154,	0.026450116009280742,0.25333333333333335,	0.07784431137724551,0.0718232044198895,
322,154,	0.06557377049180328,0.017777777777777778,	0.25,0.0055248618784530384,
109,154,	0.020602218700475437,0.057777777777777775,	0.0291005291005291,0.06077348066298342,
224,20,	0.05333333333333334,0.08888888888888889,	0.05934718100890208,0.09389671361502347,
279,154,	0.07506053268765134,0.13777777777777778,	0.09523809523809523,0.022099447513812154,
94,20,	0.21739130434782608,0.35555555555555557,	0.23939393939393938,0.37089201877934275,
461,299,	0.02857142857142857,0.11555555555555555,	0.03206106870229008,0.11602209944751381,
171,20,	0.0345821325648415,0.05333333333333334,	0.03773584905660377,0.056338028169014086,
120,20,	0.06060606060606061,0.02666666666666667,	0.06060606060606061,0.028169014084507043,
262,299,	0.07723577235772358,0.08444444444444445,	0.09090909090909091,0.09392265193370165,
331,20,	0.22432432432432434,0.3688888888888889,	0.24550898203592814,0.38497652582159625,
472,154,	0.02280130293159609,0.06222222222222222,
331,299,	0.1162514827995255,0.43555555555555553,	0.11708860759493671,0.4088397790055249,
138,299,	0.013100436681222707,0.013333333333333334,	0.011363636363636364,0.011049723756906077,
318,20,	0.037037037037037035,0.017777777777777778,	0.02040816326530612,0.009389671361502348,
467,299,	0.14285714285714285,0.008888888888888889,	0.2,0.011049723756906077,
255,18,20,	1.0,0.013333333333333334,	1.0,0.014084507042253521,
32,271,299,	0.01640566741237882,0.5866666666666667,
1,238,20,	0.047619047619047616,0.0044444444444444444,
34,269,20,	0.0228125,0.6488888888888888,
129,220,20,	0.03351519875292284,0.5733333333333334,	0.03684210526315789,0.5915492957746479,
467,94,20,	0.3,0.013333333333333334,	0.3333333333333333,0.014084507042253521,
399,150,20,	1.0,0.0044444444444444444,	1.0,0.004694835680751174,
165,366,20,	0.02649337665583604,0.4711111111111111,	0.02883775123798427,0.4647887323943662,
420,150,20,	0.03415559772296015,0.08,	0.0423728813559322,0.07042253521126761,
331,138,20,	0.06046511627906977,0.057777777777777775,	0.0625,0.06103286384976526,
297,150,20,	0.016901408450704224,0.02666666666666667,	0.02030456852791878,0.018779342723004695,
162,399,20,	0.025830258302583026,0.6222222222222222,	0.029542425588627276,0.6244131455399061,
131,368,20,	0.015214384508990318,0.24444444444444444,	0.03731343283582089,0.046948356807511735,
138,331,20,	0.025974025974025976,0.017777777777777778,	0.028985507246376812,0.018779342723004695,
457,220,20,	0.027937236892460773,0.6488888888888888,	0.030169566174851354,0.6431924882629108,
34,271,20,	0.026071428571428572,0.6488888888888888,
387,183,20,	0.23529411764705882,0.07111111111111111,	0.20634920634920634,0.06103286384976526,
299,430,193,	0.0334938704028021,0.68,	0.050614250614250615,0.4835680751173709,
151,388,20,	0.042670157068062826,0.7244444444444444,	0.07366071428571429,0.4647887323943662,
472,235,20,	0.2597402597402597,0.08888888888888889,
20,257,20,	0.16531961792799413,1.0,	0.2040169133192389,0.9061032863849765,
276,39,299,	0.041018998272884286,0.4222222222222222,	0.040156162855549356,0.39779005524861877,
171,408,20,	0.05221932114882506,0.08888888888888889,	0.05221932114882506,0.09389671361502347,
199,436,20,	0.02564102564102564,0.6044444444444445,
299,391,154,	0.015036378334680679,0.41333333333333333,	0.07457898957497995,0.5138121546961326,
129,366,299,	0.016819729646063358,0.7244444444444444,	0.018101423241674727,0.7237569060773481,
295,235,20,	0.07224334600760456,0.08444444444444445,
387,150,20,	0.4,0.4088888888888889,	0.41116751269035534,0.38028169014084506,
20,391,154,	0.018651362984218076,0.52,	0.10904872389791183,0.7790055248618785,
446,209,20,	0.05892399658411614,0.30666666666666664,	0.06572164948453608,0.23943661971830985,
399,94,20,	0.08163265306122448,0.017777777777777778,	0.09302325581395349,0.018779342723004695,
94,162,20,	0.02158273381294964,0.013333333333333334,	0.023255813953488372,0.014084507042253521,
387,375,20,	1.0,0.0044444444444444444,	1.0,0.004694835680751174,
138,150,20,	1.0,0.0044444444444444444,	1.0,0.004694835680751174,
17,254,299,	0.0162748643761302,0.48,
187,424,20,	0.022073852023436435,0.72,	0.02538576406172225,0.7183098591549296,
78,315,20,	0.2900763358778626,0.1688888888888889,	0.27906976744186046,0.16901408450704225,
94,331,20,	0.1519756838905775,0.6666666666666666,	0.16628175519630484,0.676056338028169,
138,162,20,	0.5507246376811594,0.1688888888888889,	0.546875,0.1643192488262911,
399,375,20,	0.35185185185185186,0.1688888888888889,	0.3465346534653465,0.1643192488262911,
32,269,20,	0.022818791946308724,0.6044444444444445,
17,254,20,	0.026143790849673203,0.49777777777777776,
299,62,299,	0.03522039757994814,0.7244444444444444,	0.041127694859038146,0.6850828729281768,
94,399,20,	0.045454545454545456,0.008888888888888889,	0.045454545454545456,0.009389671361502348,
138,375,20,	0.2329059829059829,0.48444444444444446,	0.2288329519450801,0.4694835680751174,
224,461,20,	0.046182846371347785,0.21777777777777776,	0.05172413793103448,0.2112676056338028,
467,375,20,	0.9142857142857143,0.28444444444444444,	0.9230769230769231,0.28169014084507044,
94,230,20,	0.010526315789473684,0.0044444444444444444,	0.010752688172043012,0.004694835680751174,
387,111,154,	0.06041666666666667,0.1288888888888889,	0.06906077348066299,0.13812154696132597,
165,220,20,	0.029968997588701342,0.38666666666666666,	0.031777167516673206,0.38028169014084506,
165,402,299,	0.015882440255306517,0.47555555555555556,	0.017842493847415916,0.48066298342541436,
387,72,154,	0.052083333333333336,0.13333333333333333,	0.05895691609977324,0.143646408839779,
317,80,20,	0.08634538152610442,0.19111111111111112,	0.09090909090909091,0.18309859154929578,
94,331,299,	0.06046931407942238,0.5955555555555555,	0.06173558532323821,0.585635359116022,
420,60,20,	0.26666666666666666,0.017777777777777778,	0.3076923076923077,0.018779342723004695,
187,424,299,	0.014997170345217883,0.7066666666666667,	0.01594998086002297,0.6906077348066298,
399,162,20,	1.0,0.18666666666666668,	1.0,0.18309859154929578,
457,220,299,	0.016244010751431576,0.6177777777777778,	0.018252301728315296,0.6243093922651933,
331,399,20,	0.06521739130434782,0.013333333333333334,	0.06521739130434782,0.014084507042253521,
134,371,20,	0.42857142857142855,0.013333333333333334,
299,62,20,	0.07592093441150045,0.7511111111111111,	0.08620689655172414,0.6572769953051644,
120,357,20,	0.2857142857142857,0.035555555555555556,	0.2857142857142857,0.03755868544600939,
165,402,20,	0.02624794937895477,0.49777777777777776,	0.02877697841726619,0.48826291079812206,
138,94,20,	0.04697986577181208,0.03111111111111111,	0.05263157894736842,0.03286384976525822,
295,348,154,	0.12903225806451613,0.017777777777777778,
162,399,299,	0.01724803707040803,0.5955555555555555,	0.017970049916805324,0.5966850828729282,
162,138,20,	0.1,0.035555555555555556,	0.1,0.03755868544600939,
331,375,20,	0.043478260869565216,0.035555555555555556,	0.046511627906976744,0.03755868544600939,
57,294,299,	0.017110891740704178,0.6933333333333334,
387,162,20,	1.0,0.0044444444444444444,	1.0,0.004694835680751174,
299,257,20,	0.10889042039972432,0.7022222222222222,	0.1382636655948553,0.6056338028169014,
457,366,20,	0.02854077253218884,0.5911111111111111,	0.03221746790838158,0.6009389671361502,
420,183,20,	0.25,0.2311111111111111,	0.2823529411764706,0.22535211267605634,
49,286,20,	0.9634146341463414,0.3511111111111111,	0.958904109589041,0.3286384976525822,
276,39,20,	0.07568807339449542,0.44,	0.07851239669421488,0.4460093896713615,
426,189,299,	0.013404825737265416,0.6666666666666666,	0.016598044261451363,0.712707182320442,
34,271,299,	0.016435185185185185,0.6311111111111111,
397,160,20,	0.08757637474541752,0.19111111111111112,	0.13194444444444445,0.0892018779342723,
331,94,20,	0.154419595314164,0.6444444444444445,	0.16889428918590524,0.6525821596244131,
138,230,20,	0.3548387096774194,0.29333333333333333,	0.3522727272727273,0.29107981220657275,
34,269,299,	0.016745283018867924,0.6311111111111111,
467,230,20,	1.0,0.32,	1.0,0.3192488262910798,
445,208,299,	0.017200191113234592,0.48,	0.0182648401826484,0.46408839779005523,
445,208,20,	0.028564076170869788,0.49333333333333335,	0.03211148136928203,0.49765258215962443,
466,229,299,	0.016118200134318333,0.7466666666666667,	0.017876637554585153,0.7237569060773481,
295,58,20,	0.014299706170421155,0.3244444444444444,	0.031777557100297914,0.3004694835680751,
20,62,299,	0.049021812457836746,0.9688888888888889,	0.059442934782608696,0.9668508287292817,
199,436,299,	0.0162070633768747,0.5955555555555555,
331,162,20,	0.030534351145038167,0.017777777777777778,	0.03333333333333333,0.018779342723004695,
387,410,154,	0.07103825136612021,0.11555555555555555,	0.07913669064748201,0.12154696132596685,
318,81,20,	1.0,0.017777777777777778,	1.0,0.009389671361502348,
20,62,20,	0.09892170651664323,0.9377777777777778,	0.11311373523927906,0.8544600938967136,
25,262,20,	0.12435233160621761,0.21333333333333335,	0.1337386018237082,0.20657276995305165,
468,231,20,	0.171875,0.19555555555555557,	0.1958041958041958,0.13145539906103287,
96,333,299,	0.013426941641070646,0.68,
57,294,20,	0.02385211687537269,0.7111111111111111,
297,60,20,	1.0,0.07555555555555556,	1.0,0.06103286384976526,
77,314,20,	0.03571428571428571,0.17777777777777778,	0.03312444046553268,0.17370892018779344,
375,399,20,	0.015254237288135594,0.04,	0.015254237288135594,0.04225352112676056,
466,229,20,	0.026183431952662723,0.7866666666666666,	0.02924494859978731,0.7746478873239436,
297,183,20,	0.05555555555555555,0.013333333333333334,	0.08571428571428572,0.014084507042253521,
461,224,20,	0.04314720812182741,0.22666666666666666,	0.04771784232365145,0.215962441314554,
331,331,20,	0.14830072090628219,0.64,	0.16159250585480095,0.647887323943662,
109,346,20,	0.15625,0.06666666666666667,	0.25,0.009389671361502348,
443,206,20,	0.012048192771084338,0.013333333333333334,	0.025210084033613446,0.014084507042253521,
94,138,20,	0.054945054945054944,0.044444444444444446,	0.056818181818181816,0.046948356807511735,
375,138,299,	0.024333116460637606,0.8311111111111111,	0.025383304940374787,0.8232044198895028,
426,189,20,	0.020153313550939665,0.7244444444444444,	0.024917724494593323,0.7464788732394366,
20,430,193,	0.04962268465584267,0.9644444444444444,	0.07944814462416747,0.784037558685446,
34,284,20,	0.25625,0.18222222222222223,
295,346,20,	0.08121827411167512,0.14222222222222222,	0.07317073170731707,0.014084507042253521,
331,94,299,	0.06581632653061224,0.5733333333333334,	0.06644736842105263,0.5580110497237569,
387,60,20,	0.24,0.02666666666666667,	0.22727272727272727,0.023474178403755867,
399,331,20,	0.06382978723404255,0.013333333333333334,	0.07317073170731707,0.014084507042253521,
375,138,20,	0.03556111508220157,0.8844444444444445,	0.03771702255038915,0.8873239436619719,
32,284,20,	0.26174496644295303,0.17333333333333334,
457,402,20,	0.02823577906018137,0.6088888888888889,	0.03129548762736536,0.6056338028169014,
295,42,20,	0.04334121355397951,0.24444444444444444,	0.10062893081761007,0.07511737089201878,
94,375,20,	0.02617801047120419,0.022222222222222223,	0.027932960893854747,0.023474178403755867,
467,331,20,	0.14285714285714285,0.0044444444444444444,	0.16666666666666666,0.004694835680751174,
279,58,20,	0.038,0.1688888888888889,	0.035211267605633804,0.023474178403755867,
421,184,20,	0.1259259259259259,0.22666666666666666,	0.19298245614035087,0.15492957746478872,
94,94,20,	0.15082644628099173,0.6488888888888888,	0.1650943396226415,0.6572769953051644,
129,366,20,	0.02472242783123612,0.7422222222222222,	0.027968337730870714,0.7464788732394366,
32,271,20,	0.024928092042186004,0.5777777777777777,
20,257,299,	0.06272509003601441,0.9288888888888889,	0.07998061076102762,0.9116022099447514,
230,467,20,	0.012968299711815562,0.04,	0.012968299711815562,0.04225352112676056,
331,230,20,	0.030303030303030304,0.013333333333333334,	0.03125,0.014084507042253521,
129,402,20,	0.025830258302583026,0.7155555555555555,	0.029406148558334923,0.7230046948356808,
81,318,20,	0.84251968503937,0.47555555555555556,	0.8448275862068966,0.460093896713615,
377,140,20,	0.07142857142857142,0.0044444444444444444,	0.07142857142857142,0.004694835680751174,
260,23,20,	0.5384615384615384,0.06222222222222222,	0.6,0.056338028169014086,
96,333,20,	0.021987315010570826,0.6933333333333334,
32,269,299,	0.016715208306952008,0.5866666666666667,
151,388,299,	0.02331075759962199,0.6577777777777778,	0.031322505800464036,0.44751381215469616,
387,348,154,	0.16666666666666666,0.0044444444444444444,	0.2,0.0055248618784530384,
