370,73,	0.010219249349684132,0.6655665566556656,
67,215,	0.08275174476570289,0.09130913091309131,	0.1323529411764706,0.1,
67,456,	0.36923076923076925,0.052805280528052806,	0.5,0.044444444444444446,
67,348,	0.037037037037037035,0.0011001100110011,
67,236,	0.2784090909090909,0.0539053905390539,	0.375,0.03333333333333333,
67,111,	0.07769869513641756,0.5764576457645765,	0.06396255850234009,0.45555555555555555,
67,373,	0.09796437659033079,0.0847084708470847,	0.06666666666666667,0.03333333333333333,
67,72,	0.030593011454255473,0.23212321232123212,	0.04449152542372881,0.23333333333333334,
41,116,	0.1724137931034483,0.033003300330033,	0.17857142857142858,0.03303964757709251,
67,384,	0.022298456260720412,0.014301430143014302,
67,325,	0.016511127063890883,0.025302530253025302,
67,410,	0.14538310412573674,0.5698569856985699,	0.13293051359516617,0.4888888888888889,
67,403,	0.08387096774193549,0.014301430143014302,	0.05,0.011111111111111112,
67,407,	0.028969359331476322,0.05720572057205721,	0.020618556701030927,0.06666666666666667,
41,159,	0.2966101694915254,0.03850385038503851,	0.3017241379310345,0.03854625550660793,
67,247,	0.05015197568389058,0.07260726072607261,	0.0392156862745098,0.044444444444444446,
41,353,	0.16853932584269662,0.033003300330033,	0.1744186046511628,0.03303964757709251,
67,263,	0.19400630914826497,0.1353135313531353,	0.1282051282051282,0.05555555555555555,
67,448,	0.08,0.019801980198019802,
370,312,	0.018952291094064076,0.5082508250825083,
41,396,	0.2755905511811024,0.03850385038503851,	0.28,0.03854625550660793,
67,192,	0.23705722070844687,0.09570957095709572,	0.25,0.06666666666666667,
41,268,263,	0.5,0.006600660066006601,	0.5,0.006607929515418502,
41,82,319,	0.013542688910696762,0.07590759075907591,	0.023214285714285715,0.014317180616740088,
41,268,268,	0.11940298507462686,0.0088008800880088,	0.11940298507462686,0.00881057268722467,
67,310,73,	0.023255813953488372,0.011001100110011002,
41,452,410,	0.19441674975074777,0.2145214521452145,	0.19696969696969696,0.21475770925110133,
41,452,111,	0.15294117647058825,0.2717271727172717,	0.1551507537688442,0.2720264317180617,
41,173,373,	0.11566265060240964,0.15841584158415842,	0.1234991423670669,0.15859030837004406,
41,31,31,	0.06956521739130435,0.0088008800880088,	0.06956521739130435,0.00881057268722467,
67,31,410,	0.03961439975899985,0.2893289328932893,	0.030710172744721688,0.17777777777777778,
41,147,384,	0.07660359944623904,0.18261826182618263,	0.09005524861878453,0.17951541850220265,
41,31,263,	0.5,0.006600660066006601,	0.5,0.006607929515418502,
67,268,410,	0.03897933625547902,0.2739273927392739,	0.03294573643410853,0.18888888888888888,
41,452,72,	0.08455284552845528,0.05720572057205721,	0.08538587848932677,0.05726872246696035,
41,452,215,	0.1703011422637591,0.36083608360836084,	0.1723774380600949,0.3601321585903084,
41,26,410,	0.23344947735191637,0.22112211221122113,	0.23344947735191637,0.22136563876651982,
67,304,41,	0.05819834816569563,1.0,	0.6428571428571429,1.0,
41,10,247,	0.1190040278286342,0.35753575357535755,	0.12755102040816327,0.3579295154185022,
41,452,247,	0.11178509532062392,0.1419141914191419,	0.11684782608695653,0.1420704845814978,
41,452,373,	0.13630731102850063,0.12101210121012101,	0.14397905759162305,0.1211453744493392,
41,116,353,	0.4703196347031963,0.11331133113311331,	0.4811320754716981,0.11233480176211454,
370,133,41,	0.035864387783692914,0.9856985698569857,
41,211,448,	0.10842368640533778,0.14301430143014301,	0.13725490196078433,0.015418502202643172,
41,349,268,	0.14285714285714285,0.0011001100110011,	0.14285714285714285,0.0011013215859030838,
67,12,410,	0.01919934640522876,0.0517051705170517,
41,67,111,	0.034482758620689655,0.0022002200220022,	0.03508771929824561,0.0022026431718061676,
41,309,373,	0.08855291576673865,0.045104510451045104,	0.09808612440191387,0.04515418502202643,
67,349,247,	0.011633704503905601,0.07700770077007701,	0.0125,0.05555555555555555,
41,310,312,	0.014573022232696992,0.8162816281628162,	0.04275534441805225,0.019823788546255508,
67,249,111,	0.015115163147792706,0.06930693069306931,
41,390,153,	0.014492753623188406,0.0011001100110011,
41,225,462,	0.06438515081206496,0.12211221122112212,	0.08163265306122448,0.004405286343612335,
41,10,373,	0.12880143112701253,0.07920792079207921,	0.13740458015267176,0.07929515418502203,
67,344,111,	0.013480392156862746,0.0484048404840484,	0.013651877133105802,0.044444444444444446,
67,112,247,	0.013020387185197876,0.08360836083608361,
67,268,111,	0.021815947150099862,0.3124312431243124,	0.017447199265381085,0.2111111111111111,
41,136,215,	0.14986376021798364,0.12101210121012101,	0.1510989010989011,0.1211453744493392,
41,178,415,	0.022656040118205427,0.27832783278327833,	0.025846702317290554,0.031938325991189426,
41,83,320,	0.018518518518518517,0.0011001100110011,
41,68,305,	0.025173439048562934,0.2794279427942794,	0.02490421455938697,0.028634361233480177,
67,31,111,	0.02213994816734543,0.32893289328932895,	0.018570102135561744,0.2222222222222222,
41,31,410,	0.14285714285714285,0.014301430143014302,	0.14285714285714285,0.014317180616740088,
41,349,410,	0.1,0.0011001100110011,	0.1,0.0011013215859030838,
41,10,72,	0.05742821473158552,0.050605060506050605,	0.05742821473158552,0.05066079295154185,
41,348,111,	0.05216086434573829,0.9559955995599559,	0.052393312005794654,0.9559471365638766,
41,348,373,	0.10645339216767788,0.21232123212321233,	0.11577684463107378,0.21255506607929514,
41,348,247,	0.0648763626695028,0.2684268426842684,	0.06969437303627535,0.2687224669603524,
41,348,72,	0.023779084633086166,0.5115511551155115,	0.023849823049699955,0.512114537444934,
41,88,325,	0.01553458559601175,0.38393839383938394,	0.019883699118364285,0.23348017621145375,
67,107,410,	0.014435695538057743,0.0242024202420242,
41,309,111,	0.05690467560710402,0.5181518151815182,	0.05720879387829467,0.5187224669603524,
67,112,410,	0.02696799126270688,0.35313531353135313,	0.022222222222222223,0.2222222222222222,
41,354,117,	0.06657608695652174,0.26952695269526955,	0.06920022688598979,0.2687224669603524,
41,136,410,	0.212443095599393,0.15401540154015403,	0.21374045801526717,0.15418502202643172,
41,173,111,	0.07465638287352912,0.8305830583058306,	0.07484613857454835,0.8303964757709251,
41,1,238,	0.0752851711026616,0.10891089108910891,
41,429,192,	0.21586263286999183,0.29042904290429045,	0.21586263286999183,0.2907488986784141,
41,136,373,	0.1963470319634703,0.2838283828382838,	0.2099673202614379,0.2830396475770925,
67,12,111,	0.013009922822491731,0.06490649064906491,
41,26,111,	0.13852097130242827,0.2761276127612761,	0.13852097130242827,0.276431718061674,
41,353,116,	0.4353448275862069,0.1111111111111111,	0.4444444444444444,0.11013215859030837,
41,26,263,	0.23159636062861869,0.30803080308030806,	0.23813632441760138,0.3039647577092511,
41,268,111,	0.2916666666666667,0.007700770077007701,	0.2916666666666667,0.007709251101321586,
41,83,73,	0.014218009478672985,0.0033003300330033004,	0.014218009478672985,0.003303964757709251,
67,349,410,	0.02707275803722504,0.35203520352035206,	0.023121387283236993,0.2222222222222222,
41,348,410,	0.08890207715133532,0.823982398239824,	0.08923884514435695,0.8237885462555066,
41,67,410,	0.08,0.0022002200220022,	0.08,0.0022026431718061676,
41,390,312,	0.034482758620689655,0.0022002200220022,
41,278,41,	0.15704906703524535,1.0,	0.15693052194953336,1.0,
41,136,111,	0.184645286686103,0.20902090209020902,	0.18536585365853658,0.2092511013215859,
67,344,410,	0.014742014742014743,0.026402640264026403,
41,10,410,	0.15627906976744185,0.1848184818481848,	0.15627906976744185,0.18502202643171806,
41,268,410,	0.6153846153846154,0.0088008800880088,	0.6153846153846154,0.00881057268722467,
41,182,419,	0.030767637004040196,0.32673267326732675,	0.038751345532831,0.039647577092511016,
41,348,263,	0.13579576317218903,0.27502750275027504,	0.13796909492273732,0.2753303964757709,
41,170,407,	0.06861575178997613,0.3795379537953795,	0.07225372820835958,0.3788546255506608,
41,10,215,	0.10661157024793388,0.1419141914191419,	0.10732113144758736,0.1420704845814978,
67,349,348,	0.028169014084507043,0.0022002200220022,
41,309,410,	0.09249521988527724,0.42574257425742573,	0.09302884615384616,0.4262114537444934,
41,136,247,	0.14285714285714285,0.0781078107810781,	0.14915966386554622,0.07819383259911894,
41,348,215,	0.10271398747390396,0.2706270627062706,	0.10331793364132717,0.2709251101321586,
67,111,410,	0.02702702702702703,0.0022002200220022,
41,31,111,	0.15625,0.0165016501650165,	0.15625,0.016519823788546256,
67,249,410,	0.02206531332744925,0.05500550055005501,	0.014018691588785047,0.03333333333333333,
41,111,111,	0.3076923076923077,0.0044004400440044,	0.3076923076923077,0.004405286343612335,
67,310,312,	0.014705882352941176,0.0011001100110011,
67,349,111,	0.016151569949038304,0.43234323432343236,	0.015698587127158554,0.3333333333333333,
41,348,348,	0.01444043321299639,0.0044004400440044,	0.01444043321299639,0.004405286343612335,
41,173,410,	0.14699290250280164,0.8657865786578658,	0.14721858025847537,0.8656387665198237,
41,136,72,	0.09490740740740741,0.045104510451045104,	0.09579439252336448,0.04515418502202643,
41,173,72,	0.03267470703960312,0.42024202420242024,	0.03271948608137045,0.42070484581497797,
67,390,312,	0.01272984441301273,0.6435643564356436,	0.04878048780487805,0.022222222222222223,
41,83,312,	0.02,0.0011001100110011,
41,309,72,	0.02893050763923115,0.6457645764576457,	0.029283457854886428,0.6431718061674009,
41,31,268,	0.07766990291262135,0.0088008800880088,	0.07766990291262135,0.00881057268722467,
41,10,111,	0.12468703054581873,0.2739273927392739,	0.1253145445395068,0.27422907488986786,
41,111,410,	1.0,0.0011001100110011,	1.0,0.0011013215859030838,
41,309,263,	0.016666666666666666,0.025302530253025302,	0.01818181818181818,0.025330396475770924,
41,349,31,	0.1111111111111111,0.0011001100110011,	0.1111111111111111,0.0011013215859030838,
41,75,312,	0.019053986294501085,0.8778877887788779,	0.012582056892778994,0.025330396475770924,
41,158,395,	0.08045977011494253,0.1001100110011001,	0.1111111111111111,0.0011013215859030838,
41,235,472,	0.01753970135103105,0.24422442244224424,	0.023207481815032908,0.14757709251101322,
41,216,453,	0.012117658555653278,0.13641364136413642,
41,173,215,	0.12395632626846499,0.21232123212321233,	0.12427559562137798,0.21255506607929514,
41,309,215,	0.09044368600682594,0.058305830583058306,	0.09075342465753425,0.05837004405286344,
41,166,403,	0.32193732193732194,0.12431243124312431,	0.3224852071005917,0.12004405286343613,
67,83,312,	0.010997546293844552,0.6853685368536854,
41,349,112,	0.3333333333333333,0.0011001100110011,	0.3333333333333333,0.0011013215859030838,
41,173,247,	0.07587460245343026,0.18371837183718373,	0.08166259168704157,0.183920704845815,
67,112,111,	0.016260162601626018,0.43564356435643564,	0.015527950310559006,0.3333333333333333,
67,107,111,	0.013790891597177678,0.047304730473047306,	0.013201320132013201,0.044444444444444446,
67,112,348,	0.013513513513513514,0.0011001100110011,
41,371,134,	0.07168814007267922,0.23872387238723872,	0.07140495867768595,0.23788546255506607,
41,173,263,	0.19768563162970107,0.22552255225522552,	0.2001953125,0.22577092511013216,
41,268,31,	0.11940298507462686,0.0088008800880088,	0.11940298507462686,0.00881057268722467,
41,111,348,	1.0,0.0044004400440044,	1.0,0.004405286343612335,
41,309,247,	0.05773955773955774,0.0517051705170517,	0.061923583662714096,0.051762114537444934,
