378,	0.04430379746835443,0.006289308176100629,	0.046822742474916385,0.006289308176100629,
401,	0.06569343065693431,0.004043126684636119,	0.0661764705882353,0.004043126684636119,
50,12,	0.05333333333333334,0.019766397124887692,	0.05333333333333334,0.019766397124887692,
50,268,	0.07317073170731707,0.07412398921832884,	0.07317073170731707,0.07412398921832884,
50,349,	0.07436445711570444,0.14061096136567836,	0.07438212927756654,0.14061096136567836,
50,414,	0.09036144578313253,0.006738544474393531,	0.09036144578313253,0.006738544474393531,
50,344,	0.043010752688172046,0.01078167115902965,	0.043010752688172046,0.01078167115902965,
50,463,	0.06547619047619048,0.004941599281221923,	0.06547619047619048,0.004941599281221923,
50,174,	0.2525,0.04537286612758311,	0.2525,0.04537286612758311,
50,411,	0.251984126984127,0.057053009883198565,	0.251984126984127,0.057053009883198565,
50,69,	0.06711409395973154,0.004492362982929021,	0.06711409395973154,0.004492362982929021,
50,177,	0.08620689655172414,0.006738544474393531,	0.08620689655172414,0.006738544474393531,
50,11,	0.033210332103321034,0.004043126684636119,	0.033210332103321034,0.004043126684636119,
50,306,	0.058823529411764705,0.004492362982929021,	0.058823529411764705,0.004492362982929021,
50,112,	0.0723314606741573,0.13881401617250674,	0.07234839616014985,0.13881401617250674,
50,2,	0.06053268765133172,0.011230907457322551,	0.06053268765133172,0.011230907457322551,
50,31,	0.07488789237668161,0.07502246181491465,	0.07488789237668161,0.07502246181491465,
50,248,	0.03146853146853147,0.004043126684636119,	0.03146853146853147,0.004043126684636119,
50,249,	0.05103280680437424,0.018867924528301886,	0.05103280680437424,0.018867924528301886,
50,107,	0.04225352112676056,0.01078167115902965,	0.04225352112676056,0.01078167115902965,
50,226,	0.06918238993710692,0.004941599281221923,	0.06918238993710692,0.004941599281221923,
50,239,	0.058524173027989825,0.010332434860736747,	0.058524173027989825,0.010332434860736747,
50,323,86,	0.023837113060751532,0.0646900269541779,	0.0214987714987715,0.031446540880503145,
50,249,112,	0.04080507306313758,0.0664869721473495,	0.04083885209713024,0.0664869721473495,
50,349,112,	0.06696127171177807,0.49011680143755615,	0.06698182711198428,0.49011680143755615,
50,344,249,	0.04692832764505119,0.024707996406109614,	0.04692832764505119,0.024707996406109614,
50,268,31,	0.1275008477449983,0.33782569631626236,	0.1275008477449983,0.33782569631626236,
50,349,107,	0.025746652935118436,0.022461814914645103,	0.025746652935118436,0.022461814914645103,
50,304,67,	0.03171129738149989,0.38409703504043125,	0.03678576812905171,0.1096136567834681,
50,344,349,	0.022120200333889815,0.023809523809523808,	0.022157190635451504,0.023809523809523808,
50,31,112,	0.08077399032512093,0.3225516621743037,	0.08077399032512093,0.3225516621743037,
50,12,249,	0.13075780089153047,0.15813117699910154,	0.13075780089153047,0.15813117699910154,
50,111,170,	0.1444043321299639,0.017969451931716084,	0.1444043321299639,0.017969451931716084,
50,349,249,	0.046583850931677016,0.05390835579514825,	0.046583850931677016,0.05390835579514825,
50,69,306,	0.8819875776397516,0.0637915543575921,	0.8819875776397516,0.0637915543575921,
50,112,344,	0.01899736147757256,0.016172506738544475,	0.01899736147757256,0.016172506738544475,
50,23,297,	0.014510718973311944,0.17879604672057503,	0.01049139859600401,0.12219227313566937,
50,390,320,	0.03045042509999397,0.6805929919137467,
50,248,11,	0.21003963011889035,0.07142857142857142,	0.21003963011889035,0.07142857142857142,
50,268,348,	0.0707070707070707,0.0031446540880503146,	0.0707070707070707,0.0031446540880503146,
50,31,348,	0.06666666666666667,0.0026954177897574125,	0.06666666666666667,0.0026954177897574125,
50,60,260,	0.11084737716591503,0.20979335130278526,	0.08686496446433271,0.14824797843665768,
50,97,334,	0.023769920051510435,0.39802336028751123,	0.033268101761252444,0.1069182389937107,
50,344,12,	0.052719665271966525,0.02830188679245283,	0.052719665271966525,0.02830188679245283,
50,31,344,	0.02245508982035928,0.006738544474393531,	0.02245508982035928,0.006738544474393531,
50,107,349,	0.02077922077922078,0.0215633423180593,	0.020824295010845987,0.0215633423180593,
50,348,268,	0.1411764705882353,0.005390835579514825,	0.1411764705882353,0.005390835579514825,
50,349,268,	0.07442489851150202,0.29649595687331537,	0.07442489851150202,0.29649595687331537,
50,183,420,	0.021217852562012217,0.4384546271338724,	0.017731210961112232,0.3557951482479784,
50,112,31,	0.07431410671851371,0.3090745732255166,	0.07431410671851371,0.3090745732255166,
50,310,73,	0.1956521739130435,0.008086253369272238,
50,268,344,	0.02694136291600634,0.0076370170709793355,	0.02694136291600634,0.0076370170709793355,
50,407,348,	0.04333694474539545,0.017969451931716084,	0.04333694474539545,0.017969451931716084,
50,239,2,	0.17238689547581904,0.09928122192273135,	0.17238689547581904,0.09928122192273135,
50,268,112,	0.0837631755999103,0.33557951482479786,	0.08378196500672948,0.33557951482479786,
50,390,153,	0.043941739375175905,0.5610961365678346,	0.02952755905511811,0.013477088948787063,
50,60,420,	0.01939944685894903,0.2205750224618149,	0.01519195237117635,0.16621743036837378,
50,97,92,	0.022295574486589052,0.5067385444743935,	0.022758534450418907,0.49056603773584906,
50,410,309,	0.051470588235294115,0.031446540880503145,	0.051470588235294115,0.031446540880503145,
50,111,348,	0.11285038223516564,0.13926325247079965,	0.11285038223516564,0.13926325247079965,
50,247,309,	0.1,0.005390835579514825,	0.11320754716981132,0.005390835579514825,
50,328,91,	0.014053430865866265,0.31761006289308175,	0.012615706180949537,0.22776280323450135,
50,460,223,	0.05352652376960843,0.20080862533692723,	0.05297270347750218,0.19092542677448338,
50,349,31,	0.07489811653265778,0.3054806828391734,	0.07489811653265778,0.3054806828391734,
50,249,12,	0.13702848344880678,0.15992812219227315,	0.13702848344880678,0.15992812219227315,
50,12,31,	0.04628330995792426,0.029649595687331536,	0.04628330995792426,0.029649595687331536,
50,268,349,	0.08400089007565643,0.33917340521114103,	0.08400089007565643,0.33917340521114103,
50,107,344,	0.1618798955613577,0.13926325247079965,	0.1618798955613577,0.13926325247079965,
50,183,260,	0.07823862106113655,0.2610062893081761,	0.06414929289983963,0.1976639712488769,
50,249,268,	0.05429497568881685,0.03009883198562444,	0.05429497568881685,0.03009883198562444,
50,183,297,	0.01636930242114996,0.21473495058400718,	0.012190736478711162,0.1522911051212938,
50,344,112,	0.023095623987034037,0.025606469002695417,	0.023133116883116884,0.025606469002695417,
50,348,111,	0.8333333333333334,0.0022461814914645105,	0.8333333333333334,0.0022461814914645105,
50,329,334,	0.019116775340841732,0.3477088948787062,	0.042639398032027785,0.09928122192273135,
50,344,268,	0.033210332103321034,0.012129380053908356,	0.033210332103321034,0.012129380053908356,
50,174,411,	0.24828446662507797,0.17879604672057503,	0.24828446662507797,0.17879604672057503,
50,112,349,	0.06491999511420544,0.4775381850853549,	0.0649318917598192,0.4775381850853549,
50,31,249,	0.06285714285714286,0.029649595687331536,	0.06285714285714286,0.029649595687331536,
50,111,268,	0.25,0.0022461814914645105,	0.25,0.0022461814914645105,
50,268,268,	0.12057112638815441,0.30727762803234504,	0.12057112638815441,0.30727762803234504,
50,348,31,	0.12903225806451613,0.005390835579514825,	0.12903225806451613,0.005390835579514825,
50,112,112,	0.061810020623559385,0.4577717879604672,	0.06182877252593896,0.4577717879604672,
50,72,173,	0.06382978723404255,0.029649595687331536,	0.06389157792836399,0.029649595687331536,
50,268,107,	0.034482758620689655,0.009433962264150943,	0.034482758620689655,0.009433962264150943,
50,107,31,	0.03260869565217391,0.01078167115902965,	0.03260869565217391,0.01078167115902965,
50,348,349,	0.13636363636363635,0.005390835579514825,	0.13636363636363635,0.005390835579514825,
50,12,12,	0.12557427258805512,0.14734950584007186,	0.12557427258805512,0.14734950584007186,
50,410,348,	0.10839160839160839,0.06963162623539983,	0.10846745976207138,0.06963162623539983,
50,12,268,	0.05,0.03009883198562444,	0.05,0.03009883198562444,
50,348,112,	0.11578947368421053,0.004941599281221923,	0.11578947368421053,0.004941599281221923,
50,407,309,	0.011733333333333333,0.009883198562443846,	0.012620192307692308,0.009433962264150943,
50,249,349,	0.043169554103947745,0.06828391734052111,	0.043243243243243246,0.06828391734052111,
50,72,348,	0.053613053613053616,0.06199460916442048,	0.05363389040031092,0.06199460916442048,
50,107,268,	0.027359781121751026,0.008984725965858042,	0.027359781121751026,0.008984725965858042,
50,247,10,	0.46808510638297873,0.009883198562443846,	0.5,0.009433962264150943,
50,83,320,	0.020543008169149446,0.7681940700808625,	0.011686143572621035,0.012578616352201259,
50,111,173,	0.13309671694764863,0.0673854447439353,	0.13309671694764863,0.0673854447439353,
50,175,412,	0.011330435402266087,0.14285714285714285,	0.010077284437035915,0.11949685534591195,
50,249,249,	0.12466943709860219,0.14824797843665768,	0.12466943709860219,0.14824797843665768,
50,107,12,	0.04828150572831424,0.026504941599281222,	0.04828150572831424,0.026504941599281222,
50,111,31,	0.25,0.0035938903863432167,	0.25,0.0035938903863432167,
50,247,348,	0.19480519480519481,0.006738544474393531,	0.19480519480519481,0.006738544474393531,
50,83,153,	0.027003288140173866,0.5386343216531896,	0.012644889357218124,0.005390835579514825,
50,31,268,	0.126235477718051,0.3270440251572327,	0.126235477718051,0.3270440251572327,
50,23,420,	0.012073708040213238,0.22282120395327942,
50,273,36,	0.02845657463239183,0.2416891284815813,	0.03848097002357696,0.20530098831985624,
50,107,107,	0.13920609026644915,0.11500449236298294,	0.13920609026644915,0.11500449236298294,
50,107,249,	0.04308202154101077,0.02336028751123091,	0.04308202154101077,0.02336028751123091,
50,107,112,	0.02158273381294964,0.022911051212938006,	0.021628498727735368,0.022911051212938006,
50,111,349,	0.25,0.0022461814914645105,	0.25,0.0022461814914645105,
50,12,112,	0.04031413612565445,0.06918238993710692,	0.040345821325648415,0.06918238993710692,
50,72,309,	0.06540661526983338,0.2362982929020665,	0.06984126984126984,0.2174303683737646,
50,112,348,	0.125,0.0017969451931716084,	0.125,0.0017969451931716084,
50,249,107,	0.0389278876834716,0.027403414195867025,	0.0389278876834716,0.027403414195867025,
50,111,309,	0.04371238517579981,0.06199460916442048,	0.04371238517579981,0.06199460916442048,
50,404,167,	0.02065897536175205,0.949236298292902,	0.02173576013146879,0.944743935309973,
50,23,260,	0.1413314346742613,0.5350404312668463,	0.1131215829211143,0.3903863432165319,
50,111,112,	0.2916666666666667,0.0031446540880503146,	0.2916666666666667,0.0031446540880503146,
50,2,239,	0.14421768707482993,0.09523809523809523,	0.14421768707482993,0.09523809523809523,
50,349,349,	0.06299556720983955,0.4532794249775382,	0.06300736855251655,0.4532794249775382,
50,31,349,	0.08107808340727596,0.3283917340521114,	0.08107808340727596,0.3283917340521114,
50,31,12,	0.06274131274131274,0.029200359389038633,	0.06274131274131274,0.029200359389038633,
50,60,297,	0.04288001601120785,0.38499550763701706,	0.02959785522788204,0.24797843665768193,
50,12,107,	0.032692307692307694,0.022911051212938006,	0.032692307692307694,0.022911051212938006,
50,31,31,	0.1183827308548912,0.31042228212039535,	0.1183827308548912,0.31042228212039535,
50,349,344,	0.019588146659969864,0.01752021563342318,	0.019588146659969864,0.01752021563342318,
50,11,248,	0.1991869918699187,0.0660377358490566,	0.1991869918699187,0.0660377358490566,
50,329,92,	0.0194026284348865,0.5471698113207547,	0.027392845633258136,0.4582210242587601,
50,112,12,	0.044419970631424374,0.05435759209344115,	0.044419970631424374,0.05435759209344115,
50,287,50,	0.03372920830511554,0.917340521114106,	0.03372920830511554,0.917340521114106,
50,344,344,	0.13526315789473684,0.11545372866127583,	0.13526315789473684,0.11545372866127583,
50,22,259,	0.010672214416945856,0.17744833782569633,	0.09523809523809523,0.0035938903863432167,
50,410,173,	0.19936034115138593,0.08400718778077268,	0.19957310565635006,0.08400718778077268,
50,31,107,	0.029275808936825885,0.008535489667565139,	0.029275808936825885,0.008535489667565139,
50,249,344,	0.034482758620689655,0.02425876010781671,	0.034482758620689655,0.02425876010781671,
50,349,12,	0.046411856474258974,0.05345911949685535,	0.046411856474258974,0.05345911949685535,
50,112,268,	0.07360406091370558,0.2996406109613657,	0.07360406091370558,0.2996406109613657,
50,310,320,	0.08970099667774087,0.012129380053908356,
50,268,12,	0.057034220532319393,0.026954177897574125,	0.057034220532319393,0.026954177897574125,
50,310,153,	0.1277533039647577,0.01302785265049416,
50,72,170,	0.04182509505703422,0.009883198562443846,	0.04182509505703422,0.009883198562443846,
50,344,107,	0.15131240349974268,0.1320754716981132,	0.15131240349974268,0.1320754716981132,
50,111,10,	0.0423728813559322,0.006738544474393531,	0.0423728813559322,0.006738544474393531,
50,306,69,	0.9157303370786517,0.07322551662174304,	0.9157303370786517,0.07322551662174304,
50,249,31,	0.04930662557781202,0.028751123090745734,	0.04930662557781202,0.028751123090745734,
50,112,107,	0.02481121898597627,0.020664869721473494,	0.02481121898597627,0.020664869721473494,
50,12,344,	0.0327132777421424,0.022911051212938006,	0.0327132777421424,0.022911051212938006,
50,181,418,	0.16741071428571427,0.0673854447439353,	0.1535796766743649,0.059748427672955975,
50,112,249,	0.045770779934090074,0.05615453728661276,	0.045770779934090074,0.05615453728661276,
50,268,249,	0.058161350844277676,0.027852650494159928,	0.058161350844277676,0.027852650494159928,
50,70,307,	0.028893972548239506,0.2610062893081761,	0.03853383458646616,0.05525606469002695,
50,344,31,	0.03553921568627451,0.01302785265049416,	0.03553921568627451,0.01302785265049416,
50,18,255,	0.02196694881096332,0.048966756513926325,	0.0177601337233598,0.038185085354896675,
50,349,348,	0.1388888888888889,0.0022461814914645105,	0.1388888888888889,0.0022461814914645105,
50,12,349,	0.041689225771521385,0.06918238993710692,	0.04175704989154013,0.06918238993710692,
50,263,26,	0.08742434431741762,0.05840071877807727,	0.08456659619450317,0.05390835579514825,
50,72,10,	0.014435695538057743,0.004941599281221923,	0.014435695538057743,0.004941599281221923,
