320,	0.31932220120095417,0.6842940243257536,	0.3429228998849252,0.7163461538461539,
320,112,	0.05458253358925144,0.401022386744227,	0.058823529411764705,0.3317307692307692,
320,2,	0.04227687206410611,0.026969857218402962,	0.038834951456310676,0.019230769230769232,
73,349,	0.19672131147540983,0.0021152829190904283,	0.3333333333333333,0.0025,
312,10,	0.14702702702702702,0.047946412832716376,	0.13333333333333333,0.011019283746556474,
153,107,	0.01704133430021755,0.008284858099770845,	0.028089887640449437,0.011876484560570071,
320,268,	0.08707690838783597,0.32152300370174514,	0.08836395450568679,0.24278846153846154,
320,12,	0.04912770411723657,0.0620482989599859,	0.0847953216374269,0.06971153846153846,
153,11,	0.027263875365141188,0.004935660144544333,
312,309,	0.06859042151382384,0.1600564075445091,	0.05263157894736842,0.03581267217630854,
312,452,	0.22557840616966582,0.06187202538339503,	0.07894736842105263,0.008264462809917356,
73,112,	0.2033898305084746,0.0021152829190904283,	0.5,0.0025,
320,69,	0.022645393721049924,0.007756037369998237,	0.015748031496062992,0.004807692307692308,
312,173,	0.15860094820645854,0.31253305129561076,	0.11643835616438356,0.046831955922865015,
153,112,	0.08733432809619943,0.3507844174158294,	0.08319467554076539,0.2375296912114014,
153,239,	0.06799230275817832,0.01868499911863212,	0.06976744186046512,0.021377672209026127,
153,306,	0.03271028037383177,0.004935660144544333,	0.019230769230769232,0.0023752969121140144,
73,268,	0.19117647058823528,0.0022915564956812974,	0.25,0.0025,
320,348,	0.15873015873015872,0.0017627357659086903,	0.16666666666666666,0.002403846153846154,
153,344,	0.016242937853107344,0.008108584523179975,	0.029411764705882353,0.011876484560570071,
320,349,	0.05430612832070586,0.39925965097831834,	0.059931506849315065,0.33653846153846156,
153,2,	0.04394012554321584,0.01604089546976908,	0.041666666666666664,0.014251781472684086,
320,249,	0.04921232399275059,0.06222457253657677,	0.08620689655172414,0.07211538461538461,
73,173,	0.07286081196773757,0.2850343733474352,	0.05434782608695652,0.5,
153,348,	0.16666666666666666,0.0014101886127269522,	0.3333333333333333,0.0023752969121140144,
73,452,	0.0819224467504096,0.05288207297726071,	0.050955414012738856,0.1,
320,31,	0.08687985512081209,0.32134673012515425,	0.07933740191804708,0.21875,
73,309,	0.027444554976885718,0.16534461484223514,	0.017122103078519545,0.2475,
73,136,	0.07854805117524546,0.046536224219989424,	0.09331259720062209,0.15,
312,348,	0.10629876089949518,0.3266349374228803,	0.09375,0.06611570247933884,
73,348,	0.05007595486111111,0.32540102238674423,	0.041383989145183174,0.61,
133,67,	0.03196803196803197,0.29331923144720606,	0.0323846908734053,0.0870712401055409,
320,107,	0.015515270292340356,0.016745989776132557,
153,249,	0.07111242254352317,0.04248193195839944,	0.1134020618556701,0.052256532066508314,
312,136,	0.19607843137254902,0.04583112991362595,	0.15151515151515152,0.013774104683195593,
320,11,	0.02987012987012987,0.012162876784769964,
320,248,	0.027574321413183972,0.011281508901815618,
73,10,	0.06256539024900606,0.05270579940066984,	0.05921787709497207,0.1325,
320,306,	0.022039979497693492,0.007579763793407368,	0.015503875968992248,0.004807692307692308,
153,349,	0.08763521238237622,0.35131323814560195,	0.08564231738035265,0.24228028503562946,
73,31,	0.18518518518518517,0.0026441036488630354,	0.25,0.0025,
153,31,	0.14973535939900973,0.3091838533403843,	0.13198757763975155,0.20190023752969122,
153,69,	0.0319634703196347,0.004935660144544333,	0.01818181818181818,0.0023752969121140144,
153,248,	0.02753195673549656,0.004935660144544333,
153,268,	0.14861633071404168,0.3067160232681121,	0.13428120063191154,0.20190023752969122,
320,239,	0.0704110704110704,0.030495328750220343,	0.05829596412556054,0.03125,
153,12,	0.07144940215806357,0.04318702626476291,	0.11855670103092783,0.05463182897862233,
320,344,	0.015139442231075698,0.016745989776132557,	0.011019283746556474,0.009615384615384616,
153,60,297,	0.03663084819615228,0.5245901639344263,	0.026353531731803513,0.3491686460807601,
153,207,444,	0.03981723237597911,0.010752688172043012,	0.021341463414634148,0.0166270783847981,
153,268,112,	0.059559365424149566,0.5413361537105588,	0.06812842599843383,0.41330166270783847,
153,328,91,	0.012362703183316207,0.4093072448439979,	0.012424114075956515,0.20902612826603326,
320,31,349,	0.03492548905392942,0.5073153534285211,	0.03621730382293763,0.3894230769230769,
153,107,31,	0.052775073028237585,0.047770139256125506,	0.051194539249146756,0.035629453681710214,
320,72,173,	0.038786167960479886,0.24219989423585406,	0.051731696624287594,0.28365384615384615,
153,268,344,	0.032806324110671935,0.02926141371408426,	0.04406779661016949,0.030878859857482184,
320,349,349,	0.025708799452706536,0.5829367177860039,	0.030419373892498523,0.4951923076923077,
153,348,111,	0.17261904761904762,0.005111933721135202,	0.23076923076923078,0.007125890736342043,
153,12,249,	0.11193166651837352,0.22175215935131323,	0.12943262411347517,0.17339667458432304,
320,111,173,	0.04521985498331749,0.42763969680944824,	0.049672935404742435,0.5841346153846154,
153,404,167,	0.013535031847133758,0.2816851753922087,
320,112,349,	0.026310455580155292,0.594923320994183,	0.030616707974923458,0.5048076923076923,
73,390,153,	0.10815307820299501,0.011457782478406488,	1.0,0.0775,
320,349,31,	0.03700385397556778,0.45866384628944123,	0.04049247606019152,0.3557692307692308,
153,72,173,	0.08492975734355045,0.30477701392561257,	0.09476876421531463,0.29691211401425177,
73,348,31,	0.022846255208518823,0.22615899876608497,	0.01758976595435383,0.3025,
320,268,348,	0.02911392405063291,0.004054292261589988,	0.05555555555555555,0.007211538461538462,
320,349,112,	0.02626981155622114,0.5936894059580469,	0.031087312211810204,0.5024038461538461,
320,83,153,	0.020279367628410698,0.7301251542393795,	0.11839622641509434,0.6033653846153846,
73,348,268,	0.023320962101206197,0.23038956460426582,	0.019177280046845265,0.3275,
133,67,349,	0.01536220708563595,0.3160585228274282,
73,183,420,	0.012693935119887164,0.0015864621893178213,
153,107,112,	0.03303964757709251,0.07932310946589106,	0.037142857142857144,0.06175771971496437,
153,31,31,	0.1007537851712262,0.5466243610082848,	0.11167192429022083,0.42042755344418054,
320,111,348,	0.031382725202563154,0.5222986074387449,	0.03507301891309552,0.7043269230769231,
153,410,31,	0.15384615384615385,0.0021152829190904283,	1.0,0.0023752969121140144,
320,410,348,	0.04121836641915442,0.4315177154944474,	0.04741953913540278,0.5985576923076923,
153,389,152,	0.0177027583367641,0.007579763793407368,
153,268,12,	0.05082759630877399,0.061166931077031556,	0.05089820359281437,0.040380047505938245,
153,349,268,	0.06288049908572658,0.5152476643751102,	0.07463369963369963,0.38717339667458434,
153,31,12,	0.052712100139082056,0.06680768552793936,	0.051075268817204304,0.04513064133016627,
153,410,111,	0.2222222222222222,0.0017627357659086903,	0.25,0.0023752969121140144,
153,349,107,	0.02487864077669903,0.05781773312180504,	0.030206677265500796,0.04513064133016627,
153,112,344,	0.023344449737970462,0.05182443151771549,	0.02572347266881029,0.03800475059382423,
153,31,107,	0.03237015362106803,0.03120042305658382,	0.03951367781155015,0.030878859857482184,
320,112,348,	0.09285714285714286,0.0022915564956812974,	0.125,0.002403846153846154,
153,31,249,	0.05310221488512863,0.06804160056407545,	0.04851752021563342,0.04275534441805225,
153,348,349,	0.10569105691056911,0.0022915564956812974,
153,31,348,	0.03903345724907063,0.0037017451084082496,	0.047619047619047616,0.0023752969121140144,
153,111,348,	0.06731180496150556,0.6657852987837123,	0.06942392909896603,0.7814726840855107,
320,348,111,	0.06321839080459771,0.0019390093424995593,	0.1875,0.007211538461538462,
133,67,112,	0.01529193301328952,0.31500088136788296,
153,344,107,	0.1560331927628894,0.20218579234972678,	0.18591549295774648,0.15676959619952494,
153,12,31,	0.05948827292110874,0.09836065573770492,	0.04670912951167728,0.052256532066508314,
153,348,112,	0.12307692307692308,0.0028203772254539045,
153,97,334,	0.01933458584032914,0.14331041776837652,	0.05555555555555555,0.009501187648456057,
153,410,10,	0.13618853387718105,0.10594041953111229,	0.18041237113402062,0.166270783847981,
73,309,349,	0.011159131205673758,0.1775074916270051,
320,348,349,	0.17613636363636365,0.00546448087431694,
153,348,268,	0.25396825396825395,0.0028203772254539045,
153,268,173,	0.0990990990990991,0.0019390093424995593,	1.0,0.0023752969121140144,
153,2,239,	0.0727494411704938,0.12621188083906223,	0.062162162162162166,0.10926365795724466,
133,67,31,	0.02060476679457385,0.26881720430107525,	0.012690355329949238,0.052770448548812667,
153,112,112,	0.04305750510687345,0.6650802044773488,	0.05396208070004861,0.5273159144893111,
320,31,348,	0.026722925457102673,0.0033491979552265115,	0.25,0.004807692307692308,
320,31,173,	0.04516129032258064,0.0012339150361360832,	1.0,0.002403846153846154,
153,112,107,	0.02438651479244706,0.05623127093248722,	0.02416918429003021,0.03800475059382423,
153,183,420,	0.018489155343626305,0.5631940772078265,	0.016814937921595465,0.4085510688836104,
153,268,31,	0.10345925973115883,0.5725365767671426,	0.11373523927905531,0.4346793349168646,
153,12,268,	0.060891938250428816,0.10012339150361362,	0.04132231404958678,0.047505938242280284,
73,349,112,	0.07540983606557378,0.004054292261589988,	0.5454545454545454,0.015,
153,410,309,	0.05474615090978496,0.3033668253128856,	0.04672539256989659,0.28978622327790976,
153,107,268,	0.05191360363774157,0.048298959985898116,	0.051118210862619806,0.03800475059382423,
153,183,297,	0.014770306846613897,0.27992243962630003,	0.012160454832596337,0.1828978622327791,
320,348,112,	0.1751412429378531,0.00546448087431694,
153,83,153,	0.033502374428091404,0.9525824078970563,	0.20664819944598337,0.8859857482185273,
153,268,249,	0.050918559236221614,0.0620482989599859,	0.050445103857566766,0.040380047505938245,
153,111,31,	0.09126984126984126,0.004054292261589988,	0.05,0.0023752969121140144,
153,107,344,	0.15534250382103654,0.19707385862859159,	0.1745152354570637,0.1496437054631829,
320,268,268,	0.05264226404368922,0.4570773841001234,	0.05682257441051411,0.35336538461538464,
153,247,348,	0.09987372287911836,0.15335801163405605,	0.09161041465766634,0.22565320665083136,
153,268,348,	0.03914590747330961,0.0038780186849991186,	0.02631578947368421,0.0023752969121140144,
320,304,67,	0.022134308887754525,0.5503261061166931,	0.03753351206434316,0.10096153846153846,
320,31,31,	0.05295184364295789,0.4632469592808038,	0.05553413035094485,0.34615384615384615,
153,72,348,	0.05240436203927832,0.370174510840825,	0.0628358825961141,0.36104513064133015,
73,112,349,	0.08396946564885496,0.0038780186849991186,	0.5,0.015,
153,249,249,	0.10772207887946922,0.2060638110347259,	0.13090909090909092,0.171021377672209,
73,111,348,	0.04524886877828054,0.0017627357659086903,	0.05714285714285714,0.005,
320,310,153,	0.07936507936507936,0.019390093424995595,
153,349,31,	0.06238847820545501,0.5177154944473823,	0.07240437158469945,0.37767220902612825,
153,348,309,	0.4117647058823529,0.0012339150361360832,
153,310,73,	0.06956521739130435,0.007050943063634761,
153,349,344,	0.022757384459512118,0.05147188436453376,	0.03125,0.04513064133016627,
153,348,173,	0.38461538461538464,0.0017627357659086903,	0.1,0.0023752969121140144,
320,112,268,	0.037397651175129415,0.4597214877489864,	0.039016568679850344,0.35096153846153844,
153,249,268,	0.06385964912280702,0.09624537281861449,	0.04139433551198257,0.04513064133016627,
320,31,268,	0.05470040163917715,0.4729420059933016,	0.060085836909871244,0.3701923076923077,
153,460,223,	0.04386326848002031,0.487220165697162,	0.04241537818637693,0.4821852731591449,
153,31,268,	0.10686517783291977,0.569363652388507,	0.12297734627831715,0.4513064133016627,
320,18,255,	0.016529506928325246,0.08284858099770845,	0.02356020942408377,0.17307692307692307,
73,348,349,	0.0163051306426987,0.2993125330512956,	0.013866097801115852,0.4225,
153,344,268,	0.05163636363636363,0.05006169575180681,	0.04966887417218543,0.035629453681710214,
320,268,112,	0.03460584057598983,0.4990304953287502,	0.03638017280582083,0.38461538461538464,
153,112,348,	0.1388888888888889,0.0017627357659086903,
153,247,173,	0.14274061990212072,0.12339150361360832,	0.12944983818770225,0.19002375296912113,
320,60,297,	0.01732698913675888,0.3832187555085493,	0.015309323629062618,0.2932692307692308,
153,72,309,	0.03955030509041264,0.5004406839414772,	0.04908321579689704,0.41330166270783847,
153,344,31,	0.05121495327102804,0.048298959985898116,	0.04878048780487805,0.0332541567695962,
153,7,244,	0.0533033033033033,0.012515423937951702,	0.029411764705882353,0.011876484560570071,
153,390,320,	0.02444197930832819,0.9282566543275163,	0.10984455958549223,0.7553444180522565,
153,31,112,	0.05992137630390783,0.5427463423232858,	0.06876456876456877,0.42042755344418054,
320,287,50,	0.014159000153133944,0.21188083906222457,
153,268,268,	0.10124048306642164,0.5438039837828309,	0.11379529561347743,0.4251781472684085,
153,249,349,	0.039017125837676844,0.13855103120042306,	0.026948989412897015,0.0665083135391924,
153,247,309,	0.03483049635245315,0.08584523179975322,	0.03032490974729242,0.0997624703087886,
153,107,349,	0.03265548463707882,0.07756037369998238,	0.03244005641748942,0.05463182897862233,
153,72,111,	0.1590909090909091,0.0012339150361360832,
320,107,344,	0.058264548796559616,0.14806980433633,	0.07324364723467862,0.11778846153846154,
153,306,69,	0.8650168728908887,0.13555438039837828,	0.8166666666666667,0.1163895486935867,
320,390,320,	0.01764491830719406,0.8547505728891239,	0.08362369337979095,0.75,
153,349,249,	0.035199350165843094,0.0916622598272519,	0.0361247947454844,0.052256532066508314,
153,111,112,	0.1388888888888889,0.0026441036488630354,
320,183,420,	0.010764892461055902,0.4313414419178565,	0.011856986501276907,0.3125,
73,309,112,	0.010964302013646938,0.17362947294200598,
153,31,173,	0.10891089108910891,0.0019390093424995593,	1.0,0.0023752969121140144,
153,349,348,	0.14084507042253522,0.0017627357659086903,
153,310,153,	0.3074712643678161,0.018861272695222985,
153,249,12,	0.11674174174174175,0.21928432927904107,	0.13768115942028986,0.18052256532066507,
153,69,306,	0.842720510095643,0.13978494623655913,	0.7846153846153846,0.12114014251781473,
153,111,268,	0.08085106382978724,0.0033491979552265115,	0.043478260869565216,0.0023752969121140144,
153,75,153,	1.0,0.012162876784769964,
153,249,112,	0.03913439174840732,0.13643574828133262,	0.027916251246261216,0.0665083135391924,
320,111,309,	0.01858453294582444,0.2885598448792526,	0.015347432024169185,0.30528846153846156,
153,72,10,	0.04569618821400294,0.07121452494271109,	0.08979591836734693,0.10451306413301663,
153,18,255,	0.03337501202269885,0.12233386215406311,	0.0370214556163231,0.20902612826603326,
153,287,50,	0.019744998698972956,0.22739291380222104,
133,370,320,	0.019686500432961634,0.5891062929666843,
153,263,26,	0.11673063897042221,0.18226687819495857,	0.11428571428571428,0.09501187648456057,
153,31,349,	0.06004236472174081,0.5496210118103296,	0.06991932385708798,0.4323040380047506,
133,67,268,	0.020560953455726515,0.2633527234267583,	0.011585365853658536,0.05013192612137203,
320,349,268,	0.036886540504838757,0.4528468182619425,	0.04138120032885722,0.3629807692307692,
320,263,26,	0.04456159822419534,0.14154768200246784,	0.041720990873533245,0.07692307692307693,
320,344,107,	0.05925113153202578,0.15230037017451084,	0.07934131736526946,0.12740384615384615,
320,460,223,	0.020848595848595847,0.36118455843469066,	0.02243689622935494,0.34615384615384615,
153,268,349,	0.060243045556643435,0.553146483342147,	0.06958861976163014,0.42992874109263657,
320,31,112,	0.0348318462594372,0.5009695046712498,	0.03594845127741352,0.38221153846153844,
153,329,92,	0.01331527550074845,0.16463952053587166,	0.012658227848101266,0.0166270783847981,
153,111,309,	0.038042772615139206,0.3615371055878724,	0.031061259706643658,0.342042755344418,
320,112,31,	0.03743992264596309,0.4641283271637581,	0.03798140770252324,0.34375,
320,348,31,	0.26666666666666666,0.004935660144544333,
153,344,344,	0.14283727399165508,0.1810329631588225,	0.1744186046511628,0.14251781472684086,
320,410,173,	0.06231446540880503,0.43662964921558256,	0.06771697070204533,0.5889423076923077,
153,31,344,	0.03335261229998072,0.030495328750220343,	0.042483660130718956,0.030878859857482184,
153,249,31,	0.061578084757667996,0.09271990128679711,	0.0467706013363029,0.0498812351543943,
153,112,349,	0.043992715014536034,0.6855279393618896,	0.056676272814601344,0.5605700712589073,
320,249,12,	0.048189104189915795,0.16745989776132558,	0.06430868167202572,0.14423076923076922,
320,348,268,	0.2631578947368421,0.004406839414771726,
153,247,10,	0.4069028156221617,0.15794112462541865,	0.4626865671641791,0.2209026128266033,
153,410,173,	0.1417682270358727,0.5802926141371408,	0.14356681569796323,0.6864608076009501,
312,75,153,	0.04167635647054504,0.600211528291909,	0.16395222584147665,0.8319559228650137,
153,310,320,	0.12104072398190045,0.018861272695222985,
320,329,92,	0.01052416101725529,0.15406310594041953,
320,268,173,	0.04516129032258064,0.0012339150361360832,	1.0,0.002403846153846154,
153,410,348,	0.08829673121436234,0.5513837475762383,	0.09226684367739794,0.6603325415676959,
320,111,31,	0.04336043360433604,0.0028203772254539045,	0.037037037037037035,0.002403846153846154,
320,268,349,	0.03471010277293,0.5048475233562489,	0.03680430879712747,0.3942307692307692,
320,390,153,	0.032376379369322576,0.9009342499559316,	0.22035928143712574,0.8846153846153846,
153,107,107,	0.14399108759225734,0.18226687819495857,	0.16483516483516483,0.14251781472684086,
153,410,268,	0.1864406779661017,0.0019390093424995593,	1.0,0.0023752969121140144,
153,268,107,	0.03169601482854495,0.030142781597038603,	0.040625,0.030878859857482184,
320,410,31,	0.06201550387596899,0.0014101886127269522,	1.0,0.002403846153846154,
73,348,112,	0.016103276449198685,0.29508196721311475,	0.012839628893306827,0.3875,
153,239,2,	0.10153188457427859,0.10047593865679534,	0.09653465346534654,0.09263657957244656,
153,173,31,	0.6363636363636364,0.0012339150361360832,
73,310,153,	0.02331117690725872,0.4815794112462542,	0.10628183361629881,0.7825,
153,83,320,	0.016506764751273214,0.9049885422175216,	0.07073329007138222,0.7767220902612827,
320,410,309,	0.025882444865508957,0.23356248898290147,	0.023561876459350456,0.2668269230769231,
153,349,112,	0.043866885134753376,0.6842940243257536,	0.056190707856969106,0.5486935866983373,
312,390,153,	1.0,0.012162876784769964,
153,112,268,	0.0630982905982906,0.5205358716728362,	0.07405764966740576,0.39667458432304037,
320,111,112,	0.08888888888888889,0.0021152829190904283,
153,344,349,	0.03299054455103872,0.0842587696104354,	0.032171581769437,0.057007125890736345,
153,304,67,	0.03295516427663823,0.6400493566014455,	0.07348703170028818,0.12114014251781473,
153,390,153,	0.046450116396465554,0.9813150008813679,	0.3177358490566038,1.0,
320,349,348,	0.08904109589041095,0.0022915564956812974,	0.14285714285714285,0.002403846153846154,
320,310,73,	0.011171171171171172,0.00546448087431694,
320,111,268,	0.04216867469879518,0.0024678300722721664,	0.03571428571428571,0.002403846153846154,
153,349,349,	0.04253091007364367,0.6657852987837123,	0.0541324311261479,0.5320665083135392,
320,112,112,	0.026158922145315094,0.5855808214348669,	0.029997029997029998,0.4855769230769231,
153,112,31,	0.06274310840520886,0.5231799753216992,	0.07036059806508356,0.38004750593824227,
320,12,249,	0.04672444681160122,0.1701040014101886,	0.06111696522655427,0.13942307692307693,
153,348,31,	0.23529411764705882,0.0028203772254539045,
153,111,173,	0.09946410123966942,0.5430988894764675,	0.10010921004732436,0.6532066508313539,
153,60,420,	0.015954028555196467,0.30195663670015865,	0.010995799357548802,0.21140142517814728,
320,72,348,	0.025869111373332122,0.30142781597038604,	0.03636363636363636,0.35096153846153844,
153,111,349,	0.1511627906976744,0.0022915564956812974,
153,349,12,	0.03509247340966059,0.09130971267407016,	0.03727714748784441,0.05463182897862233,
73,83,153,	0.0504256712508186,0.013573065397496916,	0.11654135338345864,0.0775,
153,12,112,	0.038981588032220946,0.14331041776837652,	0.03018500486854917,0.07363420427553444,
153,12,349,	0.03835031998103816,0.14260532346201304,	0.02669208770257388,0.0665083135391924,
153,111,10,	0.10183271324238666,0.13026617310065222,	0.12724550898203593,0.20190023752969122,
320,404,167,	0.01001062499548257,0.2441389035783536,
73,83,320,	0.027700831024930747,0.015864621893178214,	0.06221198156682028,0.0675,
320,111,349,	0.08849557522123894,0.0017627357659086903,
153,175,412,	0.01127196185403153,0.23127093248722017,	0.013783962889330682,0.24703087885985747,
153,112,249,	0.03514289621222481,0.09060461836770668,	0.03164556962025317,0.047505938242280284,
153,112,12,	0.035090124049071345,0.09025207121452494,	0.03475513428120063,0.052256532066508314,
312,83,320,	0.05103448275862069,0.006522122333862154,
133,370,153,	0.03773660691871266,0.6624361008284858,
320,268,31,	0.053839922549542604,0.48034549621011813,	0.05661792275965504,0.3629807692307692,
320,410,268,	0.08247422680412371,0.0014101886127269522,	1.0,0.002403846153846154,
153,344,112,	0.0333125993503352,0.08496386391679887,	0.03611111111111111,0.06175771971496437,
153,23,260,	0.10628205128205129,0.14613079499383042,	0.05952380952380952,0.011876484560570071,
153,12,12,	0.10553445469343462,0.20571126388154415,	0.1267605633802817,0.171021377672209,
320,323,86,	0.013220338983050847,0.07562136435748282,	0.02026635784597568,0.08413461538461539,
153,323,86,	0.025588856718053055,0.11528291909042834,	0.02511682242990654,0.1021377672209026,
320,72,309,	0.0197267806512587,0.4047241318526353,	0.02456322435564781,0.34134615384615385,
