27,188,	0.36363636363636365,0.028169014084507043,	0.36363636363636365,0.028169014084507043,
112,188,	0.11764705882352941,0.014084507042253521,	0.11764705882352941,0.014084507042253521,
264,188,	0.12903225806451613,0.028169014084507043,	0.12903225806451613,0.028169014084507043,
179,188,	1.0,0.07042253521126761,	1.0,0.07042253521126761,
191,188,	1.0,0.07746478873239436,	1.0,0.07746478873239436,
268,188,	0.19047619047619047,0.028169014084507043,	0.19047619047619047,0.028169014084507043,
31,188,	0.125,0.02112676056338028,	0.125,0.02112676056338028,
428,188,	1.0,0.07746478873239436,	1.0,0.07746478873239436,
416,188,	1.0,0.07042253521126761,	1.0,0.07042253521126761,
74,188,	0.5,0.007042253521126761,	0.5,0.007042253521126761,
311,188,	0.038461538461538464,0.007042253521126761,	0.038461538461538464,0.007042253521126761,
349,188,	0.1111111111111111,0.014084507042253521,	0.1111111111111111,0.014084507042253521,
349,268,188,	0.07407407407407407,0.028169014084507043,	0.07407407407407407,0.028169014084507043,
349,31,188,	0.0547945205479452,0.028169014084507043,	0.0547945205479452,0.028169014084507043,
90,327,188,	0.16666666666666666,0.035211267605633804,	0.20833333333333334,0.035211267605633804,
112,268,188,	0.08695652173913043,0.028169014084507043,	0.08695652173913043,0.028169014084507043,
118,355,188,	0.133086876155268,0.5070422535211268,
124,433,188,	0.01171875,0.08450704225352113,
7,138,188,	0.20535714285714285,0.1619718309859155,	0.2072072072072072,0.1619718309859155,
80,138,188,	0.3223684210526316,0.6901408450704225,	0.3223684210526316,0.6901408450704225,
124,280,188,	0.010816125860373648,0.07746478873239436,
349,349,188,	0.030534351145038167,0.028169014084507043,	0.030534351145038167,0.028169014084507043,
43,361,188,	0.011013215859030838,0.07042253521126761,
79,316,188,	0.1097972972972973,0.45774647887323944,
410,348,188,	0.04,0.035211267605633804,	0.04,0.035211267605633804,
410,346,188,	0.025974025974025976,0.014084507042253521,	0.025974025974025976,0.014084507042253521,
325,348,188,	0.1111111111111111,0.007042253521126761,
43,280,188,	0.011037527593818985,0.07042253521126761,
98,280,188,	0.1298904538341158,0.5845070422535211,
112,112,188,	0.031496062992125984,0.028169014084507043,	0.031496062992125984,0.028169014084507043,
187,424,188,	0.05555555555555555,0.04225352112676056,	0.05555555555555555,0.04225352112676056,
349,112,188,	0.04065040650406504,0.035211267605633804,	0.04065040650406504,0.035211267605633804,
223,460,188,	0.2127659574468085,0.07042253521126761,	0.23255813953488372,0.07042253521126761,
80,444,188,	0.4444444444444444,0.028169014084507043,	0.4444444444444444,0.028169014084507043,
43,335,188,	0.010893246187363835,0.07042253521126761,
31,31,188,	0.13846153846153847,0.06338028169014084,	0.13846153846153847,0.06338028169014084,
207,427,188,	0.1,0.07746478873239436,	0.1,0.07746478873239436,
124,398,188,	0.011560693641618497,0.028169014084507043,
137,374,188,	0.02666666666666667,0.07042253521126761,	0.02666666666666667,0.07042253521126761,
188,425,188,	0.4264264264264264,1.0,	0.4377104377104377,0.9154929577464789,
109,346,188,	0.13333333333333333,0.014084507042253521,	0.16666666666666666,0.014084507042253521,
111,173,188,	0.026881720430107527,0.035211267605633804,	0.026881720430107527,0.035211267605633804,
196,433,188,	0.010299625468164793,0.07746478873239436,
79,355,188,	0.1097972972972973,0.45774647887323944,
102,339,188,	0.03333333333333333,0.007042253521126761,
111,346,188,	0.020833333333333332,0.02112676056338028,	0.020833333333333332,0.02112676056338028,
286,49,188,	0.6,0.02112676056338028,	0.5,0.014084507042253521,
301,64,188,	0.019184652278177457,0.056338028169014086,	0.019184652278177457,0.056338028169014086,
124,335,188,	0.011527377521613832,0.08450704225352113,	0.07142857142857142,0.007042253521126761,
268,31,188,	0.14285714285714285,0.06338028169014084,	0.14285714285714285,0.06338028169014084,
118,316,188,	0.133086876155268,0.5070422535211268,
268,112,188,	0.07575757575757576,0.035211267605633804,	0.07575757575757576,0.035211267605633804,
31,268,188,	0.17307692307692307,0.06338028169014084,	0.17307692307692307,0.06338028169014084,
148,385,188,	0.20347394540942929,0.5774647887323944,	0.20347394540942929,0.5774647887323944,
98,398,188,	0.08878504672897196,0.13380281690140844,
7,244,188,	0.1478129713423831,0.6901408450704225,	0.1484848484848485,0.6901408450704225,
4,241,188,	0.31094527363184077,0.8802816901408451,	0.3123425692695214,0.8732394366197183,
268,349,188,	0.08108108108108109,0.04225352112676056,	0.08108108108108109,0.04225352112676056,
43,433,188,	0.011013215859030838,0.07042253521126761,
410,429,188,	0.3333333333333333,0.007042253521126761,	0.3333333333333333,0.007042253521126761,
112,31,188,	0.07462686567164178,0.035211267605633804,	0.07462686567164178,0.035211267605633804,
37,274,188,	0.016129032258064516,0.007042253521126761,
31,112,188,	0.0684931506849315,0.035211267605633804,	0.0684931506849315,0.035211267605633804,
456,219,188,	1.0,0.014084507042253521,	1.0,0.007042253521126761,
192,173,188,	0.020833333333333332,0.007042253521126761,	0.020833333333333332,0.007042253521126761,
161,433,188,	0.047619047619047616,0.014084507042253521,
98,433,188,	0.13125,0.5915492957746479,
161,335,188,	0.03076923076923077,0.014084507042253521,	0.05555555555555555,0.007042253521126761,
111,348,188,	0.03070175438596491,0.04929577464788732,	0.03070175438596491,0.04929577464788732,
351,114,188,	0.03875968992248062,0.035211267605633804,
7,49,188,	0.3333333333333333,0.014084507042253521,	0.3333333333333333,0.014084507042253521,
325,88,188,	0.19444444444444445,0.04929577464788732,	0.125,0.007042253521126761,
109,173,188,	0.125,0.014084507042253521,	0.16666666666666666,0.014084507042253521,
201,438,188,	0.1978319783197832,0.5140845070422535,
304,67,188,	0.02654867256637168,0.02112676056338028,
112,349,188,	0.045454545454545456,0.04225352112676056,	0.045454545454545456,0.04225352112676056,
80,244,188,	0.2222222222222222,0.014084507042253521,	0.2222222222222222,0.014084507042253521,
375,244,188,	0.018469656992084433,0.04929577464788732,	0.018469656992084433,0.04929577464788732,
207,317,188,	0.09153318077803203,0.28169014084507044,	0.09195402298850575,0.28169014084507044,
192,429,188,	0.2857142857142857,0.014084507042253521,	0.2857142857142857,0.014084507042253521,
389,152,188,	0.06367495451788963,0.7394366197183099,	0.16541353383458646,0.4647887323943662,
111,327,188,	0.015267175572519083,0.014084507042253521,	0.015267175572519083,0.014084507042253521,
109,348,188,	0.10526315789473684,0.014084507042253521,	0.15384615384615385,0.014084507042253521,
111,88,188,	0.016666666666666666,0.007042253521126761,	0.016666666666666666,0.007042253521126761,
55,292,188,	0.01373283395755306,0.07746478873239436,	0.013513513513513514,0.035211267605633804,
378,141,188,	0.4444444444444444,0.16901408450704225,	0.4444444444444444,0.16901408450704225,
90,348,188,	0.25,0.014084507042253521,	0.25,0.014084507042253521,
80,317,188,	0.316622691292876,0.8450704225352113,	0.316622691292876,0.8450704225352113,
410,173,188,	0.07476635514018691,0.056338028169014086,	0.07476635514018691,0.056338028169014086,
59,296,188,	0.01059135039717564,0.08450704225352113,	0.010657193605683837,0.08450704225352113,
124,361,188,	0.01171875,0.08450704225352113,
196,398,188,	0.013812154696132596,0.035211267605633804,
381,144,188,	0.05813953488372093,0.035211267605633804,	0.1111111111111111,0.007042253521126761,
390,153,188,	0.09090909090909091,0.07042253521126761,
74,311,188,	0.43333333333333335,0.18309859154929578,	0.43333333333333335,0.18309859154929578,
207,444,188,	0.09266802443991853,0.6408450704225352,	0.09295199182839632,0.6408450704225352,
245,8,188,	0.05084745762711865,0.02112676056338028,	0.05,0.014084507042253521,
31,349,188,	0.0625,0.035211267605633804,	0.0625,0.035211267605633804,
161,280,188,	0.030303030303030304,0.007042253521126761,
286,244,188,	0.021505376344086023,0.014084507042253521,	0.01282051282051282,0.007042253521126761,
363,126,188,	0.05263157894736842,0.028169014084507043,
196,335,188,	0.01,0.07746478873239436,	0.05555555555555555,0.007042253521126761,
101,338,188,	0.03189493433395872,0.11971830985915492,	0.03189493433395872,0.11971830985915492,
98,335,188,	0.13395638629283488,0.6056338028169014,	1.0,0.014084507042253521,
390,320,188,	0.017391304347826087,0.014084507042253521,
232,469,188,	0.0106951871657754,0.08450704225352113,	0.016917293233082706,0.06338028169014084,
268,268,188,	0.1956521739130435,0.06338028169014084,	0.1956521739130435,0.06338028169014084,
143,380,188,	0.011627906976744186,0.007042253521126761,
98,361,188,	0.13125,0.5915492957746479,
83,153,188,	0.018867924528301886,0.014084507042253521,
146,383,188,	0.015625,0.014084507042253521,	0.015625,0.014084507042253521,
161,361,188,	0.047619047619047616,0.014084507042253521,
106,343,188,	0.014925373134328358,0.007042253521126761,	0.021739130434782608,0.007042253521126761,
443,206,188,	0.10252996005326231,0.5422535211267606,	0.1774193548387097,0.3873239436619718,
7,317,188,	0.12698412698412698,0.11267605633802817,	0.128,0.11267605633802817,
196,361,188,	0.010299625468164793,0.07746478873239436,
190,427,188,	0.019230769230769232,0.007042253521126761,	0.019230769230769232,0.007042253521126761,
264,27,188,	0.21052631578947367,0.08450704225352113,	0.21052631578947367,0.08450704225352113,
