122,	0.8103448275862069,0.8092715231788079,	0.823170731707317,0.8132530120481928,
281,	0.5268571428571428,0.8141280353200883,	0.6113744075829384,0.7771084337349398,
281,270,	0.4869063470927652,0.9686534216335541,
8,28,	0.8666666666666667,0.045916114790286976,	0.7777777777777778,0.04216867469879518,
8,122,	0.8524590163934426,0.045916114790286976,	0.7777777777777778,0.04216867469879518,
8,281,	0.8387096774193549,0.045916114790286976,	0.7777777777777778,0.04216867469879518,
28,33,	0.757201646090535,0.9748344370860927,
28,270,	0.7559055118110236,0.9748344370860927,
122,33,	0.7571183533447684,0.97439293598234,
122,270,	0.755570791909496,0.9730684326710817,
281,33,	0.49739406299569455,0.9690949227373068,
245,28,	0.7907407407407407,0.18852097130242826,	0.8529411764705882,0.1750503018108652,
245,122,	0.79,0.17439293598233996,	0.8514851485148515,0.17303822937625754,
245,281,	0.7953667953667953,0.18189845474613686,	0.8571428571428571,0.18108651911468812,
443,206,28,	0.03755868544600939,0.010596026490066225,	0.0625,0.010040160642570281,
28,265,281,	0.3293010752688172,0.6490066225165563,
188,425,28,	0.031007751937984496,0.005298013245033113,	0.03333333333333333,0.006036217303822937,
28,265,122,	0.26152073732718895,0.6013245033112583,	1.0,1.0,
3,240,122,	0.3120281831907398,0.2737306843267108,	0.5357142857142857,0.12048192771084337,
122,359,281,	0.29910514541387023,0.5902869757174393,	0.4115853658536585,0.8132530120481928,
286,244,28,	0.88,0.009713024282560706,	0.8333333333333334,0.010040160642570281,
122,44,122,	0.2574447646493756,0.5916114790286976,	0.823170731707317,0.8132530120481928,
122,44,28,	0.27309417040358747,0.5377483443708609,	0.823170731707317,0.8132530120481928,
281,265,122,	0.2479087452471483,0.5757174392935982,	0.821656050955414,0.7771084337349398,
28,44,122,	0.26826923076923076,0.6158940397350994,	1.0,1.0,
281,44,281,	0.14575342465753424,0.46975717439293596,
28,265,28,	0.19133574007220217,0.37439293598233997,	1.0,1.0,
7,244,122,	0.0962962962962963,0.005739514348785872,	0.09302325581395349,0.008032128514056224,
202,439,28,	0.6288888888888889,0.3748344370860927,	0.8007518796992481,0.42771084337349397,
28,359,122,	0.19431643625192013,0.4467991169977925,	1.0,1.0,
363,126,28,	0.7502287282708143,0.3620309050772627,	0.8636363636363636,0.03815261044176707,
286,49,122,	0.7205240174672489,0.2185430463576159,	0.7183098591549296,0.20481927710843373,
122,265,122,	0.24870565675934803,0.5726269315673289,	0.823170731707317,0.8132530120481928,
122,265,28,	0.21882035119315624,0.4291390728476821,	0.823170731707317,0.8132530120481928,
4,241,28,	0.023076923076923078,0.005298013245033113,	0.023076923076923078,0.006036217303822937,
28,359,281,	0.30510752688172044,0.6013245033112583,	0.5,1.0,
381,144,281,	0.39608217869087436,0.36600441501103753,	0.18867924528301888,0.040160642570281124,
266,29,28,	0.7900943396226415,0.1479028697571744,	0.9230769230769231,0.024096385542168676,
28,359,28,	0.2792469744509189,0.5501103752759382,	1.0,1.0,
122,359,28,	0.27248322147651005,0.5377483443708609,	0.823170731707317,0.8132530120481928,
443,206,122,	0.03421461897356143,0.009713024282560706,	0.0625,0.010040160642570281,
188,425,122,	0.026455026455026454,0.004415011037527594,	0.030303030303030304,0.006036217303822937,
286,49,28,	0.88,0.27196467991169976,	0.8344370860927153,0.25301204819277107,
443,206,281,	0.014018691588785047,0.009271523178807948,	0.03260869565217391,0.006024096385542169,
4,241,122,	0.023076923076923078,0.005298013245033113,	0.023076923076923078,0.006036217303822937,
281,265,28,	0.2116413916146298,0.41898454746136865,	0.821656050955414,0.7771084337349398,
80,317,122,	0.05732484076433121,0.003973509933774834,	0.06666666666666667,0.006036217303822937,
266,29,122,	0.8434343434343434,0.14746136865342163,	0.9230769230769231,0.024096385542168676,
389,152,28,	0.01867816091954023,0.005739514348785872,	0.039473684210526314,0.006036217303822937,
375,138,28,	0.5,0.0013245033112582781,
266,29,281,	0.2830508474576271,0.14746136865342163,	0.12244897959183673,0.024096385542168676,
3,240,28,	0.35628227194492257,0.27417218543046357,	0.5357142857142857,0.12048192771084337,
7,49,28,	0.033582089552238806,0.007947019867549669,	0.035211267605633804,0.010040160642570281,
363,144,28,	0.7493138151875571,0.3615894039735099,	0.8636363636363636,0.03815261044176707,
363,126,281,	0.7546125461254612,0.3611479028697572,	0.8571428571428571,0.03614457831325301,
389,152,122,	0.01867816091954023,0.005739514348785872,	0.039473684210526314,0.006036217303822937,
363,126,122,	0.7513761467889908,0.3615894039735099,	0.8636363636363636,0.03815261044176707,
7,244,281,	0.08994708994708994,0.0075055187637969095,	0.06521739130434782,0.006024096385542169,
3,240,281,	0.023032393151865994,0.16512141280353201,	0.036923076923076927,0.12048192771084337,
7,244,28,	0.13970588235294118,0.008388520971302429,	0.09302325581395349,0.008032128514056224,
381,144,28,	0.7589041095890411,0.36688741721854307,	0.8333333333333334,0.040160642570281124,
80,317,28,	0.05732484076433121,0.003973509933774834,	0.06666666666666667,0.006036217303822937,
281,359,28,	0.2712164857079548,0.5403973509933775,	0.821656050955414,0.7771084337349398,
207,444,28,	0.5,0.0013245033112582781,	0.5,0.002008032128514056,
202,439,122,	0.524074074074074,0.3748344370860927,	0.8007518796992481,0.42771084337349397,
363,144,281,	0.7543859649122807,0.36070640176600444,	0.8636363636363636,0.03815261044176707,
381,126,122,	0.7607699358386801,0.36644591611479027,	0.8333333333333334,0.040160642570281124,
381,126,281,	0.7652495378927912,0.3655629139072848,	0.8181818181818182,0.03614457831325301,
122,265,281,	0.31722595078299776,0.6260485651214128,
286,49,281,	0.22083333333333333,0.23399558498896247,	0.2099009900990099,0.21285140562248997,
381,126,28,	0.7589041095890411,0.36688741721854307,	0.8333333333333334,0.040160642570281124,
363,144,122,	0.7513761467889908,0.3615894039735099,	0.8636363636363636,0.03815261044176707,
381,144,122,	0.76007326007326,0.36644591611479027,	0.8333333333333334,0.040160642570281124,
281,44,122,	0.2578350317246683,0.5920529801324503,	0.821656050955414,0.7771084337349398,
281,44,28,	0.2748091603053435,0.5403973509933775,	0.821656050955414,0.7771084337349398,
375,138,122,	0.375,0.0013245033112582781,
389,152,281,	0.01867816091954023,0.005739514348785872,	0.039473684210526314,0.006036217303822937,
28,44,28,	0.2797485406376291,0.5501103752759382,	1.0,1.0,
281,359,122,	0.20399239543726236,0.47373068432671084,	0.821656050955414,0.7771084337349398,
122,359,122,	0.2084372003835091,0.47991169977924947,	0.823170731707317,0.8132530120481928,
