159,	0.018947368421052633,0.05,	0.019027484143763214,0.05056179775280899,
87,	0.010101010101010102,0.005555555555555556,	0.029411764705882353,0.0056179775280898875,
116,	0.03347280334728033,0.13333333333333333,	0.03234880450070324,0.12921348314606743,
396,	0.021052631578947368,0.05555555555555555,	0.021141649048625793,0.056179775280898875,
324,	0.010101010101010102,0.005555555555555556,	0.029411764705882353,0.0056179775280898875,
347,	0.011111111111111112,0.011111111111111112,	0.011235955056179775,0.011235955056179775,
353,	0.03765690376569038,0.15,	0.03656821378340366,0.14606741573033707,
116,116,	0.026490066225165563,0.15555555555555556,	0.025787965616045846,0.15168539325842698,
166,410,	0.028169014084507043,0.044444444444444446,	0.03,0.016853932584269662,
110,347,	0.03664921465968586,0.03888888888888889,	0.037037037037037035,0.03932584269662921,
110,396,	0.0125,0.005555555555555556,	0.0125,0.0056179775280898875,
166,215,	0.03343465045592705,0.06111111111111111,	0.03353658536585366,0.06179775280898876,
353,347,	0.06842105263157895,0.07222222222222222,	0.06989247311827956,0.07303370786516854,
170,373,	0.045454545454545456,0.016666666666666666,
347,353,	0.06701030927835051,0.07222222222222222,	0.06770833333333333,0.07303370786516854,
347,110,	0.03608247422680412,0.03888888888888889,	0.036458333333333336,0.03932584269662921,
159,396,	0.015822784810126583,0.05555555555555555,	0.015873015873015872,0.056179775280898875,
452,373,	0.01088646967340591,0.11666666666666667,
452,407,	0.0297029702970297,0.016666666666666666,	0.01818181818181818,0.0056179775280898875,
136,72,	0.010793308148947653,0.1111111111111111,	0.01028695181375203,0.10674157303370786,
136,373,	0.012148337595907928,0.2111111111111111,
136,384,	0.019963702359346643,0.06111111111111111,
136,403,	0.022821576763485476,0.06111111111111111,	0.0189873417721519,0.016853932584269662,
136,407,	0.030303030303030304,0.011111111111111112,
116,353,	0.02665441176470588,0.16111111111111112,	0.025974025974025976,0.15730337078651685,
353,116,	0.025711662075298437,0.15555555555555556,	0.025023169601482854,0.15168539325842698,
110,159,	0.013513513513513514,0.005555555555555556,	0.013513513513513514,0.0056179775280898875,
10,373,	0.011574074074074073,0.08333333333333333,	0.01,0.016853932584269662,
10,403,	0.01824817518248175,0.027777777777777776,
10,407,	0.02127659574468085,0.011111111111111112,	0.015625,0.0056179775280898875,
159,159,	0.016233766233766232,0.05555555555555555,	0.016286644951140065,0.056179775280898875,
173,403,	0.01056338028169014,0.016666666666666666,	0.010101010101010102,0.0056179775280898875,
396,159,	0.015748031496062992,0.05555555555555555,	0.01579778830963665,0.056179775280898875,
170,215,	0.0297029702970297,0.016666666666666666,	0.0297029702970297,0.016853932584269662,
116,347,	0.06914893617021277,0.07222222222222222,	0.07065217391304347,0.07303370786516854,
166,111,	0.027426160337552744,0.07222222222222222,	0.027426160337552744,0.07303370786516854,
347,116,	0.0707070707070707,0.07777777777777778,	0.07142857142857142,0.07865168539325842,
309,403,	0.016055045871559634,0.03888888888888889,
110,116,	0.010526315789473684,0.011111111111111112,	0.010752688172043012,0.011235955056179775,
166,247,	0.021897810218978103,0.03333333333333333,
116,110,	0.020618556701030927,0.022222222222222223,	0.020833333333333332,0.02247191011235955,
110,353,	0.010638297872340425,0.011111111111111112,	0.010869565217391304,0.011235955056179775,
353,110,	0.020202020202020204,0.022222222222222223,	0.02040816326530612,0.02247191011235955,
170,247,	0.010638297872340425,0.005555555555555556,
348,403,	0.010548523206751054,0.027777777777777776,
353,353,	0.027436140018921477,0.16111111111111112,	0.026743075453677174,0.15730337078651685,
166,72,	0.02522935779816514,0.06111111111111111,	0.02522935779816514,0.06179775280898876,
166,373,	0.043568464730290454,0.11666666666666667,	0.033112582781456956,0.028089887640449437,
166,403,	0.024242424242424242,0.17777777777777778,	0.020028612303290415,0.07865168539325842,
110,110,	0.09090909090909091,0.03333333333333333,	0.09230769230769231,0.033707865168539325,
396,396,	0.016233766233766232,0.05555555555555555,	0.016286644951140065,0.056179775280898875,
110,136,373,	0.20496894409937888,0.36666666666666664,	0.18888888888888888,0.09550561797752809,
110,309,410,	0.044797687861271675,0.34444444444444444,	0.046251993620414676,0.16292134831460675,
347,110,347,	0.010582010582010581,0.011111111111111112,	0.0106951871657754,0.011235955056179775,
353,116,353,	0.024451939291736932,0.16111111111111112,	0.023972602739726026,0.15730337078651685,
110,170,407,	0.0494279176201373,0.6,	0.4,0.011235955056179775,
166,403,110,	0.17994100294985252,0.3388888888888889,	0.19491525423728814,0.25842696629213485,
110,348,410,	0.07095553453169347,0.4166666666666667,	0.08383233532934131,0.15730337078651685,
110,26,72,	0.0625,0.005555555555555556,	0.0625,0.0056179775280898875,
278,41,110,	0.06930693069306931,0.11666666666666667,	0.1111111111111111,0.033707865168539325,
110,235,472,	0.014564062192481795,0.4111111111111111,	0.05,0.0898876404494382,
136,373,110,	0.1893491124260355,0.35555555555555557,	0.19014084507042253,0.30337078651685395,
110,10,247,	0.10526315789473684,0.4666666666666667,	0.1111111111111111,0.056179775280898875,
110,213,450,	0.08294930875576037,0.1,
309,111,110,	0.04485363550519358,0.5277777777777778,	0.049273858921161824,0.5337078651685393,
211,448,110,	0.12030075187969924,0.17777777777777778,
348,111,110,	0.04981163666806195,0.6611111111111111,	0.051248357424441525,0.6573033707865169,
347,347,110,	0.02702702702702703,0.011111111111111112,	0.0273972602739726,0.011235955056179775,
110,116,110,	0.21951219512195122,0.15,	0.21311475409836064,0.14606741573033707,
353,347,110,	0.140625,0.15,	0.13829787234042554,0.14606741573033707,
110,347,116,	0.125,0.1388888888888889,	0.12121212121212122,0.1348314606741573,
110,173,72,	0.06458123107971746,0.35555555555555557,	0.06490872210953347,0.3595505617977528,
110,348,111,	0.056651279899286616,0.75,	0.11072056239015818,0.3539325842696629,
110,166,403,	0.1401098901098901,0.2833333333333333,	0.13,0.14606741573033707,
110,225,462,	0.04776739356178609,0.25555555555555554,
110,371,134,	0.06983655274888559,0.2611111111111111,	0.07024029574861368,0.21348314606741572,
10,111,110,	0.07038123167155426,0.13333333333333333,	0.07371794871794872,0.12921348314606743,
116,347,110,	0.1256544502617801,0.13333333333333333,	0.12299465240641712,0.12921348314606743,
348,410,110,	0.0651685393258427,0.32222222222222224,	0.06763285024154589,0.3146067415730337,
353,116,110,	0.1360544217687075,0.2222222222222222,	0.13402061855670103,0.21910112359550563,
371,134,110,	0.07415254237288135,0.19444444444444445,	0.08238636363636363,0.16292134831460675,
110,347,110,	0.9523809523809523,1.0,	0.9518716577540107,1.0,
110,110,347,	0.8873239436619719,0.35,	0.8857142857142857,0.34831460674157305,
173,410,110,	0.13808463251670378,0.34444444444444444,	0.13986013986013987,0.33707865168539325,
116,353,116,	0.023608768971332208,0.15555555555555556,	0.023116438356164382,0.15168539325842698,
110,173,111,	0.07554671968190854,0.4222222222222222,	0.07543323139653414,0.4157303370786517,
116,353,110,	0.1388888888888889,0.2222222222222222,	0.1368421052631579,0.21910112359550563,
110,452,215,	0.16956521739130434,0.43333333333333335,	0.12903225806451613,0.0898876404494382,
452,215,110,	0.1802030456852792,0.39444444444444443,	0.18694362017804153,0.3539325842696629,
348,247,110,	0.06775067750677506,0.1388888888888889,	0.07272727272727272,0.1348314606741573,
110,116,353,	0.13651877133105803,0.2222222222222222,	0.13240418118466898,0.21348314606741572,
110,309,111,	0.034986413043478264,0.5722222222222222,	0.04192139737991266,0.2696629213483146,
110,348,247,	0.07142857142857142,0.1111111111111111,	0.04838709677419355,0.016853932584269662,
110,278,41,	0.08806818181818182,0.17222222222222222,	0.16666666666666666,0.02247191011235955,
309,410,110,	0.056712962962962965,0.2722222222222222,	0.062103929024081114,0.2752808988764045,
110,348,72,	0.044899738448125545,0.5722222222222222,	0.0527448869752422,0.2752808988764045,
110,88,325,	0.013385999561114768,0.6777777777777778,	0.04597701149425287,0.02247191011235955,
110,353,116,	0.14675767918088736,0.2388888888888889,	0.14285714285714285,0.2303370786516854,
88,325,110,	0.013799145767166794,0.7,	0.014719848053181387,0.17415730337078653,
110,75,312,	0.022066198595787363,0.36666666666666664,	0.011111111111111112,0.0056179775280898875,
173,111,110,	0.05702647657841141,0.3111111111111111,	0.057385759829968117,0.30337078651685395,
110,26,263,	0.125,0.005555555555555556,
110,147,384,	0.059230009871668314,0.3333333333333333,	0.06097560975609756,0.056179775280898875,
110,347,353,	0.13705583756345177,0.15,	0.13333333333333333,0.14606741573033707,
235,472,110,	0.014283029505732006,0.4222222222222222,	0.05078125,0.07303370786516854,
110,110,110,	0.07142857142857142,0.011111111111111112,	0.07142857142857142,0.011235955056179775,
110,173,410,	0.16380952380952382,0.4777777777777778,	0.18141592920353983,0.2303370786516854,
10,247,110,	0.11590296495956873,0.4777777777777778,	0.11061285500747384,0.4157303370786517,
173,72,110,	0.03230437903804738,0.25,	0.03277494537509104,0.25280898876404495,
170,407,110,	0.04893893460372455,0.6277777777777778,	0.04978458592628052,0.5842696629213483,
110,353,110,	0.1953125,0.1388888888888889,	0.1889763779527559,0.1348314606741573,
225,462,110,	0.04774193548387097,0.20555555555555555,
110,211,448,	0.1347517730496454,0.2111111111111111,
110,309,72,	0.023277102131554858,0.9888888888888889,	0.05291005291005291,0.6741573033707865,
347,110,110,	0.9054054054054054,0.37222222222222223,	0.9041095890410958,0.3707865168539326,
110,10,111,	0.05555555555555555,0.11666666666666667,	0.05585106382978723,0.11797752808988764,
75,312,110,	0.019862490450725745,0.28888888888888886,	0.01639344262295082,0.0056179775280898875,
309,72,110,	0.022877084141139977,0.9833333333333333,	0.02287241942670429,0.8651685393258427,
213,450,110,	0.07623318385650224,0.09444444444444444,
110,347,347,	0.028169014084507043,0.011111111111111112,	0.02857142857142857,0.011235955056179775,
147,384,110,	0.06060606060606061,0.36666666666666664,	0.0733652312599681,0.25842696629213485,
348,72,110,	0.030333003626772173,0.5111111111111111,	0.030717863105175294,0.5168539325842697,
