161,	0.358974358974359,0.11666666666666667,	0.358974358974359,0.11666666666666667,
196,	0.6050420168067226,0.8,	0.6050420168067226,0.8,
79,	0.40404040404040403,0.2222222222222222,	0.40404040404040403,0.2222222222222222,
98,	0.3627906976744186,0.21666666666666667,	0.3627906976744186,0.21666666666666667,
118,	0.43646408839779005,0.21944444444444444,	0.43646408839779005,0.21944444444444444,
124,	0.6140350877192983,0.7777777777777778,	0.6140350877192983,0.7777777777777778,
191,118,	0.7125,0.15833333333333333,	0.7125,0.15833333333333333,
324,43,	0.875,0.019444444444444445,	0.875,0.019444444444444445,
191,98,	0.6842105263157895,0.14444444444444443,	0.6842105263157895,0.14444444444444443,
191,196,	0.5942857142857143,0.5777777777777777,	0.5942857142857143,0.5777777777777777,
191,43,	1.0,0.7055555555555556,	1.0,0.7055555555555556,
191,79,	0.6708860759493671,0.14722222222222223,	0.6708860759493671,0.14722222222222223,
324,124,	0.6363636363636364,0.019444444444444445,	0.6363636363636364,0.019444444444444445,
428,118,	0.7125,0.15833333333333333,	0.7125,0.15833333333333333,
428,196,	0.5942857142857143,0.5777777777777777,	0.5942857142857143,0.5777777777777777,
428,98,	0.6842105263157895,0.14444444444444443,	0.6842105263157895,0.14444444444444443,
416,161,	0.3373493975903614,0.07777777777777778,	0.3373493975903614,0.07777777777777778,
7,57,	0.3333333333333333,0.002777777777777778,	0.3333333333333333,0.002777777777777778,
207,96,	0.40601503759398494,0.6,	0.4067796610169492,0.6,
7,96,	0.16129032258064516,0.013888888888888888,	0.16129032258064516,0.013888888888888888,
264,196,	0.25,0.002777777777777778,	0.25,0.002777777777777778,
428,124,	0.5811209439528023,0.5472222222222223,	0.5811209439528023,0.5472222222222223,
191,161,	0.35714285714285715,0.08333333333333333,	0.35714285714285715,0.08333333333333333,
416,98,	0.7037037037037037,0.15833333333333333,	0.7037037037037037,0.15833333333333333,
416,43,	1.0,0.7138888888888889,	1.0,0.7138888888888889,
179,196,	0.5948275862068966,0.575,	0.5948275862068966,0.575,
179,79,	0.6835443037974683,0.15,	0.6835443037974683,0.15,
378,22,	0.08,0.011111111111111112,	0.08333333333333333,0.011111111111111112,
264,124,	0.5294117647058824,0.025,	0.5294117647058824,0.025,
428,43,	1.0,0.7055555555555556,	1.0,0.7055555555555556,
416,118,	0.7083333333333334,0.14166666666666666,	0.7083333333333334,0.14166666666666666,
428,161,	0.35714285714285715,0.08333333333333333,	0.35714285714285715,0.08333333333333333,
179,98,	0.7037037037037037,0.15833333333333333,	0.7037037037037037,0.15833333333333333,
179,43,	1.0,0.7138888888888889,	1.0,0.7138888888888889,
179,161,	0.3373493975903614,0.07777777777777778,	0.3373493975903614,0.07777777777777778,
87,196,	0.75,0.016666666666666666,	0.75,0.016666666666666666,
87,124,	0.7777777777777778,0.019444444444444445,	0.7777777777777778,0.019444444444444445,
375,96,	0.10299166257969593,0.5833333333333334,	0.10299166257969593,0.5833333333333334,
416,196,	0.5948275862068966,0.575,	0.5948275862068966,0.575,
375,57,	0.1336432306798373,0.6388888888888888,	0.1336432306798373,0.6388888888888888,
223,22,	0.5621301775147929,0.2638888888888889,	0.5621301775147929,0.2638888888888889,
179,118,	0.7083333333333334,0.14166666666666666,	0.7083333333333334,0.14166666666666666,
416,79,	0.6835443037974683,0.15,	0.6835443037974683,0.15,
324,196,	0.6,0.016666666666666666,	0.6,0.016666666666666666,
191,124,	0.5811209439528023,0.5472222222222223,	0.5811209439528023,0.5472222222222223,
428,79,	0.6708860759493671,0.14722222222222223,	0.6708860759493671,0.14722222222222223,
87,43,	1.0,0.019444444444444445,	1.0,0.019444444444444445,
27,196,	0.14285714285714285,0.002777777777777778,	0.14285714285714285,0.002777777777777778,
179,124,	0.6006006006006006,0.5555555555555556,	0.6006006006006006,0.5555555555555556,
416,124,	0.6006006006006006,0.5555555555555556,	0.6006006006006006,0.5555555555555556,
27,124,	0.16666666666666666,0.002777777777777778,	0.16666666666666666,0.002777777777777778,
7,138,196,	0.28397212543554007,0.4527777777777778,	0.2844677137870855,0.4527777777777778,
94,191,196,	0.2,0.002777777777777778,	0.2,0.002777777777777778,
179,416,124,	0.6006006006006006,0.5555555555555556,	0.6006006006006006,0.5555555555555556,
223,460,196,	0.483739837398374,0.6611111111111111,	0.48218029350104824,0.6388888888888888,
428,179,43,	1.0,0.5638888888888889,	1.0,0.5638888888888889,
223,460,43,	0.675392670157068,0.7166666666666667,	0.6732394366197183,0.6638888888888889,
55,292,196,	0.1136469492314858,0.6777777777777778,	0.2701492537313433,0.5027777777777778,
416,428,196,	0.5928571428571429,0.46111111111111114,	0.5928571428571429,0.46111111111111114,
179,191,43,	1.0,0.5638888888888889,	1.0,0.5638888888888889,
79,316,43,	0.40609137055837563,0.2222222222222222,
101,338,196,	0.5310734463276836,0.2611111111111111,	0.5310734463276836,0.2611111111111111,
375,244,124,	0.44751381215469616,0.45,	0.44751381215469616,0.45,
416,428,43,	1.0,0.5638888888888889,	1.0,0.5638888888888889,
7,244,43,	0.44785276073619634,0.6083333333333333,	0.4487704918032787,0.6083333333333333,
443,206,43,	0.1392931392931393,0.18611111111111112,	0.09580838323353294,0.044444444444444446,
94,416,124,	0.14285714285714285,0.002777777777777778,	0.14285714285714285,0.002777777777777778,
118,316,43,	0.4388888888888889,0.21944444444444444,
94,331,196,	0.3333333333333333,0.005555555555555556,	0.3333333333333333,0.005555555555555556,
428,179,196,	0.5928571428571429,0.46111111111111114,	0.5928571428571429,0.46111111111111114,
416,191,43,	1.0,0.5638888888888889,	1.0,0.5638888888888889,
79,355,124,	0.40609137055837563,0.2222222222222222,
390,153,124,	0.014492753623188406,0.002777777777777778,
179,428,196,	0.5928571428571429,0.46111111111111114,	0.5928571428571429,0.46111111111111114,
331,331,196,	0.14285714285714285,0.002777777777777778,	0.14285714285714285,0.002777777777777778,
196,433,196,	0.6050420168067226,0.8,	0.4057971014492754,0.07777777777777778,
196,433,43,	0.08280254777070063,0.10833333333333334,	0.4057971014492754,0.07777777777777778,
187,424,43,	0.6274509803921569,0.08888888888888889,	0.6274509803921569,0.08888888888888889,
98,335,43,	0.36619718309859156,0.21666666666666667,
196,280,43,	0.6114649681528662,0.8,	0.4057971014492754,0.07777777777777778,
7,138,124,	0.3287128712871287,0.46111111111111114,	0.32936507936507936,0.46111111111111114,
124,280,196,	0.08552631578947369,0.10833333333333334,	0.379746835443038,0.08333333333333333,
389,152,43,	0.03298538622129436,0.21944444444444444,	0.13109756097560976,0.11944444444444445,
428,428,43,	1.0,0.7055555555555556,	1.0,0.7055555555555556,
201,438,43,	0.178743961352657,0.10277777777777777,
179,94,124,	0.25,0.002777777777777778,	0.25,0.002777777777777778,
43,361,124,	1.0,1.0,	1.0,0.10555555555555556,
98,335,196,	0.36619718309859156,0.21666666666666667,
201,438,124,	0.1072463768115942,0.10277777777777777,
191,416,196,	0.5928571428571429,0.46111111111111114,	0.5928571428571429,0.46111111111111114,
59,296,124,	0.08521809369951534,0.5861111111111111,	0.0854251012145749,0.5861111111111111,
118,316,196,	0.4388888888888889,0.21944444444444444,
379,142,43,	0.05907825549025673,0.5305555555555556,	0.05263157894736842,0.06388888888888888,
7,244,124,	0.3547794117647059,0.5361111111111111,	0.35543278084714547,0.5361111111111111,
124,433,43,	0.08552631578947369,0.10833333333333334,	0.379746835443038,0.08333333333333333,
79,316,124,	0.40609137055837563,0.2222222222222222,
416,179,43,	1.0,0.7138888888888889,	1.0,0.7138888888888889,
163,400,196,	0.011627906976744186,0.8166666666666667,
232,469,196,	0.09872611464968153,0.6027777777777777,	0.23130434782608697,0.36944444444444446,
207,444,124,	0.4117647058823529,0.7583333333333333,	0.4123867069486405,0.7583333333333333,
118,355,43,	0.4388888888888889,0.21944444444444444,
428,191,124,	0.5811209439528023,0.5472222222222223,	0.5811209439528023,0.5472222222222223,
301,64,43,	0.7606382978723404,0.3972222222222222,	0.7606382978723404,0.3972222222222222,
43,433,124,	0.5295857988165681,0.9944444444444445,	1.0,0.10555555555555556,
59,296,196,	0.06884627475636593,0.6083333333333333,	0.06944444444444445,0.6111111111111112,
331,94,43,	1.0,0.002777777777777778,	1.0,0.002777777777777778,
375,138,196,	0.12433257055682685,0.9055555555555556,	0.12433257055682685,0.9055555555555556,
94,191,124,	0.16666666666666666,0.002777777777777778,	0.16666666666666666,0.002777777777777778,
179,191,196,	0.5928571428571429,0.46111111111111114,	0.5928571428571429,0.46111111111111114,
43,361,43,	0.1414141414141414,0.15555555555555556,	1.0,0.10555555555555556,
118,316,124,	0.4388888888888889,0.21944444444444444,
190,427,196,	0.019230769230769232,0.002777777777777778,	0.019230769230769232,0.002777777777777778,
179,179,196,	0.5948275862068966,0.575,	0.5948275862068966,0.575,
118,355,196,	0.4388888888888889,0.21944444444444444,
94,94,124,	0.1111111111111111,0.002777777777777778,	0.1111111111111111,0.002777777777777778,
124,280,124,	0.08387096774193549,0.10833333333333334,	0.379746835443038,0.08333333333333333,
375,244,196,	0.4327956989247312,0.44722222222222224,	0.4327956989247312,0.44722222222222224,
196,361,196,	0.3163716814159292,0.7944444444444444,	0.4057971014492754,0.07777777777777778,
428,191,196,	0.5942857142857143,0.5777777777777777,	0.5942857142857143,0.5777777777777777,
428,416,43,	1.0,0.5638888888888889,	1.0,0.5638888888888889,
428,428,124,	0.5811209439528023,0.5472222222222223,	0.5811209439528023,0.5472222222222223,
118,355,124,	0.4388888888888889,0.21944444444444444,
43,361,196,	0.5070821529745042,0.9944444444444445,	1.0,0.10555555555555556,
443,206,196,	0.12476722532588454,0.18611111111111112,	0.08743169398907104,0.044444444444444446,
416,179,196,	0.5948275862068966,0.575,	0.5948275862068966,0.575,
59,296,43,	0.1040994933210502,0.6277777777777778,	0.10438799076212471,0.6277777777777778,
191,94,196,	0.3333333333333333,0.002777777777777778,	0.3333333333333333,0.002777777777777778,
31,268,43,	0.25,0.002777777777777778,	0.25,0.002777777777777778,
179,428,124,	0.5875912408759124,0.44722222222222224,	0.5875912408759124,0.44722222222222224,
94,179,124,	0.14285714285714285,0.002777777777777778,	0.14285714285714285,0.002777777777777778,
55,292,43,	0.13585090730750368,0.7694444444444445,	0.3,0.5,
7,138,43,	0.35968379446640314,0.5055555555555555,	0.3603960396039604,0.5055555555555555,
416,191,196,	0.5928571428571429,0.46111111111111114,	0.5928571428571429,0.46111111111111114,
179,179,43,	1.0,0.7138888888888889,	1.0,0.7138888888888889,
101,338,124,	0.5310734463276836,0.2611111111111111,	0.5310734463276836,0.2611111111111111,
416,428,124,	0.5875912408759124,0.44722222222222224,	0.5875912408759124,0.44722222222222224,
331,94,124,	0.08333333333333333,0.002777777777777778,	0.08333333333333333,0.002777777777777778,
7,244,196,	0.3416370106761566,0.5333333333333333,	0.3422459893048128,0.5333333333333333,
191,179,43,	1.0,0.5638888888888889,	1.0,0.5638888888888889,
43,433,43,	1.0,1.0,	1.0,0.10555555555555556,
191,416,124,	0.5875912408759124,0.44722222222222224,	0.5875912408759124,0.44722222222222224,
379,142,124,	0.05338578252318067,0.5277777777777778,	0.05761316872427984,0.07777777777777778,
124,280,43,	0.6140350877192983,0.7777777777777778,	0.379746835443038,0.08333333333333333,
428,94,196,	0.3333333333333333,0.002777777777777778,	0.3333333333333333,0.002777777777777778,
187,424,196,	0.3137254901960784,0.08888888888888889,	0.3137254901960784,0.08888888888888889,
191,94,124,	0.25,0.002777777777777778,	0.25,0.002777777777777778,
187,424,124,	0.3137254901960784,0.08888888888888889,	0.3137254901960784,0.08888888888888889,
389,152,124,	0.030066380320187425,0.21388888888888888,	0.015384615384615385,0.016666666666666666,
416,416,124,	0.6006006006006006,0.5555555555555556,	0.6006006006006006,0.5555555555555556,
190,427,124,	0.019230769230769232,0.002777777777777778,	0.019230769230769232,0.002777777777777778,
94,94,196,	0.2,0.002777777777777778,	0.2,0.002777777777777778,
416,416,43,	1.0,0.7138888888888889,	1.0,0.7138888888888889,
79,355,43,	0.40609137055837563,0.2222222222222222,
375,94,124,	0.25,0.002777777777777778,	0.25,0.002777777777777778,
124,361,43,	0.0749063670411985,0.1111111111111111,	0.379746835443038,0.08333333333333333,
389,152,196,	0.026420079260237782,0.2222222222222222,	0.01284796573875803,0.016666666666666666,
94,428,124,	0.16666666666666666,0.002777777777777778,	0.16666666666666666,0.002777777777777778,
390,153,43,	0.014492753623188406,0.002777777777777778,
416,94,124,	0.25,0.002777777777777778,	0.25,0.002777777777777778,
416,179,124,	0.6006006006006006,0.5555555555555556,	0.6006006006006006,0.5555555555555556,
191,428,124,	0.5811209439528023,0.5472222222222223,	0.5811209439528023,0.5472222222222223,
196,280,196,	0.08280254777070063,0.10833333333333334,	0.4057971014492754,0.07777777777777778,
375,331,196,	1.0,0.002777777777777778,	1.0,0.002777777777777778,
390,153,196,	0.014492753623188406,0.002777777777777778,
101,338,43,	0.5310734463276836,0.2611111111111111,	0.5310734463276836,0.2611111111111111,
190,427,43,	0.019230769230769232,0.002777777777777778,	0.019230769230769232,0.002777777777777778,
232,469,124,	0.1278592375366569,0.6055555555555555,	0.30434782608695654,0.36944444444444446,
124,433,196,	0.6140350877192983,0.7777777777777778,	0.379746835443038,0.08333333333333333,
443,206,124,	0.13111545988258316,0.18611111111111112,	0.09302325581395349,0.044444444444444446,
191,428,196,	0.5942857142857143,0.5777777777777777,	0.5942857142857143,0.5777777777777777,
201,438,196,	0.0893719806763285,0.10277777777777777,
428,416,196,	0.5928571428571429,0.46111111111111114,	0.5928571428571429,0.46111111111111114,
331,331,43,	1.0,0.002777777777777778,	1.0,0.002777777777777778,
301,64,196,	0.7606382978723404,0.3972222222222222,	0.7606382978723404,0.3972222222222222,
375,331,43,	1.0,0.002777777777777778,	1.0,0.002777777777777778,
331,94,196,	0.125,0.002777777777777778,	0.125,0.002777777777777778,
416,416,196,	0.5948275862068966,0.575,	0.5948275862068966,0.575,
179,416,43,	1.0,0.7138888888888889,	1.0,0.7138888888888889,
94,428,196,	0.2,0.002777777777777778,	0.2,0.002777777777777778,
191,416,43,	1.0,0.5638888888888889,	1.0,0.5638888888888889,
179,191,124,	0.5875912408759124,0.44722222222222224,	0.5875912408759124,0.44722222222222224,
375,138,124,	0.08216350123864574,0.5527777777777778,	0.08216350123864574,0.5527777777777778,
179,416,196,	0.5948275862068966,0.575,	0.5948275862068966,0.575,
375,331,124,	0.25,0.002777777777777778,	0.25,0.002777777777777778,
179,94,196,	0.25,0.002777777777777778,	0.25,0.002777777777777778,
43,280,43,	1.0,1.0,	1.0,0.10555555555555556,
179,428,43,	1.0,0.5638888888888889,	1.0,0.5638888888888889,
375,94,43,	1.0,0.002777777777777778,	1.0,0.002777777777777778,
98,335,124,	0.36619718309859156,0.21666666666666667,
163,400,124,	0.013565891472868217,0.8166666666666667,
94,331,43,	1.0,0.005555555555555556,	1.0,0.005555555555555556,
428,428,196,	0.5942857142857143,0.5777777777777777,	0.5942857142857143,0.5777777777777777,
191,428,43,	1.0,0.7055555555555556,	1.0,0.7055555555555556,
79,316,196,	0.40609137055837563,0.2222222222222222,
124,361,196,	0.3146696528555431,0.7805555555555556,	0.379746835443038,0.08333333333333333,
191,191,124,	0.5811209439528023,0.5472222222222223,	0.5811209439528023,0.5472222222222223,
196,280,124,	0.07535641547861507,0.10277777777777777,	0.4057971014492754,0.07777777777777778,
416,191,124,	0.5875912408759124,0.44722222222222224,	0.5875912408759124,0.44722222222222224,
43,433,196,	1.0,1.0,	1.0,0.10555555555555556,
232,469,43,	0.1314717859220477,0.6277777777777778,	0.42138364779874216,0.37222222222222223,
223,460,124,	0.4816326530612245,0.6555555555555556,	0.4698275862068966,0.6055555555555555,
196,361,124,	0.6114649681528662,0.8,	0.4057971014492754,0.07777777777777778,
94,94,43,	1.0,0.002777777777777778,	1.0,0.002777777777777778,
94,331,124,	0.2,0.005555555555555556,	0.2,0.005555555555555556,
191,191,196,	0.5942857142857143,0.5777777777777777,	0.5942857142857143,0.5777777777777777,
375,94,196,	1.0,0.002777777777777778,	1.0,0.002777777777777778,
375,244,43,	0.5493827160493827,0.49444444444444446,	0.5493827160493827,0.49444444444444446,
94,179,196,	0.16666666666666666,0.002777777777777778,	0.16666666666666666,0.002777777777777778,
43,280,124,	0.15300546448087432,0.15555555555555556,	1.0,0.10555555555555556,
31,268,196,	0.25,0.002777777777777778,	0.25,0.002777777777777778,
94,416,196,	0.16666666666666666,0.002777777777777778,	0.16666666666666666,0.002777777777777778,
43,280,196,	1.0,1.0,	1.0,0.10555555555555556,
179,179,124,	0.6006006006006006,0.5555555555555556,	0.6006006006006006,0.5555555555555556,
375,138,43,	0.0524263431542461,0.33611111111111114,	0.0524263431542461,0.33611111111111114,
207,444,43,	0.4354587869362364,0.7777777777777778,	0.43613707165109034,0.7777777777777778,
191,179,124,	0.5875912408759124,0.44722222222222224,	0.5875912408759124,0.44722222222222224,
428,179,124,	0.5875912408759124,0.44722222222222224,	0.5875912408759124,0.44722222222222224,
428,94,124,	0.25,0.002777777777777778,	0.25,0.002777777777777778,
124,433,124,	0.343980343980344,0.7777777777777778,	0.379746835443038,0.08333333333333333,
191,191,43,	1.0,0.7055555555555556,	1.0,0.7055555555555556,
428,191,43,	1.0,0.7055555555555556,	1.0,0.7055555555555556,
331,331,124,	0.09090909090909091,0.002777777777777778,	0.09090909090909091,0.002777777777777778,
207,444,196,	0.39824304538799415,0.7555555555555555,	0.39882697947214074,0.7555555555555555,
79,355,196,	0.40609137055837563,0.2222222222222222,
191,179,196,	0.5928571428571429,0.46111111111111114,	0.5928571428571429,0.46111111111111114,
428,416,124,	0.5875912408759124,0.44722222222222224,	0.5875912408759124,0.44722222222222224,
379,142,196,	0.046875,0.5416666666666666,	0.043859649122807015,0.06944444444444445,
416,94,196,	0.25,0.002777777777777778,	0.25,0.002777777777777778,
196,361,43,	0.06890130353817504,0.10277777777777777,	0.4057971014492754,0.07777777777777778,
55,292,124,	0.1329923273657289,0.7222222222222222,	0.2701492537313433,0.5027777777777778,
196,433,124,	0.32987312572087657,0.7944444444444444,	0.4057971014492754,0.07777777777777778,
124,361,124,	0.6140350877192983,0.7777777777777778,	0.379746835443038,0.08333333333333333,
301,64,124,	0.7371134020618557,0.3972222222222222,	0.7371134020618557,0.3972222222222222,
