167,11,	0.13549337260677466,0.015646258503401362,	0.1744186046511628,0.018292682926829267,
167,344,	0.09090909090909091,0.02193877551020408,	0.10980392156862745,0.025609756097560974,
167,174,	0.3638151425762045,0.06292517006802721,	0.4107485604606526,0.06524390243902439,
167,12,	0.14649350649350648,0.04795918367346939,	0.17234468937875752,0.0524390243902439,
167,248,	0.13085399449035812,0.016156462585034014,	0.1662269129287599,0.01920731707317073,
167,349,	0.15563918902513052,0.21802721088435373,	0.2041850220264317,0.28262195121951217,
125,167,	0.05233958369172544,0.4139455782312925,	0.12320885801128963,0.34603658536585363,
167,69,	0.13445378151260504,0.00816326530612245,	0.15656565656565657,0.009451219512195122,
167,249,	0.1534834992142483,0.049829931972789114,	0.18107833163784334,0.05426829268292683,
167,2,	0.17304015296367112,0.030782312925170068,	0.255859375,0.0399390243902439,
167,112,	0.15387400434467777,0.21683673469387754,	0.19913326110509208,0.2801829268292683,
167,268,	0.1729938622414185,0.12942176870748298,	0.21729150726855395,0.17317073170731706,
167,411,	0.3978494623655914,0.08180272108843538,	0.4795417348608838,0.08932926829268292,
167,31,	0.17380466802628597,0.1304421768707483,	0.21752380952380954,0.17408536585365852,
362,167,	0.20154138513513514,0.3246598639455782,	0.21299956082564778,0.29573170731707316,
167,107,	0.0903954802259887,0.021768707482993196,	0.10966057441253264,0.025609756097560974,
167,239,	0.2073310423825888,0.030782312925170068,	0.2603550295857988,0.04024390243902439,
167,306,	0.1307901907356948,0.00816326530612245,	0.15048543689320387,0.009451219512195122,
167,268,12,	0.0966796875,0.0336734693877551,	0.12753623188405797,0.04024390243902439,
167,390,153,	0.06088050314465409,0.5350340136054422,	0.03462749213011543,0.010060975609756098,
167,349,107,	0.0557964729690662,0.03282312925170068,	0.07623318385650224,0.041463414634146344,
167,70,307,	0.039693422792497185,0.27568027210884355,	0.0813840155945419,0.05091463414634146,
167,72,10,	0.01391941391941392,0.0032312925170068026,	0.018944519621109608,0.00426829268292683,
167,107,268,	0.07083333333333333,0.02023809523809524,	0.09657320872274143,0.028353658536585367,
167,31,349,	0.13073749355337802,0.3448979591836735,	0.16323971915747243,0.39695121951219514,
362,404,167,	1.0,0.02142857142857143,	1.0,0.03841463414634146,
167,404,167,	0.017790935495017604,0.6479591836734694,	0.03340972138463394,0.5911585365853659,
167,97,334,	0.029883603238866397,0.40170068027210887,	0.07079252003561888,0.09695121951219512,
167,107,349,	0.05762485385000835,0.058673469387755105,	0.0761609907120743,0.075,
167,410,31,	0.25,0.0011904761904761906,	0.25,0.001524390243902439,
167,23,297,	0.01955302381659648,0.1903061224489796,	0.02197112366603892,0.14939024390243902,
167,112,268,	0.11027180579766285,0.2904761904761905,	0.1306087800145525,0.3283536585365854,
167,31,107,	0.06273338312173264,0.014285714285714285,	0.09272467902995721,0.019817073170731708,
167,348,111,	0.5384615384615384,0.0011904761904761906,	0.5454545454545454,0.001829268292682927,
167,349,249,	0.07164567954841511,0.05612244897959184,	0.092,0.06310975609756098,
167,268,249,	0.0992023928215354,0.033843537414965985,	0.1308316430020284,0.03932926829268293,
167,410,173,	0.19983552631578946,0.0826530612244898,	0.1960651289009498,0.08810975609756097,
167,31,268,	0.1820326321997248,0.3149659863945578,	0.21018300416742164,0.35365853658536583,
167,310,73,	0.3979591836734694,0.0066326530612244895,
167,112,112,	0.09101691958834816,0.4437074829931973,	0.10939886158545051,0.48048780487804876,
167,306,69,	0.8955223880597015,0.061224489795918366,	0.9262672811059908,0.06128048780487805,
167,344,344,	0.16786868938075106,0.11479591836734694,	0.17044928207503474,0.11219512195121951,
167,12,349,	0.0663512857836002,0.09302721088435374,	0.08818595734483585,0.11219512195121951,
167,12,249,	0.1689225771521386,0.15918367346938775,	0.17928848185980978,0.1551829268292683,
167,249,112,	0.0697584789311408,0.0923469387755102,	0.09627565239422346,0.11585365853658537,
167,247,348,	0.17194570135746606,0.006462585034013605,	0.15517241379310345,0.008231707317073171,
167,249,12,	0.1764140053866872,0.15595238095238095,	0.18445518780215694,0.15121951219512195,
167,111,173,	0.12945759664369194,0.07346938775510205,	0.12289966394623139,0.07804878048780488,
167,268,173,	0.09090909090909091,0.0011904761904761906,	0.09090909090909091,0.001524390243902439,
125,362,167,	0.05680036660958491,0.8010204081632653,	0.14924256592481766,0.7298780487804878,
167,268,31,	0.17936705229945502,0.319047619047619,	0.207663782447466,0.35853658536585364,
167,23,420,	0.01684751570531125,0.24081632653061225,	0.021829200420505845,0.2152439024390244,
167,348,349,	0.4222222222222222,0.0032312925170068026,	0.43902439024390244,0.00548780487804878,
167,268,112,	0.12923810751579218,0.34098639455782315,	0.1611421477343265,0.3957317073170732,
167,111,309,	0.04472972972972973,0.05629251700680272,	0.0412058121882455,0.057926829268292686,
167,112,12,	0.07099514563106796,0.05969387755102041,	0.0924092409240924,0.06829268292682927,
167,268,344,	0.07380373073803731,0.015476190476190477,	0.10339506172839506,0.020426829268292684,
167,111,348,	0.12005921539600296,0.1379251700680272,	0.11605231866825208,0.14878048780487804,
167,111,268,	0.2909090909090909,0.0027210884353741495,	0.275,0.003353658536585366,
167,72,173,	0.06927263730826323,0.023809523809523808,	0.06731620903454384,0.023170731707317073,
167,329,92,	0.021227377874540754,0.4775510204081633,	0.06227409638554217,0.5042682926829268,
167,111,10,	0.03850156087408949,0.006292517006802721,	0.04433497536945813,0.008231707317073171,
167,175,412,	0.015375189078446014,0.13656462585034013,	0.017202456203720427,0.11615853658536586,
167,183,260,	0.11408920087924555,0.2736394557823129,	0.1286031042128603,0.22987804878048781,
167,239,2,	0.19673376376756552,0.0880952380952381,	0.21016005567153792,0.09207317073170732,
167,268,349,	0.12926471526050634,0.3447278911564626,	0.15996074582924436,0.3975609756097561,
167,310,153,	0.19428571428571428,0.011564625850340135,
167,18,255,	0.03237997079790432,0.0641156462585034,	0.030521726056232146,0.061890243902439024,
167,349,31,	0.10732538330494037,0.2892857142857143,	0.12988409606882542,0.33140243902439026,
167,69,306,	0.8654822335025381,0.057993197278911564,	0.8967136150234741,0.058231707317073174,
167,111,349,	0.3333333333333333,0.002551020408163265,	0.4,0.003658536585365854,
167,349,349,	0.09207360226468507,0.4425170068027211,	0.11161505208702431,0.4801829268292683,
167,310,320,	0.13741721854304637,0.014115646258503402,
167,249,31,	0.0777552400270453,0.0391156462585034,	0.09777227722772278,0.048170731707317074,
167,247,309,	0.07849829351535836,0.0039115646258503405,	0.1095890410958904,0.004878048780487805,
167,247,10,	0.5094339622641509,0.009183673469387756,	0.4520547945205479,0.010060975609756098,
167,112,107,	0.060134310134310136,0.033503401360544215,	0.07807118254879448,0.041463414634146344,
167,268,348,	0.06422018348623854,0.0035714285714285713,	0.06837606837606838,0.004878048780487805,
167,111,31,	0.26506024096385544,0.0037414965986394557,	0.2711864406779661,0.004878048780487805,
167,183,297,	0.02596691909830712,0.25017006802721087,	0.025507909904754118,0.1902439024390244,
167,344,31,	0.05797872340425532,0.018537414965986394,	0.0818014705882353,0.027134146341463414,
167,112,31,	0.10923623445825932,0.29285714285714287,	0.1290783519885687,0.3304878048780488,
167,111,170,	0.32803468208092484,0.03860544217687075,	0.37259615384615385,0.04725609756097561,
167,460,223,	0.061069475389912906,0.20510204081632652,	0.06458198014289691,0.2121951219512195,
167,328,91,	0.01956450016496206,0.3025510204081633,	0.026705288070931504,0.2304878048780488,
167,344,112,	0.05247953779489649,0.055612244897959184,	0.07410714285714286,0.07591463414634146,
167,344,349,	0.052810626923699984,0.0554421768707483,	0.07409620555721541,0.07560975609756097,
167,107,31,	0.07696629213483146,0.023299319727891156,	0.1035175879396985,0.031402439024390244,
167,268,268,	0.17332141438220103,0.2967687074829932,	0.20237877401646845,0.33719512195121953,
167,31,173,	0.09090909090909091,0.0011904761904761906,	0.09090909090909091,0.001524390243902439,
167,31,31,	0.17380204241948155,0.3010204081632653,	0.20275661951396445,0.3408536585365854,
167,323,86,	0.027744355580720505,0.06666666666666667,	0.029528535980148884,0.036280487804878046,
167,287,50,	0.041993799912390065,0.8477891156462585,	0.07082613023207082,0.824390243902439,
167,263,26,	0.10677263303386317,0.052551020408163264,	0.12134831460674157,0.04939024390243903,
167,410,309,	0.04204035874439462,0.025510204081632654,	0.034797738147020446,0.024390243902439025,
167,31,112,	0.13002934463645255,0.3391156462585034,	0.16362946089597571,0.39420731707317075,
167,249,268,	0.08065618591934381,0.04013605442176871,	0.10709759188846642,0.051524390243902436,
167,31,348,	0.06050955414012739,0.0032312925170068026,	0.06222222222222222,0.00426829268292683,
167,348,268,	0.6296296296296297,0.002891156462585034,	0.6538461538461539,0.005182926829268293,
362,125,167,	0.0742750522099353,0.7379251700680272,	0.20852700753325853,0.7932926829268293,
167,344,107,	0.18705565089482717,0.12976190476190477,	0.1935185185185185,0.1274390243902439,
167,410,348,	0.11884136437466161,0.07465986394557823,	0.1145374449339207,0.07926829268292683,
167,249,249,	0.16349297941911906,0.1445578231292517,	0.17240103588605254,0.1420731707317073,
167,12,112,	0.06659531454394102,0.09523809523809523,	0.09032868290375975,0.11646341463414635,
167,349,268,	0.10815522696455092,0.2848639455782313,	0.12949640287769784,0.32378048780487806,
167,348,112,	0.5121951219512195,0.0035714285714285713,	0.5526315789473685,0.0064024390243902435,
167,112,344,	0.05659815311289842,0.03231292517006803,	0.06777777777777778,0.03719512195121951,
167,72,309,	0.08146365630971761,0.1957482993197279,	0.09336609336609336,0.18536585365853658,
167,107,344,	0.19023569023569023,0.13452380952380952,	0.18799298860648553,0.13079268292682927,
167,83,320,	0.02525644397685429,0.6532312925170068,	0.012289780077619664,0.011585365853658536,
167,12,268,	0.06904980140543844,0.03843537414965986,	0.08877721943048576,0.04847560975609756,
167,125,167,	1.0,0.02142857142857143,	1.0,0.03841463414634146,
167,112,349,	0.09457892702807154,0.45782312925170066,	0.11277619014428103,0.49329268292682926,
167,268,107,	0.07275666936135812,0.015306122448979591,	0.10989010989010989,0.021341463414634148,
167,183,420,	0.02997702822571474,0.44829931972789117,	0.032736437193261705,0.37621951219512195,
167,60,420,	0.027552703284095797,0.26139455782312926,	0.0300941215323646,0.2222560975609756,
167,249,349,	0.06948085998951233,0.09013605442176871,	0.09395973154362416,0.11097560975609756,
167,60,260,	0.14390744945399503,0.2263605442176871,	0.1588977594643317,0.18810975609756098,
167,407,309,	0.011901504787961696,0.01479591836734694,
167,2,239,	0.1633910237606336,0.09472789115646259,	0.1930379746835443,0.09298780487804878,
167,349,344,	0.05327635327635328,0.031802721088435376,	0.06608410704533042,0.03689024390243902,
167,31,344,	0.06696764484574869,0.015136054421768708,	0.08885754583921016,0.01920731707317073,
167,407,348,	0.05912659470068695,0.04098639455782313,	0.05611559139784946,0.05091463414634146,
167,111,112,	0.37037037037037035,0.003401360544217687,	0.4444444444444444,0.004878048780487805,
167,23,260,	0.1716050795103535,0.5102040816326531,	0.18268345102855388,0.3628048780487805,
167,344,268,	0.05888708806050783,0.018537414965986394,	0.0832553788587465,0.027134146341463414,
167,349,12,	0.06835814636192074,0.0554421768707483,	0.0897380850150279,0.06371951219512195,
167,12,31,	0.06986774008050604,0.0413265306122449,	0.08682008368200837,0.05060975609756098,
167,22,259,	0.01340638991413315,0.17976190476190476,	0.2361111111111111,0.005182926829268293,
167,72,348,	0.0661764705882353,0.05204081632653061,	0.0682261208576998,0.053353658536585365,
167,72,170,	0.06976744186046512,0.01173469387755102,	0.08211678832116788,0.013719512195121951,
167,107,107,	0.16963167126033576,0.1151360544217687,	0.1701340730466944,0.11219512195121951,
167,60,297,	0.05379451587211287,0.4020408163265306,	0.04712570396344703,0.2704268292682927,
167,349,348,	0.2033898305084746,0.0020408163265306124,	0.23076923076923078,0.00274390243902439,
167,348,31,	0.6551724137931034,0.0032312925170068026,	0.6785714285714286,0.005792682926829268,
167,12,12,	0.15766939687267312,0.14404761904761904,	0.16865294330083064,0.1423780487804878,
167,410,268,	0.3333333333333333,0.0011904761904761906,	0.3333333333333333,0.001524390243902439,
167,83,153,	0.03656601746473947,0.4977891156462585,	0.011456628477905073,0.00426829268292683,
167,31,249,	0.10233482364629906,0.03503401360544218,	0.14228855721393036,0.04359756097560975,
167,107,112,	0.05688073394495413,0.057993197278911564,	0.07706708268330734,0.07530487804878049,
167,112,249,	0.07048092868988391,0.05782312925170068,	0.08891698272229245,0.06432926829268293,
167,112,348,	0.20408163265306123,0.0017006802721088435,	0.23529411764705882,0.0024390243902439024,
167,304,67,	0.03966604557832879,0.376530612244898,	0.07334525939177101,0.1375,
167,390,320,	0.04196015078082929,0.6625850340136055,	0.012649800266311585,0.005792682926829268,
167,349,112,	0.09577170697755351,0.46802721088435373,	0.11494252873563218,0.5030487804878049,
167,31,12,	0.10200097608589556,0.03554421768707483,	0.13806327900287632,0.04390243902439024,
