87,	0.010101010101010102,0.00819672131147541,
160,331,	0.1044776119402985,0.3442622950819672,	0.11538461538461539,0.35714285714285715,
160,461,	0.04878048780487805,0.29508196721311475,	0.044897959183673466,0.2619047619047619,
160,318,	1.0,0.02459016393442623,
193,62,	0.014132762312633832,0.27049180327868855,	0.014755959137343927,0.30952380952380953,
91,130,	0.14,0.05737704918032787,	0.18181818181818182,0.047619047619047616,
160,262,	0.06540084388185655,0.2540983606557377,	0.06818181818181818,0.2857142857142857,
91,150,	0.0989010989010989,0.22131147540983606,	0.0851063829787234,0.19047619047619047,
160,25,	0.08086253369272237,0.2459016393442623,	0.0661764705882353,0.21428571428571427,
160,224,	0.04665825977301387,0.30327868852459017,	0.04330708661417323,0.2619047619047619,
160,94,	0.10473815461346633,0.3442622950819672,	0.12,0.35714285714285715,
160,81,	0.037037037037037035,0.02459016393442623,
160,255,18,	1.0,0.18032786885245902,	1.0,0.21428571428571427,
160,444,207,	0.8148148148148148,0.18032786885245902,	1.0,0.11904761904761904,
160,331,375,	0.018867924528301886,0.03278688524590164,	0.0136986301369863,0.023809523809523808,
160,399,162,	1.0,0.5983606557377049,	1.0,0.5476190476190477,
160,199,436,	0.01858974358974359,0.7131147540983607,
91,349,150,	0.02809917355371901,0.13934426229508196,	0.02100840336134454,0.11904761904761904,
160,399,230,	1.0,0.4426229508196721,	1.0,0.42857142857142855,
91,268,150,	0.037199124726477024,0.13934426229508196,	0.03529411764705882,0.14285714285714285,
160,94,94,	0.07576840600428877,0.8688524590163934,	0.08333333333333333,0.9047619047619048,
160,109,58,	0.09302325581395349,0.4262295081967213,	0.1523809523809524,0.38095238095238093,
160,94,375,	0.015384615384615385,0.02459016393442623,	0.014925373134328358,0.023809523809523808,
160,466,229,	0.020323741007194245,0.9262295081967213,	0.020766773162939296,0.9285714285714286,
91,328,160,	0.24012158054711247,0.6475409836065574,	0.42857142857142855,0.5714285714285714,
160,109,42,	0.21511627906976744,0.30327868852459017,	0.28205128205128205,0.2619047619047619,
160,94,171,	0.17647058823529413,0.04918032786885246,	0.15384615384615385,0.047619047619047616,
160,81,318,	0.6416666666666667,0.6311475409836066,	0.6666666666666666,0.5714285714285714,
160,446,209,	0.04011142061281337,0.5901639344262295,	0.040998217468805706,0.5476190476190477,
160,408,162,	0.2831858407079646,0.5245901639344263,	0.3387096774193548,0.5,
160,279,58,	0.021395076201641265,0.5983606557377049,	0.04297520661157025,0.6190476190476191,
160,457,220,	0.01713959245857932,0.7377049180327869,	0.01769436997319035,0.7857142857142857,
160,151,388,	0.03717627401837928,0.7295081967213115,	0.05102040816326531,0.35714285714285715,
160,299,62,	0.06364922206506365,0.7377049180327869,	0.07837837837837838,0.6904761904761905,
160,427,190,	1.0,0.13114754098360656,	1.0,0.09523809523809523,
160,244,7,	0.125,0.00819672131147541,
160,408,230,	0.8701298701298701,0.5491803278688525,	0.9130434782608695,0.5,
160,49,286,	0.8775510204081632,0.3524590163934426,	0.9333333333333333,0.3333333333333333,
160,408,375,	0.15520628683693516,0.6475409836065574,	0.18064516129032257,0.6666666666666666,
160,420,23,	0.06896551724137931,0.01639344262295082,
91,60,375,	0.025056947608200455,0.18032786885245902,	0.02195121951219512,0.21428571428571427,
160,317,80,	0.06015693112467306,0.5655737704918032,	0.05314009661835749,0.5238095238095238,
160,420,183,	0.08716136631330977,0.6065573770491803,	0.08614232209737828,0.5476190476190477,
160,129,402,	0.021143304620203602,0.6639344262295082,	0.02162565249813572,0.6904761904761905,
160,78,315,	0.20666666666666667,0.2540983606557377,	0.12048192771084337,0.23809523809523808,
160,418,181,	0.9473684210526315,0.14754098360655737,	0.75,0.07142857142857142,
160,472,235,	0.19696969696969696,0.21311475409836064,	0.6,0.07142857142857142,
91,31,150,	0.0367170626349892,0.13934426229508196,	0.03508771929824561,0.14285714285714285,
160,399,171,	1.0,0.5245901639344263,	1.0,0.5,
160,457,402,	0.02704241389126103,0.7786885245901639,	0.02786624203821656,0.8333333333333334,
160,25,262,	0.09240506329113925,0.5983606557377049,	0.09191176470588236,0.5952380952380952,
160,94,162,	0.04,0.01639344262295082,	0.06666666666666667,0.023809523809523808,
160,375,138,	0.01663522551877894,0.7950819672131147,	0.013002364066193853,0.7857142857142857,
160,279,346,	0.0144745122718691,0.1885245901639344,	0.013605442176870748,0.047619047619047616,
160,71,308,	1.0,0.13114754098360656,	1.0,0.09523809523809523,
160,20,257,	0.06752037252619325,0.47540983606557374,	0.08333333333333333,0.40476190476190477,
160,255,150,	0.8636363636363636,0.1557377049180328,	0.7777777777777778,0.16666666666666666,
160,129,220,	0.01725521669341894,0.7049180327868853,	0.017826336975273145,0.7380952380952381,
160,445,208,	0.023192360163710776,0.6967213114754098,	0.02027027027027027,0.6428571428571429,
160,94,230,	0.09523809523809523,0.01639344262295082,	0.14285714285714285,0.023809523809523808,
160,32,269,	0.01967137236750752,0.6967213114754098,
160,331,230,	0.11764705882352941,0.01639344262295082,	0.16666666666666666,0.023809523809523808,
91,112,150,	0.028716216216216218,0.13934426229508196,	0.02127659574468085,0.11904761904761904,
160,399,375,	0.5367647058823529,0.5983606557377049,	0.5476190476190477,0.5476190476190477,
160,34,271,	0.016458333333333332,0.6475409836065574,
160,138,171,	0.8977272727272727,0.6475409836065574,	0.875,0.6666666666666666,
160,468,231,	0.19117647058823528,0.4262295081967213,	0.19767441860465115,0.40476190476190477,
160,276,39,	0.06880301602262016,0.5983606557377049,	0.07563025210084033,0.6428571428571429,
160,262,25,	0.0951188986232791,0.6229508196721312,	0.08038585209003216,0.5952380952380952,
160,138,162,	0.17149758454106281,0.5819672131147541,	0.18333333333333332,0.5238095238095238,
160,162,399,	0.02830554478480031,0.5983606557377049,	0.02608695652173913,0.5,
160,138,375,	0.0142402875708558,0.8442622950819673,	0.014421252371916509,0.9047619047619048,
160,134,371,	0.5952380952380952,0.20491803278688525,	1.0,0.16666666666666666,
160,260,23,	0.182648401826484,0.32786885245901637,	0.17857142857142858,0.23809523809523808,
160,397,160,	0.11213235294117647,1.0,	0.22340425531914893,1.0,
160,230,467,	0.015005359056806002,0.11475409836065574,
160,224,461,	0.03614457831325301,0.4672131147540984,	0.03571428571428571,0.4523809523809524,
160,237,0,	0.6666666666666666,0.09836065573770492,	0.6666666666666666,0.09523809523809523,
91,111,42,	0.04576659038901602,0.16393442622950818,	0.04,0.14285714285714285,
160,17,254,	0.023694267515923566,0.7622950819672131,
160,420,150,	0.19270833333333334,0.30327868852459017,	0.20634920634920634,0.30952380952380953,
160,331,94,	0.09036658141517477,0.8688524590163934,	0.10160427807486631,0.9047619047619048,
160,279,42,	0.0625,0.5491803278688525,	0.2191780821917808,0.38095238095238093,
160,457,366,	0.01768099758049507,0.7786885245901639,	0.01680244399185336,0.7857142857142857,
160,165,402,	0.020469296055916127,0.6721311475409836,	0.01840056617126681,0.6190476190476191,
160,138,230,	0.7452830188679245,0.6475409836065574,	0.7631578947368421,0.6904761904761905,
91,72,42,	0.02351313969571231,0.13934426229508196,	0.022988505747126436,0.14285714285714285,
160,467,375,	0.01903225806451613,0.48360655737704916,	0.018010291595197257,0.5,
160,94,331,	0.08008817046289493,0.8934426229508197,	0.08843537414965986,0.9285714285714286,
160,200,437,	0.15634218289085547,0.4344262295081967,	0.1504424778761062,0.40476190476190477,
193,430,160,	0.09023354564755838,0.6967213114754098,	0.11885245901639344,0.6904761904761905,
160,260,150,	0.54,0.22131147540983606,	0.5333333333333333,0.19047619047619047,
160,244,207,	1.0,0.00819672131147541,
160,165,366,	0.014751286449399657,0.7049180327868853,	0.014360938247965534,0.7142857142857143,
160,467,230,	1.0,0.680327868852459,	1.0,0.6904761904761905,
160,387,23,	0.011555555555555555,0.21311475409836064,	0.010050251256281407,0.19047619047619047,
160,96,333,	0.018174133558748945,0.7049180327868853,
160,426,189,	0.012552957790679428,0.6557377049180327,	0.011948529411764705,0.6190476190476191,
160,331,171,	0.17142857142857143,0.04918032786885246,	0.15384615384615385,0.047619047619047616,
160,297,183,	0.125,0.00819672131147541,
160,378,141,	0.16666666666666666,0.14754098360655737,	0.16666666666666666,0.16666666666666666,
160,461,224,	0.03272939801285798,0.45901639344262296,	0.03614457831325301,0.5,
160,472,58,	0.0973630831643002,0.39344262295081966,	0.5,0.023809523809523808,
160,187,424,	0.01690376569037657,0.8278688524590164,	0.016965127238454288,0.8571428571428571,
160,421,184,	0.1100244498777506,0.36885245901639346,	0.11009174311926606,0.2857142857142857,
91,183,375,	0.01795472287275566,0.1885245901639344,	0.01415929203539823,0.19047619047619047,
160,408,171,	1.0,0.680327868852459,	1.0,0.6904761904761905,
160,444,375,	0.10666666666666667,0.13114754098360656,	0.14285714285714285,0.09523809523809523,
160,387,150,	0.05418250950570342,0.4672131147540984,	0.06666666666666667,0.5952380952380952,
160,77,314,	0.02889927751806205,0.5573770491803278,	0.025119617224880382,0.5,
160,297,150,	0.7586206896551724,0.18032786885245902,	0.875,0.16666666666666666,
160,467,162,	0.2983425414364641,0.4426229508196721,	0.32727272727272727,0.42857142857142855,
160,165,220,	0.017296222664015905,0.7131147540983607,	0.016783974011911208,0.7380952380952381,
160,134,58,	0.09688581314878893,0.22950819672131148,	0.09565217391304348,0.2619047619047619,
160,467,171,	0.9305555555555556,0.5491803278688525,	0.9545454545454546,0.5,
160,32,271,	0.016594827586206895,0.6311475409836066,
160,472,42,	0.26136363636363635,0.1885245901639344,	0.6666666666666666,0.09523809523809523,
91,348,150,	0.3333333333333333,0.00819672131147541,
160,171,408,	0.125,0.11475409836065574,	0.04081632653061224,0.047619047619047616,
160,34,269,	0.01879194630872483,0.6885245901639344,
160,331,162,	0.045454545454545456,0.02459016393442623,	0.05,0.023809523809523808,
160,57,294,	0.017839246341952296,0.7295081967213115,
160,331,331,	0.09106239460370995,0.8852459016393442,	0.10106382978723404,0.9047619047619048,
160,109,346,	0.1013215859030837,0.1885245901639344,	0.25,0.047619047619047616,
160,120,357,	0.0967741935483871,0.14754098360655737,	0.045454545454545456,0.09523809523809523,
160,295,42,	0.0403172504957039,0.5,	0.13953488372093023,0.2857142857142857,
160,129,366,	0.018325697625989172,0.7213114754098361,	0.020024271844660196,0.7857142857142857,
160,138,207,	0.015904572564612324,0.13114754098360656,	0.010899182561307902,0.09523809523809523,
160,297,60,	1.0,0.319672131147541,	1.0,0.19047619047619047,
