245,202,	0.45864661654135336,0.14420803782505912,	0.5225225225225225,0.13975903614457832,
286,426,	0.015313935681470138,0.04728132387706856,	0.024291497975708502,0.04316546762589928,
8,202,	0.9,0.06382978723404255,	0.9259259259259259,0.06009615384615385,
381,432,	0.4481707317073171,0.3475177304964539,	0.4782608695652174,0.026378896882494004,
363,432,	0.4048582995951417,0.2364066193853428,	0.4,0.009592326139088728,
106,380,202,	0.208955223880597,0.06619385342789598,	0.45652173913043476,0.050359712230215826,
363,126,202,	0.4144486692015209,0.2576832151300236,	0.5238095238095238,0.026378896882494004,
389,152,202,	0.022988505747126436,0.009456264775413711,	0.05263157894736842,0.009615384615384616,
188,425,202,	0.03278688524590164,0.009456264775413711,	0.03278688524590164,0.009615384615384616,
28,265,202,	0.24596774193548387,0.4326241134751773,
143,343,202,	0.33707865168539325,0.07092198581560284,	0.375,0.050359712230215826,
106,343,202,	0.417910447761194,0.06619385342789598,	0.45652173913043476,0.050359712230215826,
155,392,202,	0.75,0.07092198581560284,	0.75,0.07194244604316546,
197,434,202,	0.39,0.09219858156028368,
3,240,202,	0.08011653313911143,0.5200945626477541,	0.09992193598750976,0.3069544364508393,
145,382,202,	0.7419354838709677,0.054373522458628844,	0.7419354838709677,0.05515587529976019,
227,464,202,	0.8085106382978723,0.08983451536643026,	0.7837837837837838,0.06971153846153846,
106,274,202,	0.42424242424242425,0.06619385342789598,	0.45652173913043476,0.050359712230215826,
122,359,202,	0.24295302013422818,0.42789598108747046,
286,244,202,	1.0,0.016548463356973995,	1.0,0.011990407673860911,
37,343,202,	0.4307692307692308,0.06619385342789598,	0.4375,0.050359712230215826,
281,380,202,	0.1781609195402299,0.07328605200945626,	0.6666666666666666,0.03836930455635491,
443,206,202,	0.05092592592592592,0.026004728132387706,	0.07547169811320754,0.019184652278177457,
266,29,202,	0.7453416149068323,0.28368794326241137,	0.8363636363636363,0.11031175059952038,
80,317,202,	0.024390243902439025,0.0070921985815602835,	0.024390243902439025,0.007211538461538462,
122,265,202,	0.25100671140939596,0.44208037825059104,
363,144,202,	0.40823970037453183,0.2576832151300236,	0.5238095238095238,0.026378896882494004,
375,138,202,	0.5,0.002364066193853428,	0.5,0.002403846153846154,
4,241,202,	0.015384615384615385,0.009456264775413711,	0.015384615384615385,0.009615384615384616,
381,144,202,	0.4715447154471545,0.41134751773049644,	0.6048387096774194,0.17985611510791366,
286,49,202,	0.6080402010050251,0.5721040189125296,	0.5850746268656717,0.47002398081534774,
102,339,202,	0.7978723404255319,0.1773049645390071,
207,444,202,	0.5,0.002364066193853428,	0.5,0.002398081534772182,
381,126,202,	0.42857142857142855,0.2695035460992908,	0.6756756756756757,0.05995203836930456,
143,44,202,	0.18128654970760233,0.07328605200945626,	0.375,0.050359712230215826,
281,44,202,	0.14126611957796015,0.5697399527186762,	0.12562814070351758,0.17985611510791366,
64,301,202,	0.2737226277372263,0.1773049645390071,	0.2737226277372263,0.17985611510791366,
143,380,202,	0.17142857142857143,0.07092198581560284,	0.375,0.050359712230215826,
7,244,202,	0.11627906976744186,0.01182033096926714,	0.07317073170731707,0.007194244604316547,
202,439,202,	1.0,1.0,	1.0,0.9784172661870504,
245,8,202,	0.47619047619047616,0.16548463356973994,	0.5416666666666666,0.1566265060240964,
37,274,202,	0.4307692307692308,0.06619385342789598,	0.4375,0.050359712230215826,
28,359,202,	0.24327956989247312,0.42789598108747046,
