149,	0.11607142857142858,0.016602809706257982,	0.11607142857142858,0.016971279373368148,
326,	0.011583011583011582,0.0038314176245210726,	0.02631578947368421,0.0028089887640449437,
112,38,	0.10877403846153846,0.23116219667943805,	0.1096969696969697,0.2362924281984334,
183,299,	0.06779661016949153,0.02554278416347382,	0.06880733944954129,0.021067415730337078,
249,38,	0.2268370607028754,0.09067688378033206,	0.2268370607028754,0.0926892950391645,
263,154,	0.12345679012345678,0.02554278416347382,	0.15517241379310345,0.025280898876404494,
463,38,	0.136986301369863,0.01277139208173691,	0.136986301369863,0.013054830287206266,
349,38,	0.11172498465316145,0.23243933588761176,	0.11255411255411256,0.23759791122715404,
306,38,	0.16129032258064516,0.02554278416347382,	0.16129032258064516,0.02610966057441253,
256,38,	0.20512820512820512,0.010217113665389528,	0.20512820512820512,0.010443864229765013,
2,38,	0.07058823529411765,0.022988505747126436,	0.07058823529411765,0.02349869451697128,
150,299,	0.029521180847233888,0.31417624521072796,	0.03243704652155356,0.3202247191011236,
268,38,	0.10087719298245613,0.11749680715197956,	0.10087719298245613,0.12010443864229765,
226,38,	0.14492753623188406,0.01277139208173691,	0.14492753623188406,0.013054830287206266,
60,20,	0.05714285714285714,0.002554278416347382,	0.06060606060606061,0.0026109660574412533,
328,193,	0.035254616675993285,0.2413793103448276,	0.034597875569044007,0.14882506527415143,
410,154,	0.06308506308506308,0.1979565772669221,	0.07187650747708635,0.20926966292134833,
60,299,	0.045454545454545456,0.006385696040868455,	0.04225352112676056,0.004213483146067416,
111,154,	0.054652532391048295,0.2962962962962963,	0.06278538812785388,0.3089887640449438,
69,38,	0.15748031496062992,0.02554278416347382,	0.15873015873015872,0.02610966057441253,
248,38,	0.17073170731707318,0.02681992337164751,	0.1721311475409836,0.02741514360313316,
414,38,	0.26865671641791045,0.022988505747126436,	0.26865671641791045,0.02349869451697128,
239,38,	0.085,0.021711366538952746,	0.085,0.022193211488250653,
72,154,	0.06396103896103895,0.5031928480204342,	0.07413280475718534,0.5252808988764045,
31,38,	0.10340909090909091,0.11621966794380588,	0.10364464692482915,0.11879895561357702,
177,38,	0.2537313432835821,0.021711366538952746,	0.2537313432835821,0.022193211488250653,
344,38,	0.17714285714285713,0.07918263090676884,	0.1786743515850144,0.08093994778067885,
12,38,	0.2064516129032258,0.08173690932311622,	0.2064516129032258,0.0835509138381201,
107,38,	0.18075801749271136,0.07918263090676884,	0.18235294117647058,0.08093994778067885,
150,20,	0.09595959595959595,0.1698595146871009,	0.09828741623231571,0.17232375979112272,
19,38,	0.1951219512195122,0.010217113665389528,	0.1951219512195122,0.010443864229765013,
11,38,	0.16666666666666666,0.02554278416347382,	0.16806722689075632,0.02610966057441253,
183,4,	1.0,0.001277139208173691,	1.0,0.0013054830287206266,
183,20,	0.13861386138613863,0.017879948914431672,	0.1414141414141414,0.018276762402088774,
12,107,38,	0.17634408602150536,0.10472541507024266,	0.1774891774891775,0.10704960835509138,
373,136,38,	0.5915492957746479,0.05363984674329502,	0.59375,0.04960835509138381,
111,26,38,	0.10923535253227408,0.140485312899106,	0.11260330578512397,0.1422976501305483,
107,31,38,	0.1525974025974026,0.06002554278416347,	0.1525974025974026,0.06135770234986945,
268,69,38,	0.16292134831460675,0.037037037037037035,	0.16292134831460675,0.037859007832898174,
2,31,38,	0.1702127659574468,0.010217113665389528,	0.18604651162790697,0.010443864229765013,
373,309,38,	0.08577878103837472,0.04853128991060025,	0.0825242718446602,0.044386422976501305,
12,112,38,	0.13010204081632654,0.13026819923371646,	0.13212435233160622,0.13315926892950392,
31,306,38,	0.1657754010695187,0.03959131545338442,	0.1657754010695187,0.04046997389033943,
83,320,38,	0.02988465571478504,0.6551724137931034,	0.04775869291998324,0.14882506527415143,
69,349,38,	0.15450643776824036,0.04597701149425287,	0.15450643776824036,0.04699738903394256,
72,111,38,	1.0,0.001277139208173691,	1.0,0.0013054830287206266,
263,348,38,	0.16459627329192547,0.13537675606641125,	0.16828478964401294,0.13577023498694518,
72,147,38,	0.20916905444126074,0.09323116219667944,	0.22082018927444794,0.09138381201044386,
249,12,38,	0.24500665778961384,0.23499361430395913,	0.24500665778961384,0.2402088772845953,
268,26,38,	0.25,0.001277139208173691,	0.25,0.0013054830287206266,
247,309,38,	0.048859934853420196,0.038314176245210725,	0.05,0.03655352480417755,
239,2,38,	0.07702523240371846,0.07407407407407407,	0.07702523240371846,0.07571801566579635,
239,268,38,	0.13636363636363635,0.011494252873563218,	0.13636363636363635,0.01174934725848564,
407,309,38,	0.02857142857142857,0.0140485312899106,	0.03125,0.014360313315926894,
69,69,38,	0.8648648648648649,0.12260536398467432,	0.8648648648648649,0.12532637075718014,
31,173,38,	0.3333333333333333,0.001277139208173691,	0.3333333333333333,0.0013054830287206266,
112,112,38,	0.08271017448447768,0.4661558109833972,	0.0834870848708487,0.4725848563968668,
268,112,38,	0.08972198820556024,0.2720306513409962,	0.08944467994913098,0.2754569190600522,
268,349,38,	0.09226060341058155,0.26947637292464877,	0.09299250771264875,0.2754569190600522,
215,173,38,	0.17218543046357615,0.033205619412515965,	0.17567567567567569,0.033942558746736295,
384,309,38,	0.08235294117647059,0.035759897828863345,	0.08135593220338982,0.031331592689295036,
12,31,38,	0.19395465994962216,0.0983397190293742,	0.19395465994962216,0.10052219321148825,
111,31,38,	0.12195121951219512,0.006385696040868455,	0.12195121951219512,0.006527415143603133,
112,268,38,	0.10844748858447488,0.36398467432950193,	0.10853008377760853,0.3720626631853786,
349,112,38,	0.08435097241067391,0.4763729246487867,	0.08500345542501728,0.48172323759791125,
215,111,38,	1.0,0.001277139208173691,	1.0,0.0013054830287206266,
344,107,38,	0.28473177441540576,0.26436781609195403,	0.2853185595567867,0.2689295039164491,
410,173,38,	0.20914542728635682,0.3563218390804598,	0.20741862225586677,0.3577023498694517,
107,107,38,	0.2709497206703911,0.24776500638569604,	0.2714486638537271,0.2519582245430809,
112,349,38,	0.08841754051477597,0.47381864623243936,	0.08894813378574891,0.47911227154047,
83,73,38,	0.28,0.008939974457215836,
112,107,38,	0.11084905660377359,0.18007662835249041,	0.11199364575059571,0.18407310704960836,
349,31,38,	0.10638297872340426,0.37037037037037035,	0.10646950092421442,0.37597911227154046,
183,297,38,	0.08168859649122807,0.5708812260536399,	0.07344741395885407,0.49869451697127937,
111,173,38,	0.15118110236220472,0.367816091954023,	0.14989406779661016,0.36945169712793735,
247,173,38,	0.09844559585492228,0.024265644955300127,	0.10106382978723404,0.024804177545691905,
72,136,38,	0.21748878923766815,0.12388250319284802,	0.21945701357466063,0.12663185378590078,
226,463,38,	0.4198473282442748,0.070242656449553,	0.4198473282442748,0.07180156657963446,
175,412,38,	0.0420747188973522,0.2962962962962963,	0.04194218779520121,0.2898172323759791,
349,107,38,	0.11453396524486571,0.18518518518518517,	0.11581469648562301,0.18929503916449086,
31,344,38,	0.11278195488721804,0.07662835249042145,	0.11299435028248588,0.0783289817232376,
249,349,38,	0.14640522875816994,0.14303959131545338,	0.15053763440860216,0.1462140992167102,
201,438,38,	0.20833333333333334,0.006385696040868455,
107,112,38,	0.13194444444444445,0.12132822477650064,	0.13268156424581007,0.12402088772845953,
268,12,38,	0.14471544715447154,0.1136653895274585,	0.14471544715447154,0.11618798955613577,
83,153,38,	0.04822148881554822,0.6717752234993615,	0.06556372549019608,0.13968668407310705,
263,31,38,	0.3076923076923077,0.005108556832694764,	0.3333333333333333,0.005221932114882507,
410,147,38,	0.2222222222222222,0.020434227330779056,	0.2222222222222222,0.020887728459530026,
22,259,38,	0.01907703488372093,0.13409961685823754,	0.1875,0.0039164490861618795,
349,69,38,	0.13646055437100213,0.08173690932311622,	0.13704496788008566,0.0835509138381201,
306,306,38,	0.8867924528301887,0.12005108556832694,	0.8867924528301887,0.1227154046997389,
69,112,38,	0.145748987854251,0.04597701149425287,	0.14634146341463414,0.04699738903394256,
31,268,38,	0.1330977620730271,0.2886334610472541,	0.1330977620730271,0.2950391644908616,
306,112,38,	0.15289256198347106,0.04725415070242656,	0.15352697095435686,0.048302872062663184,
31,69,38,	0.16489361702127658,0.03959131545338442,	0.16489361702127658,0.04046997389033943,
344,249,38,	0.19130434782608696,0.1123882503192848,	0.19130434782608696,0.11488250652741515,
38,275,38,	0.018095441443365005,0.4329501915708812,	0.12776831345826234,0.881201044386423,
239,31,38,	0.12195121951219512,0.01277139208173691,	0.13157894736842105,0.013054830287206266,
407,170,38,	0.3902439024390244,0.020434227330779056,	0.3902439024390244,0.020887728459530026,
111,10,38,	0.2074074074074074,0.07151979565772669,	0.20599250936329588,0.07180156657963446,
348,173,38,	1.0,0.001277139208173691,	1.0,0.0013054830287206266,
349,268,38,	0.10770975056689343,0.36398467432950193,	0.10783200908059024,0.3720626631853786,
249,112,38,	0.14041994750656167,0.13665389527458494,	0.14266666666666666,0.13968668407310705,
31,349,38,	0.09106830122591944,0.2656449553001277,	0.09179170344218888,0.27154046997389036,
72,26,38,	0.2403846153846154,0.031928480204342274,	0.2403846153846154,0.03263707571801567,
60,420,38,	0.04872159090909091,0.438058748403576,	0.03821857233101705,0.31592689295039167,
349,12,38,	0.13388429752066117,0.20689655172413793,	0.13399503722084366,0.21148825065274152,
2,112,38,	0.13636363636363635,0.01532567049808429,	0.14285714285714285,0.015665796344647518,
344,112,38,	0.14002828854314003,0.12643678160919541,	0.14082503556187767,0.12924281984334204,
31,26,38,	0.3333333333333333,0.001277139208173691,	0.3333333333333333,0.0013054830287206266,
348,452,38,	1.0,0.001277139208173691,	1.0,0.0013054830287206266,
263,268,38,	0.3076923076923077,0.005108556832694764,	0.3333333333333333,0.005221932114882507,
344,344,38,	0.265389876880985,0.24776500638569604,	0.26584022038567495,0.2519582245430809,
112,69,38,	0.14380530973451328,0.08301404853128991,	0.14444444444444443,0.08485639686684072,
12,268,38,	0.20253164556962025,0.10217113665389528,	0.20253164556962025,0.10443864229765012,
107,344,38,	0.2901907356948229,0.2720306513409962,	0.2908093278463649,0.27676240208877284,
348,309,38,	0.25,0.001277139208173691,	0.25,0.0013054830287206266,
404,167,38,	0.018474483263215657,0.12899106002554278,	0.02263998382858298,0.1462140992167102,
31,249,38,	0.14858096828046743,0.1136653895274585,	0.14858096828046743,0.11618798955613577,
410,452,38,	0.2714285714285714,0.04853128991060025,	0.2714285714285714,0.04960835509138381,
183,223,38,	0.2,0.001277139208173691,	0.25,0.0013054830287206266,
31,107,38,	0.10479573712255773,0.07535121328224777,	0.10498220640569395,0.07702349869451697,
463,226,38,	0.3986013986013986,0.07279693486590039,	0.3986013986013986,0.07441253263707572,
348,348,38,	0.25,0.001277139208173691,	0.25,0.0013054830287206266,
112,239,38,	0.13821138211382114,0.021711366538952746,	0.13821138211382114,0.022193211488250653,
247,348,38,	0.08,0.033205619412515965,	0.08176100628930817,0.033942558746736295,
460,420,38,	0.041666666666666664,0.0038314176245210726,	0.04285714285714286,0.0039164490861618795,
107,249,38,	0.185589519650655,0.10855683269476372,	0.185589519650655,0.11096605744125326,
107,349,38,	0.13656387665198239,0.11877394636015326,	0.13798219584569732,0.12140992167101827,
239,112,38,	0.09271523178807947,0.017879948914431672,	0.0979020979020979,0.018276762402088774,
1,238,38,	0.05714285714285714,0.002554278416347382,
12,349,38,	0.12878787878787878,0.13026819923371646,	0.13246753246753246,0.13315926892950392,
403,166,38,	0.8,0.03065134099616858,	0.8,0.031331592689295036,
72,170,38,	0.1836734693877551,0.09195402298850575,	0.18508997429305912,0.09399477806788512,
287,50,38,	0.05301982480405717,0.14687100893997446,	0.05071119356833643,0.10704960835509138,
249,107,38,	0.19222462203023757,0.1136653895274585,	0.19389978213507625,0.11618798955613577,
112,306,38,	0.14736842105263157,0.08939974457215837,	0.14799154334038056,0.09138381201044386,
12,12,38,	0.23369565217391305,0.21966794380587484,	0.23369565217391305,0.2245430809399478,
410,348,38,	0.15240328253223914,0.33205619412515963,	0.15178571428571427,0.3328981723237598,
384,147,38,	0.5964912280701754,0.04342273307790549,	0.5957446808510638,0.03655352480417755,
11,248,38,	0.4084507042253521,0.1111111111111111,	0.4075829383886256,0.1122715404699739,
304,67,38,	0.06337241764377442,0.28991060025542786,	0.07929515418502203,0.04699738903394256,
349,306,38,	0.13958333333333334,0.08556832694763729,	0.1401673640167364,0.08746736292428199,
72,10,38,	0.18762088974854932,0.12388250319284802,	0.187984496124031,0.12663185378590078,
72,348,38,	0.15002089427496865,0.45849297573435505,	0.1504047720494248,0.4608355091383812,
410,268,38,	0.2727272727272727,0.0038314176245210726,	0.2727272727272727,0.0039164490861618795,
249,268,38,	0.20551378446115287,0.10472541507024266,	0.20551378446115287,0.10704960835509138,
2,268,38,	0.22857142857142856,0.010217113665389528,	0.22857142857142856,0.010443864229765013,
268,107,38,	0.09285714285714286,0.06641123882503193,	0.09302325581395349,0.06788511749347259,
306,268,38,	0.18699186991869918,0.02937420178799489,	0.18699186991869918,0.030026109660574413,
69,306,38,	0.8880597014925373,0.15197956577266922,	0.8880597014925373,0.15535248041775457,
390,153,38,	0.06561302681992337,0.524904214559387,	0.07473309608540925,0.08224543080939947,
349,349,38,	0.0867699642431466,0.4648786717752235,	0.08757884522076662,0.47127937336814624,
384,348,38,	0.13114754098360656,0.03065134099616858,	0.1286549707602339,0.028720626631853787,
31,348,38,	0.3333333333333333,0.001277139208173691,	0.3333333333333333,0.0013054830287206266,
112,2,38,	0.17037037037037037,0.05874840357598978,	0.17100371747211895,0.06005221932114883,
268,31,38,	0.13159387407827566,0.2962962962962963,	0.1306076093128904,0.3002610966057441,
215,452,38,	0.9210526315789473,0.04469987228607918,	0.9166666666666666,0.04308093994778068,
249,31,38,	0.19901719901719903,0.10344827586206896,	0.19901719901719903,0.10574412532637076,
69,268,38,	0.1896551724137931,0.0280970625798212,	0.1896551724137931,0.028720626631853787,
150,387,38,	0.01125976950589482,0.8684546615581098,	0.012703651820153134,0.8642297650130548,
410,170,38,	0.11504424778761062,0.016602809706257982,	0.11504424778761062,0.016971279373368148,
384,173,38,	0.1414141414141414,0.017879948914431672,	0.15053763440860216,0.018276762402088774,
181,418,38,	0.296,0.09450830140485313,	0.2971698113207547,0.08224543080939947,
187,424,38,	0.09259259259259259,0.006385696040868455,	0.09090909090909091,0.005221932114882507,
455,218,38,	0.04798962386511025,0.09450830140485313,	0.025423728813559324,0.015665796344647518,
249,249,38,	0.23771580345285526,0.22860791826309068,	0.23771580345285526,0.23368146214099217,
69,31,38,	0.19090909090909092,0.02681992337164751,	0.19090909090909092,0.02741514360313316,
268,239,38,	0.15714285714285714,0.0140485312899106,	0.15714285714285714,0.014360313315926894,
306,31,38,	0.1875,0.02681992337164751,	0.1875,0.02741514360313316,
12,344,38,	0.17346938775510204,0.10855683269476372,	0.17453798767967146,0.11096605744125326,
344,268,38,	0.17484662576687116,0.07279693486590039,	0.17484662576687116,0.07441253263707572,
263,26,38,	0.17232375979112272,0.25287356321839083,	0.17833173537871524,0.24281984334203655,
315,78,38,	0.2,0.07407407407407407,	0.1972318339100346,0.07441253263707572,
31,112,38,	0.08741554054054054,0.26436781609195403,	0.08789808917197452,0.27023498694516973,
2,349,38,	0.17567567567567569,0.016602809706257982,	0.17567567567567569,0.016971279373368148,
263,309,38,	0.24742268041237114,0.03065134099616858,	0.2727272727272727,0.02741514360313316,
107,12,38,	0.18984547461368653,0.10983397190293742,	0.18984547461368653,0.1122715404699739,
31,31,38,	0.12650948821161587,0.280970625798212,	0.12650948821161587,0.28720626631853785,
18,255,38,	0.0912863070539419,0.0842911877394636,	0.07559055118110236,0.06266318537859007,
410,136,38,	0.3490566037735849,0.04725415070242656,	0.3490566037735849,0.048302872062663184,
248,11,38,	0.40444444444444444,0.11621966794380588,	0.40358744394618834,0.1174934725848564,
323,86,38,	0.04560697518443997,0.08684546615581099,	0.0688836104513064,0.037859007832898174,
111,309,38,	0.10967741935483871,0.39080459770114945,	0.11033210332103321,0.39033942558746737,
349,239,38,	0.14782608695652175,0.021711366538952746,	0.14782608695652175,0.022193211488250653,
407,348,38,	0.05,0.01277139208173691,	0.05102040816326531,0.013054830287206266,
97,334,38,	0.027695351137487636,0.07151979565772669,	0.06338028169014084,0.04699738903394256,
268,306,38,	0.1631578947368421,0.03959131545338442,	0.1631578947368421,0.04046997389033943,
72,309,38,	0.11040609137055837,0.6666666666666666,	0.11834600760456274,0.6501305483028721,
344,12,38,	0.19517543859649122,0.1136653895274585,	0.19517543859649122,0.11618798955613577,
60,297,38,	0.10728444003964321,0.5530012771392082,	0.07533681605718999,0.3577023498694517,
111,268,38,	0.125,0.006385696040868455,	0.125,0.006527415143603133,
141,378,38,	0.4888888888888889,0.0842911877394636,	0.4672897196261682,0.06527415143603134,
215,309,38,	0.07655502392344497,0.04086845466155811,	0.07772020725388601,0.0391644908616188,
268,173,38,	0.25,0.001277139208173691,	0.25,0.0013054830287206266,
112,249,38,	0.1357615894039735,0.20945083014048532,	0.1357615894039735,0.21409921671018275,
12,249,38,	0.237017310252996,0.227330779054917,	0.237017310252996,0.23237597911227154,
111,170,38,	0.12053571428571429,0.034482758620689655,	0.1210762331838565,0.03524804177545692,
349,249,38,	0.13951545530492898,0.21328224776500637,	0.13963210702341136,0.21801566579634465,
373,173,38,	0.2,0.035759897828863345,	0.2014388489208633,0.03655352480417755,
344,31,38,	0.16451612903225807,0.06513409961685823,	0.16451612903225807,0.06657963446475196,
349,2,38,	0.1984732824427481,0.06641123882503193,	0.19923371647509577,0.06788511749347259,
112,12,38,	0.128928283642224,0.20434227330779056,	0.128928283642224,0.20887728459530025,
72,173,38,	0.18633093525179856,0.33077905491698595,	0.18621700879765396,0.33159268929503916,
329,92,38,	0.018827556696619598,0.1123882503192848,	0.025823686553873553,0.037859007832898174,
410,111,38,	1.0,0.002554278416347382,	1.0,0.0026109660574412533,
111,147,38,	0.24705882352941178,0.05363984674329502,	0.24390243902439024,0.05221932114882506,
326,89,38,	0.26973684210526316,0.10472541507024266,	0.29347826086956524,0.07049608355091384,
247,10,38,	0.3956043956043956,0.04597701149425287,	0.4,0.044386422976501305,
2,239,38,	0.07637017070979335,0.10855683269476372,	0.07637017070979335,0.11096605744125326,
268,344,38,	0.1062618595825427,0.07151979565772669,	0.10646387832699619,0.0731070496083551,
410,10,38,	0.24390243902439024,0.038314176245210725,	0.2459016393442623,0.0391644908616188,
344,349,38,	0.13884785819793205,0.12005108556832694,	0.14008941877794337,0.1227154046997389,
249,344,38,	0.18762886597938144,0.11621966794380588,	0.1891891891891892,0.11879895561357702,
390,73,38,	0.2857142857142857,0.002554278416347382,
410,309,38,	0.13166144200626959,0.2681992337164751,	0.13157894736842105,0.26762402088772846,
310,73,38,	0.041666666666666664,0.001277139208173691,
111,452,38,	0.21653543307086615,0.070242656449553,	0.21653543307086615,0.07180156657963446,
112,344,38,	0.11374795417348608,0.17752234993614305,	0.11497105045492143,0.1814621409921671,
119,356,38,	0.017037037037037038,0.02937420178799489,
31,239,38,	0.15151515151515152,0.01277139208173691,	0.15151515151515152,0.013054830287206266,
410,31,38,	0.2727272727272727,0.0038314176245210726,	0.2727272727272727,0.0039164490861618795,
268,348,38,	0.25,0.001277139208173691,	0.25,0.0013054830287206266,
407,173,38,	0.047619047619047616,0.007662835249042145,	0.04838709677419355,0.007832898172323759,
348,111,38,	1.0,0.001277139208173691,	1.0,0.0013054830287206266,
239,349,38,	0.10606060606060606,0.017879948914431672,	0.1076923076923077,0.018276762402088774,
215,348,38,	0.11788617886178862,0.037037037037037035,	0.11983471074380166,0.037859007832898174,
111,111,38,	0.2,0.001277139208173691,	0.2,0.0013054830287206266,
268,249,38,	0.14332784184514002,0.1111111111111111,	0.14332784184514002,0.11357702349869452,
460,223,38,	0.08373786407766991,0.44061302681992337,	0.06877799104286628,0.28067885117493474,
373,348,38,	0.13901345291479822,0.03959131545338442,	0.14027149321266968,0.04046997389033943,
306,69,38,	0.9133858267716536,0.14814814814814814,	0.9126984126984127,0.15013054830287206,
328,91,38,	0.056120617446452074,0.598978288633461,	0.05036128749726297,0.3002610966057441,
192,429,38,	0.2028985507246377,0.017879948914431672,	0.2028985507246377,0.018276762402088774,
72,452,38,	0.1917808219178082,0.1251596424010217,	0.18672199170124482,0.1174934725848564,
268,268,38,	0.12833914053426249,0.2822477650063857,	0.12833914053426249,0.2885117493472585,
410,26,38,	0.10823909531502424,0.08556832694763729,	0.11185308848080133,0.08746736292428199,
183,420,38,	0.052375809935205186,0.7432950191570882,	0.046910194887866026,0.6253263707571801,
31,2,38,	0.13043478260869565,0.022988505747126436,	0.13043478260869565,0.02349869451697128,
349,344,38,	0.1186161449752883,0.1839080459770115,	0.12,0.18798955613577023,
268,2,38,	0.14074074074074075,0.024265644955300127,	0.14074074074074075,0.024804177545691905,
390,320,38,	0.04338394793926247,0.48531289910600256,	0.05747126436781609,0.07180156657963446,
111,136,38,	0.25120772946859904,0.06641123882503193,	0.2524271844660194,0.06788511749347259,
112,31,38,	0.1051272593139063,0.36398467432950193,	0.10575139146567718,0.3720626631853786,
31,12,38,	0.14332247557003258,0.1123882503192848,	0.14332247557003258,0.11488250652741515,
263,173,38,	0.17699115044247787,0.10217113665389528,	0.17832957110609482,0.1031331592689295,
23,260,38,	0.23708206686930092,0.09961685823754789,	0.1896551724137931,0.07180156657963446,
111,348,38,	0.1343232044198895,0.49680715197956576,	0.13370865587614356,0.4960835509138381,
107,268,38,	0.1625,0.06641123882503193,	0.1625,0.06788511749347259,
70,307,38,	0.04738154613466334,0.04853128991060025,	0.07836990595611286,0.03263707571801567,
306,349,38,	0.1572052401746725,0.04597701149425287,	0.1572052401746725,0.04699738903394256,
