281,44,197,	0.4606413994169096,0.8876404494382022,
378,141,197,	0.7,0.03932584269662921,	0.7,0.03954802259887006,
286,49,197,	0.4105691056910569,0.5674157303370787,	0.35051546391752575,0.384180790960452,
197,434,197,	0.4857142857142857,0.9550561797752809,
64,301,197,	0.22800718132854578,0.7134831460674157,	0.22800718132854578,0.7175141242937854,
381,144,197,	0.6440677966101694,0.6404494382022472,	0.6305732484076433,0.559322033898305,
202,439,197,	0.4843205574912892,0.7808988764044944,	0.5414847161572053,0.7005649717514124,
3,240,197,	0.047265987025023166,0.5730337078651685,	0.0418552036199095,0.4180790960451977,
102,339,197,	0.6267281105990783,0.7640449438202247,
443,206,197,	0.06578947368421052,0.056179775280898875,	0.1,0.03389830508474576,
470,233,197,	0.24025974025974026,0.20786516853932585,	0.2857142857142857,0.011299435028248588,
