173,	0.01871657754010695,0.16666666666666666,	0.01873536299765808,0.16766467065868262,
213,	0.0223463687150838,0.011904761904761904,	0.022727272727272728,0.011976047904191617,
452,	0.013969732246798603,0.03571428571428571,
348,	0.021666401147044767,0.40476190476190477,	0.025196850393700787,0.04790419161676647,
211,112,	0.015384615384615385,0.008928571428571428,	0.015384615384615385,0.008982035928143712,
347,211,	0.4375,0.041666666666666664,	0.41935483870967744,0.038922155688622756,
396,211,	0.15,0.026785714285714284,	0.15254237288135594,0.02694610778443114,
116,211,	0.2159090909090909,0.05654761904761905,	0.20930232558139536,0.05389221556886228,
159,211,	0.15,0.026785714285714284,	0.15254237288135594,0.02694610778443114,
211,349,	0.01744186046511628,0.008928571428571428,	0.01744186046511628,0.008982035928143712,
353,211,	0.21839080459770116,0.05654761904761905,	0.21176470588235294,0.05389221556886228,
110,211,	0.3611111111111111,0.03869047619047619,	0.35294117647058826,0.03592814371257485,
225,462,211,	0.08430232558139535,0.17261904761904762,	0.3333333333333333,0.03293413173652695,
211,373,211,	0.5714285714285714,0.011904761904761904,
309,407,211,	0.09302325581395349,0.011904761904761904,	0.10256410256410256,0.011976047904191617,
371,134,211,	0.06791569086651054,0.34523809523809523,	0.06791569086651054,0.3473053892215569,
211,247,211,	0.7142857142857143,0.02976190476190476,
348,111,211,	0.06637474072366904,0.8571428571428571,	0.06658905704307334,0.8562874251497006,
136,111,211,	0.22134387351778656,0.3333333333333333,	0.22178217821782178,0.33532934131736525,
348,247,211,	0.12164948453608247,0.35119047619047616,	0.12846068660022147,0.3473053892215569,
348,373,211,	0.20240480961923848,0.3005952380952381,	0.2172043010752688,0.3023952095808383,
10,384,211,	0.04296875,0.06547619047619048,	0.043478260869565216,0.06287425149700598,
309,373,211,	0.12455516014234876,0.10416666666666667,	0.1282051282051282,0.08982035928143713,
452,215,452,	0.011915673693858845,0.03869047619047619,
278,41,211,	0.11816192560175055,0.32142857142857145,	0.18461538461538463,0.03592814371257485,
185,422,211,	0.026277372262773723,0.05357142857142857,	0.3333333333333333,0.0029940119760479044,
452,111,211,	0.23520485584218512,0.46130952380952384,	0.23809523809523808,0.4491017964071856,
310,320,211,	0.011834319526627219,0.005952380952380952,
309,111,211,	0.05767711351066632,0.6517857142857143,	0.06148126965970832,0.6437125748502994,
136,373,211,	0.26057529610829105,0.4583333333333333,	0.27787934186471663,0.4550898203592814,
211,448,111,	1.0,0.023809523809523808,
348,263,211,	0.02702702702702703,0.002976190476190476,	0.02702702702702703,0.0029940119760479044,
111,410,211,	0.2,0.002976190476190476,	0.2,0.0029940119760479044,
309,410,211,	0.06870567375886524,0.46130952380952384,	0.07244995233555768,0.4550898203592814,
211,448,348,	0.037952559300873906,0.9047619047619048,	0.13180169286577992,0.3263473053892216,
452,247,211,	0.19955654101995565,0.26785714285714285,	0.20681265206812652,0.25449101796407186,
10,111,211,	0.13626834381551362,0.3869047619047619,	0.13738019169329074,0.38622754491017963,
173,384,211,	0.07111111111111111,0.047619047619047616,	0.0761904761904762,0.04790419161676647,
348,215,211,	0.18301610541727673,0.37202380952380953,	0.18301610541727673,0.37425149700598803,
309,247,211,	0.08495145631067962,0.10416666666666667,	0.08951406649616368,0.10479041916167664,
123,360,211,	0.044326241134751775,0.0744047619047619,
116,353,211,	0.46788990825688076,0.15178571428571427,	0.46226415094339623,0.1467065868263473,
173,31,211,	1.0,0.002976190476190476,	1.0,0.0029940119760479044,
327,90,211,	0.010021040619093471,0.8363095238095238,	0.01041917127514627,0.7784431137724551,
173,263,211,	0.05,0.002976190476190476,	0.05,0.0029940119760479044,
26,410,211,	0.010752688172043012,0.002976190476190476,	0.010869565217391304,0.0029940119760479044,
147,111,211,	0.05637982195845697,0.05654761904761905,	0.05740181268882175,0.05688622754491018,
173,348,211,	0.5,0.002976190476190476,	0.5,0.0029940119760479044,
348,268,211,	0.5,0.002976190476190476,	0.5,0.0029940119760479044,
173,407,211,	0.06911447084233262,0.09523809523809523,	0.07207207207207207,0.09580838323353294,
147,247,211,	0.04428904428904429,0.05654761904761905,	0.047493403693931395,0.05389221556886228,
173,111,211,	0.10283159463487332,0.6160714285714286,	0.10265398097145718,0.6137724550898204,
348,448,211,	0.6438356164383562,0.41964285714285715,	1.0,0.05089820359281437,
211,72,211,	0.8181818181818182,0.026785714285714284,	0.8181818181818182,0.02694610778443114,
10,373,211,	0.2032520325203252,0.1488095238095238,	0.2127659574468085,0.1497005988023952,
111,448,211,	1.0,0.002976190476190476,	1.0,0.0029940119760479044,
173,410,211,	0.17921440261865793,0.6517857142857143,	0.17904290429042904,0.6497005988023952,
173,448,211,	0.5742574257425742,0.17261904761904762,	0.8648648648648649,0.09580838323353294,
136,72,211,	0.1072463768115942,0.11011904761904762,	0.10526315789473684,0.10778443113772455,
14,251,211,	0.17665615141955837,0.16666666666666666,	1.0,0.0029940119760479044,
309,384,211,	0.10084033613445378,0.07142857142857142,	0.10047846889952153,0.06287425149700598,
10,410,211,	0.11505922165820642,0.20238095238095238,	0.1152542372881356,0.20359281437125748,
235,472,211,	0.01904346562000291,0.3898809523809524,	0.019789734075448363,0.2874251497005988,
268,31,211,	1.0,0.002976190476190476,	1.0,0.0029940119760479044,
166,403,211,	0.3033175355450237,0.19047619047619047,	0.30288461538461536,0.18862275449101795,
211,215,211,	0.6,0.044642857142857144,	0.6,0.04491017964071856,
83,320,211,	0.023255813953488372,0.002976190476190476,
136,247,211,	0.20553359683794467,0.15476190476190477,	0.20717131474103587,0.15568862275449102,
26,263,211,	0.26666666666666666,0.011904761904761904,	0.3076923076923077,0.011976047904191617,
309,72,211,	0.032200711181351246,0.9702380952380952,	0.033437264810235456,0.9311377245508982,
452,410,211,	0.26258205689277897,0.35714285714285715,	0.2702078521939954,0.3502994011976048,
170,72,211,	0.10526315789473684,0.011904761904761904,	0.10526315789473684,0.011976047904191617,
31,268,211,	0.5,0.002976190476190476,	0.5,0.0029940119760479044,
158,395,211,	0.10734463276836158,0.16964285714285715,	0.3333333333333333,0.0029940119760479044,
136,215,211,	0.25949367088607594,0.24404761904761904,	0.26031746031746034,0.24550898203592814,
136,410,211,	0.22905027932960895,0.24404761904761904,	0.22969187675070027,0.24550898203592814,
75,312,211,	0.01670864819479429,0.5922619047619048,	0.016887816646562123,0.041916167664670656,
170,410,211,	0.1048158640226629,0.11011904761904762,	0.10571428571428572,0.11077844311377245,
111,348,211,	1.0,0.002976190476190476,	1.0,0.0029940119760479044,
211,448,452,	0.011961722488038277,0.044642857142857144,
88,325,211,	0.01868350488712049,0.6428571428571429,	0.01790905919292941,0.46107784431137727,
173,215,211,	0.2202970297029703,0.2648809523809524,	0.2202970297029703,0.26646706586826346,
452,215,211,	0.27064803049555275,0.6339285714285714,	0.2712765957446808,0.6107784431137725,
170,111,211,	0.08071367884451996,0.28273809523809523,	0.08061749571183534,0.281437125748503,
182,419,211,	0.018779342723004695,0.011904761904761904,
211,448,211,	0.8727272727272727,1.0,	0.9871794871794872,0.46107784431137727,
348,31,211,	0.5,0.002976190476190476,	0.5,0.0029940119760479044,
348,384,211,	0.04861111111111111,0.0625,	0.05198019801980198,0.06287425149700598,
201,438,211,	0.015522875816993464,0.1130952380952381,
10,448,211,	0.3333333333333333,0.020833333333333332,
353,116,211,	0.4727272727272727,0.15476190476190477,	0.4672897196261682,0.1497005988023952,
173,72,211,	0.06393982134461683,0.40476190476190477,	0.06392045454545454,0.4041916167664671,
452,72,211,	0.12032085561497326,0.13392857142857142,	0.11560693641618497,0.11976047904191617,
173,268,211,	1.0,0.002976190476190476,	1.0,0.0029940119760479044,
268,268,211,	1.0,0.002976190476190476,	1.0,0.0029940119760479044,
173,373,211,	0.22950819672131148,0.20833333333333334,	0.2527075812274368,0.20958083832335328,
452,448,211,	0.2553191489361702,0.03571428571428571,
211,448,173,	0.051704673741250845,0.6815476190476191,	0.11138613861386139,0.1347305389221557,
85,322,211,	0.0140625,0.05357142857142857,	0.014814814814814815,0.005988023952095809,
348,72,211,	0.04878048780487805,0.6309523809523809,	0.048678720445062586,0.6287425149700598,
31,31,211,	0.5,0.002976190476190476,	0.5,0.0029940119760479044,
1,238,211,	0.07616707616707617,0.09226190476190477,
309,263,211,	0.04938271604938271,0.011904761904761904,	0.04477611940298507,0.008982035928143712,
211,410,211,	0.9545454545454546,0.6875,	0.9787234042553191,0.1377245508982036,
136,448,211,	0.125,0.008928571428571428,
10,72,211,	0.06457564575645756,0.10416666666666667,	0.06457564575645756,0.10479041916167664,
147,410,211,	0.08629441624365482,0.050595238095238096,	0.08629441624365482,0.05089820359281437,
111,111,211,	0.2,0.002976190476190476,	0.2,0.0029940119760479044,
452,373,211,	0.25277777777777777,0.2708333333333333,	0.2806451612903226,0.26047904191616766,
348,348,211,	0.8,0.011904761904761904,	0.8,0.011976047904191617,
213,450,211,	0.11471861471861472,0.15773809523809523,	0.2,0.041916167664670656,
211,111,211,	0.9050445103857567,0.9077380952380952,	0.9044776119402985,0.907185628742515,
10,215,211,	0.1673913043478261,0.22916666666666666,	0.1673913043478261,0.23053892215568864,
147,384,211,	0.11757105943152454,0.2708333333333333,	0.11965811965811966,0.25149700598802394,
309,215,211,	0.1162079510703364,0.1130952380952381,	0.11038961038961038,0.10179640718562874,
173,247,211,	0.12808988764044943,0.16964285714285715,	0.13636363636363635,0.17065868263473055,
170,407,211,	0.0876595744680851,0.6130952380952381,	0.08916323731138547,0.5838323353293413,
211,348,211,	1.0,0.023809523809523808,
147,72,211,	0.06204379562043796,0.050595238095238096,	0.06204379562043796,0.05089820359281437,
82,319,211,	0.016309412861136997,0.10416666666666667,	0.025684931506849314,0.04491017964071856,
348,407,211,	0.07495069033530571,0.2261904761904762,	0.07763975155279502,0.2245508982035928,
10,247,211,	0.13186813186813187,0.5714285714285714,	0.13986537023186238,0.5598802395209581,
348,410,211,	0.10373998219056099,0.6934523809523809,	0.10382022471910113,0.6916167664670658,
309,448,211,	0.2,0.008928571428571428,	1.0,0.0029940119760479044,
75,320,211,	0.0196078431372549,0.002976190476190476,
