408,151,	0.9333333333333333,0.04697986577181208,	1.0,0.0625,
120,151,	0.03225806451612903,0.016778523489932886,	0.08928571428571429,0.0390625,
467,151,	0.3333333333333333,0.006711409395973154,	0.3333333333333333,0.0078125,
461,151,	0.2087912087912088,0.1912751677852349,	0.18548387096774194,0.1796875,
171,151,	0.03717472118959108,0.06711409395973154,	0.07272727272727272,0.09375,
262,151,	0.2916666666666667,0.1174496644295302,	0.2857142857142857,0.09375,
94,151,	0.2679425837320574,0.37583892617449666,	0.24550898203592814,0.3203125,
399,151,	0.2222222222222222,0.006711409395973154,	0.4,0.015625,
468,151,	1.0,0.003355704697986577,	1.0,0.0078125,
324,151,	0.8333333333333334,0.016778523489932886,	1.0,0.015625,
231,151,	0.013888888888888888,0.003355704697986577,	0.045454545454545456,0.0078125,
25,151,	0.26277372262773724,0.12080536912751678,	0.22,0.0859375,
357,151,	0.5,0.006711409395973154,	1.0,0.015625,
224,151,	0.20220588235294118,0.18456375838926176,	0.1746031746031746,0.171875,
87,151,	0.4,0.020134228187919462,	0.5,0.0234375,
138,151,	0.02127659574468085,0.006711409395973154,	0.04878048780487805,0.015625,
162,151,	0.013468013468013467,0.013422818791946308,	0.05063291139240506,0.03125,
331,151,	0.2711864406779661,0.37583892617449666,	0.2469879518072289,0.3203125,
129,366,151,	0.19826839826839826,0.7684563758389261,	0.1684027777777778,0.7578125,
331,138,151,	0.043010752688172046,0.013422818791946308,	0.05,0.015625,
299,257,151,	0.24940898345153664,0.7080536912751678,	0.20615384615384616,0.5234375,
32,284,151,	0.2483221476510067,0.12416107382550336,
331,94,151,	0.24789410348977137,0.6912751677852349,	0.22253521126760564,0.6171875,
138,230,151,	0.2457831325301205,0.3422818791946309,	0.40404040404040403,0.3125,
81,318,151,	0.7848837209302325,0.45302013422818793,	0.75,0.4453125,
20,257,151,	0.2623138602520046,0.7684563758389261,	0.23837209302325582,0.640625,
295,58,151,	0.08523290386521308,0.28859060402684567,	0.1383399209486166,0.2734375,
421,184,151,	0.17488789237668162,0.13087248322147652,	0.23684210526315788,0.0703125,
108,345,151,	0.06609894566098945,0.5469798657718121,
17,254,151,	0.19974554707379136,0.5268456375838926,
120,357,151,	0.3181818181818182,0.02348993288590604,	0.8333333333333334,0.0390625,
297,183,151,	0.014492753623188406,0.003355704697986577,
467,331,151,	0.2857142857142857,0.006711409395973154,	0.4,0.015625,
443,206,151,	0.022727272727272728,0.030201342281879196,	0.05,0.0234375,
446,209,151,	0.15930902111324377,0.2785234899328859,	0.15028901734104047,0.203125,
151,388,151,	0.3367231638418079,1.0,	0.5099601593625498,1.0,
260,23,151,	0.46938775510204084,0.07718120805369127,	0.5625,0.0703125,
199,436,151,	0.2232905982905983,0.7013422818791947,
375,138,151,	0.1340414769853313,0.889261744966443,	0.10186915887850467,0.8515625,
297,150,151,	0.01662971175166297,0.050335570469798654,	0.024390243902439025,0.0234375,
94,375,151,	0.015424164524421594,0.020134228187919462,	0.04040404040404041,0.03125,
134,371,151,	0.6363636363636364,0.02348993288590604,
276,39,151,	0.23055555555555557,0.5570469798657718,	0.18840579710144928,0.5078125,
162,399,151,	0.22918918918918918,0.7114093959731543,	0.18318965517241378,0.6640625,
20,62,151,	0.22896698615548455,0.7214765100671141,	0.20199501246882792,0.6328125,
162,138,151,	0.7142857142857143,0.016778523489932886,	0.8,0.03125,
387,60,151,	0.6086956521739131,0.04697986577181208,	0.5714285714285714,0.03125,
399,375,151,	0.3021978021978022,0.18456375838926176,	0.2916666666666667,0.1640625,
32,271,151,	0.21029082774049218,0.6308724832214765,
165,366,151,	0.17167919799498746,0.4597315436241611,	0.14138817480719795,0.4296875,
317,80,151,	0.20149253731343283,0.18120805369127516,	0.16806722689075632,0.15625,
418,181,151,	0.9090909090909091,0.10067114093959731,	0.8461538461538461,0.0859375,
399,94,151,	0.2777777777777778,0.016778523489932886,	0.36363636363636365,0.03125,
466,229,151,	0.17121918720852763,0.8624161073825504,	0.14798850574712644,0.8046875,
295,371,151,	0.16666666666666666,0.010067114093959731,
138,207,151,	0.25,0.006711409395973154,	0.4,0.015625,
237,0,151,	1.0,0.006711409395973154,	1.0,0.015625,
420,23,151,	0.05555555555555555,0.006711409395973154,	0.125,0.0078125,
467,230,151,	1.0,0.3691275167785235,	1.0,0.3359375,
109,58,151,	0.02891566265060241,0.040268456375838924,	0.01910828025477707,0.0234375,
472,58,151,	0.01697792869269949,0.03355704697986577,
260,150,151,	0.05241935483870968,0.0436241610738255,	0.1,0.03125,
378,141,151,	0.16666666666666666,0.003355704697986577,
444,375,151,	0.014492753623188406,0.006711409395973154,	0.045454545454545456,0.015625,
138,375,151,	0.15618448637316562,0.5,	0.23015873015873015,0.453125,
331,375,151,	0.015384615384615385,0.020134228187919462,	0.039603960396039604,0.03125,
94,331,151,	0.2465277777777778,0.714765100671141,	0.2292817679558011,0.6484375,
331,162,151,	0.025,0.016778523489932886,	0.06451612903225806,0.03125,
457,402,151,	0.21339712918660286,0.7483221476510067,	0.1686046511627907,0.6796875,
94,162,151,	0.024509803921568627,0.016778523489932886,	0.06349206349206349,0.03125,
297,60,151,	1.0,0.08389261744966443,	1.0,0.0390625,
397,160,151,	0.29959514170040485,0.2483221476510067,	0.32608695652173914,0.1171875,
171,408,151,	0.08267716535433071,0.07046979865771812,	0.1348314606741573,0.09375,
468,231,151,	0.23412698412698413,0.19798657718120805,	0.2602739726027397,0.1484375,
408,171,151,	1.0,0.25838926174496646,	1.0,0.2265625,
426,189,151,	0.12859424920127796,0.540268456375839,	0.12479474548440066,0.59375,
472,235,151,	0.30337078651685395,0.09060402684563758,	1.0,0.0078125,
138,94,151,	0.06542056074766354,0.02348993288590604,	0.1,0.0390625,
224,461,151,	0.16541353383458646,0.2214765100671141,	0.15135135135135136,0.21875,
32,269,151,	0.21029082774049218,0.6308724832214765,
299,62,151,	0.24203821656050956,0.7651006711409396,	0.19444444444444445,0.6015625,
244,7,151,	1.0,0.003355704697986577,
387,183,151,	0.3392857142857143,0.06375838926174497,	0.32142857142857145,0.0703125,
260,183,151,	0.2,0.006711409395973154,	0.14285714285714285,0.0078125,
461,224,151,	0.15639810426540285,0.2214765100671141,	0.14213197969543148,0.21875,
94,94,151,	0.24333719582850522,0.7046979865771812,	0.2231404958677686,0.6328125,
295,346,151,	0.2166172106824926,0.24496644295302014,	0.14634146341463414,0.046875,
138,162,151,	0.5913978494623656,0.18456375838926176,	0.75,0.1640625,
409,172,151,	0.02506162695152013,0.20469798657718122,	0.04186046511627907,0.2109375,
187,424,151,	0.15780866721177433,0.6476510067114094,	0.12111292962356793,0.578125,
467,94,151,	0.375,0.010067114093959731,	0.5,0.0234375,
57,294,151,	0.2197483059051307,0.761744966442953,	1.0,0.0078125,
77,314,151,	0.10437710437710437,0.2080536912751678,	0.07958477508650519,0.1796875,
295,235,151,	0.18719211822660098,0.12751677852348994,
387,150,151,	0.47035573122529645,0.39932885906040266,	0.4842105263157895,0.359375,
165,402,151,	0.1570552147239264,0.42953020134228187,	0.12871287128712872,0.40625,
420,183,151,	0.22807017543859648,0.2181208053691275,	0.24509803921568626,0.1953125,
467,375,151,	0.918918918918919,0.3422818791946309,	0.8863636363636364,0.3046875,
279,58,151,	0.1678832116788321,0.15436241610738255,	0.21739130434782608,0.0390625,
445,208,151,	0.20596205962059622,0.5100671140939598,	0.15989159891598917,0.4609375,
129,220,151,	0.2075306479859895,0.7953020134228188,	0.16695957820738136,0.7421875,
387,23,151,	0.7,0.04697986577181208,	0.5714285714285714,0.03125,
255,18,151,	1.0,0.010067114093959731,	1.0,0.0078125,
399,331,151,	0.23529411764705882,0.013422818791946308,	0.3,0.0234375,
165,220,151,	0.1876750700280112,0.44966442953020136,	0.1436950146627566,0.3828125,
1,238,151,	0.047619047619047616,0.003355704697986577,
34,271,151,	0.21145833333333333,0.6812080536912751,
71,308,151,	1.0,0.006711409395973154,
34,269,151,	0.21145833333333333,0.6812080536912751,
295,42,151,	0.16363636363636364,0.3624161073825503,	0.11818181818181818,0.1015625,
420,150,151,	0.02745792736935341,0.1040268456375839,	0.06060606060606061,0.09375,
131,368,151,	0.017716535433070866,0.24161073825503357,	0.06716417910447761,0.0703125,
387,18,151,	0.3333333333333333,0.003355704697986577,
94,138,151,	0.06329113924050633,0.016778523489932886,	0.08571428571428572,0.0234375,
420,60,151,	0.16666666666666666,0.003355704697986577,
399,162,151,	1.0,0.19798657718120805,	1.0,0.1875,
138,331,151,	0.04807692307692308,0.016778523489932886,	0.06521739130434782,0.0234375,
78,315,151,	0.22466960352422907,0.17114093959731544,	0.22330097087378642,0.1796875,
457,220,151,	0.21278625954198474,0.7483221476510067,	0.1702127659574468,0.6875,
331,331,151,	0.24047619047619048,0.6778523489932886,	0.21910112359550563,0.609375,
457,366,151,	0.2133204633204633,0.7416107382550335,	0.169921875,0.6796875,
129,402,151,	0.1972318339100346,0.7651006711409396,	0.1663778162911612,0.75,
231,468,151,	1.0,0.003355704697986577,	1.0,0.0078125,
96,333,151,	0.17519379844961241,0.7583892617449665,
375,399,151,	0.01730103806228374,0.016778523489932886,	0.01509433962264151,0.03125,
200,437,151,	0.27906976744186046,0.12080536912751678,	0.2037037037037037,0.0859375,
34,284,151,	0.225,0.12080536912751678,
49,286,151,	0.9716981132075472,0.34563758389261745,	0.9487179487179487,0.2890625,
331,230,151,	0.013392857142857142,0.010067114093959731,	0.05454545454545454,0.0234375,
