87,	0.010101010101010102,0.0030211480362537764,	0.015873015873015872,0.0030959752321981426,
0,49,	0.2,0.0030211480362537764,	0.2,0.0030959752321981426,
237,49,	0.010101010101010102,0.0030211480362537764,	0.010101010101010102,0.0030959752321981426,
190,49,	0.4,0.006042296072507553,	0.4,0.006191950464396285,
408,49,	0.03508771929824561,0.006042296072507553,	0.03508771929824561,0.006191950464396285,
423,49,	1.0,0.2537764350453172,	1.0,0.25696594427244585,
186,49,	1.0,0.2537764350453172,	1.0,0.25696594427244585,
387,144,	0.025835866261398176,0.0513595166163142,	0.022988505747126436,0.006191950464396285,
427,49,	0.02127659574468085,0.006042296072507553,	0.021505376344086023,0.006191950464396285,
420,144,	0.024390243902439025,0.01812688821752266,	0.07042253521126761,0.015479876160990712,
297,126,	0.025454545454545455,0.021148036253776436,
81,49,	0.01818181818181818,0.0030211480362537764,	0.0196078431372549,0.0030959752321981426,
318,49,	0.017857142857142856,0.0030211480362537764,	0.018867924528301886,0.0030959752321981426,
297,144,	0.020114942528735632,0.021148036253776436,
49,443,206,	0.045871559633027525,0.030211480362537766,	0.03940886699507389,0.02476780185758514,
444,286,49,	0.3333333333333333,0.0030211480362537764,
420,183,49,	0.059059633027522936,0.622356495468278,	0.06522609043617447,0.5046439628482973,
331,331,49,	0.10008779631255488,0.34441087613293053,	0.09855334538878843,0.33746130030959753,
387,183,49,	0.016058394160583942,0.03323262839879154,	0.013452914798206279,0.02786377708978328,
255,18,49,	1.0,0.26586102719033233,	1.0,0.2476780185758514,
244,7,49,	0.39949748743718594,0.48036253776435045,	0.39646464646464646,0.48606811145510836,
244,375,49,	0.536036036036036,0.3595166163141994,	0.5342465753424658,0.3622291021671827,
420,150,49,	0.019305019305019305,0.030211480362537766,	0.022922636103151862,0.02476780185758514,
20,257,49,	0.03389830508474576,0.1933534743202417,	0.03361344537815126,0.17337461300309598,
472,235,49,	0.09826086956521739,0.3413897280966767,	0.20057306590257878,0.21671826625386997,
297,60,49,	1.0,0.5861027190332326,	1.0,0.47058823529411764,
49,266,29,	0.04031620553359684,0.3081570996978852,	0.04220779220779221,0.12074303405572756,
49,381,144,	0.07904919845218353,0.43202416918429004,	0.1724137931034483,0.21671826625386997,
138,7,49,	0.30174563591022446,0.36555891238670696,	0.3005050505050505,0.3684210526315789,
151,388,49,	0.013079667063020214,0.19939577039274925,	0.016907011437095974,0.10526315789473684,
244,286,49,	1.0,0.01812688821752266,	1.0,0.006191950464396285,
138,375,49,	0.24439461883408073,0.6586102719033232,	0.24063564131668558,0.6563467492260062,
387,60,49,	0.01440922190201729,0.015105740181268883,	0.01529051987767584,0.015479876160990712,
49,207,444,	0.02142857142857143,0.00906344410876133,
49,286,49,	0.9910179640718563,1.0,	0.9885057471264368,0.7987616099071208,
49,7,244,	0.625,0.015105740181268883,	0.6666666666666666,0.006191950464396285,
420,60,49,	0.12914188615123195,0.459214501510574,	0.13789359391965256,0.3931888544891641,
297,183,49,	0.101889338731444,0.4561933534743202,	0.1431818181818182,0.39009287925696595,
49,363,126,	0.06471494607087827,0.2537764350453172,	0.18604651162790697,0.02476780185758514,
49,245,8,	0.06801736613603473,0.1419939577039275,	0.06873977086743044,0.13043478260869565,
94,331,49,	0.10886742756804214,0.37462235649546827,	0.10720720720720721,0.3684210526315789,
49,286,444,	0.024691358024691357,0.006042296072507553,
49,7,49,	1.0,0.01812688821752266,	1.0,0.018575851393188854,
331,94,49,	0.10844444444444444,0.3685800604229607,	0.1070448307410796,0.3622291021671827,
260,23,49,	0.45819397993311034,0.41389728096676737,	0.45643153526970953,0.34055727554179566,
299,62,49,	0.02860501567398119,0.22054380664652568,	0.030036968576709795,0.20123839009287925,
162,399,49,	0.011028653885796743,0.32326283987915405,	0.010954446854663775,0.3126934984520124,
190,427,49,	0.08468468468468468,0.283987915407855,	0.08401084010840108,0.28792569659442724,
443,206,49,	0.016,0.006042296072507553,	0.03333333333333333,0.006191950464396285,
94,94,49,	0.10008779631255488,0.34441087613293053,	0.0981981981981982,0.33746130030959753,
468,231,49,	0.05991440798858773,0.3806646525679758,	0.15333333333333332,0.21362229102167182,
297,150,49,	0.013812154696132596,0.015105740181268883,	0.02702702702702703,0.015479876160990712,
331,375,49,	0.013333333333333334,0.006042296072507553,	0.013333333333333334,0.006191950464396285,
281,44,49,	0.015873015873015872,0.012084592145015106,
171,408,49,	0.020155586987270154,0.17220543806646527,	0.020155586987270154,0.17647058823529413,
49,207,49,	1.0,0.006042296072507553,	1.0,0.006191950464396285,
