70,	0.042666666666666665,0.14678899082568808,	0.042662116040955635,0.18382352941176472,
97,	0.040067720090293454,0.3256880733944954,	0.04212860310421286,0.5066666666666667,
329,	0.028379772961816305,0.25229357798165136,	0.03869047619047619,0.2653061224489796,
249,30,	0.06896551724137931,0.009174311926605505,
107,30,	0.07017543859649122,0.01834862385321101,	0.044444444444444446,0.014598540145985401,
97,61,	0.012576255279211638,0.6146788990825688,	0.011960132890365448,0.48,
31,30,	0.029850746268656716,0.045871559633027525,	0.032520325203252036,0.058394160583941604,
404,298,	0.07142857142857142,0.0045871559633027525,
404,61,	0.07142857142857142,0.0045871559633027525,
30,157,	0.014096185737976783,0.46788990825688076,	0.028532608695652172,0.28,
404,369,	0.015625,0.0045871559633027525,
97,298,	0.012337413925019127,0.591743119266055,
30,471,	0.023183925811437404,0.06880733944954129,	0.12121212121212122,0.08163265306122448,
30,394,	0.014335421016005568,0.4724770642201835,	0.02328589909443726,0.3673469387755102,
404,157,	0.0125,0.0045871559633027525,
12,30,	0.06060606060606061,0.009174311926605505,
97,234,	0.02780269058295964,0.14220183486238533,	0.020785219399538105,0.06976744186046512,
30,298,	0.041713221601489756,0.5137614678899083,	0.09137055837563451,0.3673469387755102,
70,298,	0.012992831541218637,0.39908256880733944,
344,30,	0.06557377049180328,0.01834862385321101,	0.04081632653061224,0.014598540145985401,
70,234,	0.037037037037037035,0.0963302752293578,	0.022598870056497175,0.031007751937984496,
268,273,	0.010452961672473868,0.013761467889908258,
30,234,	0.12745098039215685,0.05963302752293578,	0.24,0.046511627906976744,
112,30,	0.029197080291970802,0.05504587155963303,	0.026058631921824105,0.058394160583941604,
30,369,	0.01574061617112875,0.536697247706422,	0.02654867256637168,0.3673469387755102,
30,61,	0.044427123928293066,0.5229357798165137,	0.1256544502617801,0.32,
30,132,	0.015691489361702126,0.5412844036697247,	0.025495750708215296,0.3673469387755102,
70,61,	0.012459689240691879,0.38990825688073394,	0.011821601289629231,0.29333333333333333,
329,234,	0.016666666666666666,0.12385321100917432,	0.03184713375796178,0.03875968992248062,
404,132,	0.015151515151515152,0.0045871559633027525,
349,30,	0.04020100502512563,0.07339449541284404,	0.03691275167785235,0.08029197080291971,
174,329,	0.03333333333333333,0.0045871559633027525,
268,30,	0.029508196721311476,0.04128440366972477,	0.03125,0.051094890510948905,
404,394,	0.012658227848101266,0.0045871559633027525,
174,273,	0.012362637362637362,0.08256880733944955,
60,420,30,	0.010448061080972473,0.23853211009174313,
329,334,30,	0.013173563560583508,0.8119266055045872,	0.023297491039426525,0.1897810218978102,
107,344,30,	0.2127659574468085,0.13761467889908258,	0.19658119658119658,0.1678832116788321,
329,307,30,	0.015396030421072158,0.7614678899082569,	0.045563549160671464,0.1386861313868613,
30,267,30,	0.09565598946906538,1.0,	0.4444444444444444,0.32116788321167883,
268,107,30,	0.0410958904109589,0.013761467889908258,	0.06,0.021897810218978103,
390,320,30,	0.012482874105647739,0.3761467889908257,
112,268,30,	0.06297872340425532,0.3394495412844037,	0.059880239520958084,0.36496350364963503,
407,348,30,	0.4634146341463415,0.0871559633027523,	0.39285714285714285,0.08029197080291971,
72,170,30,	0.018140589569160998,0.03669724770642202,	0.022727272727272728,0.043795620437956206,
349,12,30,	0.06164383561643835,0.04128440366972477,	0.045112781954887216,0.043795620437956206,
268,31,30,	0.0875,0.3532110091743119,	0.08359133126934984,0.39416058394160586,
97,334,30,	0.0175611681136543,0.8165137614678899,	0.024695652173913042,0.5182481751824818,
112,12,30,	0.041666666666666664,0.027522935779816515,	0.030534351145038167,0.029197080291970802,
410,348,30,	0.12949640287769784,0.08256880733944955,	0.11650485436893204,0.08759124087591241,
107,268,30,	0.04477611940298507,0.013761467889908258,	0.06521739130434782,0.021897810218978103,
31,349,30,	0.06963249516441006,0.3302752293577982,	0.06561679790026247,0.36496350364963503,
112,31,30,	0.05995203836930456,0.3440366972477064,	0.05758582502768549,0.3795620437956204,
329,92,30,	0.012213842354668625,0.8394495412844036,	0.0139234211834908,0.20437956204379562,
310,73,30,	0.125,0.0045871559633027525,
12,112,30,	0.03636363636363636,0.027522935779816515,	0.03333333333333333,0.029197080291970802,
111,309,30,	0.05851063829787234,0.05045871559633028,	0.047619047619047616,0.058394160583941604,
30,298,298,	0.029643995013159716,0.981651376146789,	0.13225806451612904,0.8367346938775511,
239,2,30,	0.0855614973262032,0.07339449541284404,	0.07317073170731707,0.06569343065693431,
97,92,30,	0.01729197233284427,0.7568807339449541,	0.016449348044132398,0.5985401459854015,
249,31,30,	0.03389830508474576,0.01834862385321101,	0.03529411764705882,0.021897810218978103,
12,349,30,	0.0410958904109589,0.027522935779816515,	0.038834951456310676,0.029197080291970802,
30,61,298,	0.030277425714688073,0.9862385321100917,	0.11484593837535013,0.8367346938775511,
460,223,30,	0.04984423676012461,0.29357798165137616,	0.04,0.24087591240875914,
329,267,30,	0.016400612289525475,0.6880733944954128,	0.04013377926421405,0.17518248175182483,
31,12,30,	0.0449438202247191,0.01834862385321101,	0.038461538461538464,0.021897810218978103,
174,411,30,	0.2784090909090909,0.22477064220183487,	0.2558139534883721,0.24087591240875914,
31,249,30,	0.037037037037037035,0.01834862385321101,	0.03333333333333333,0.021897810218978103,
60,260,30,	0.01273148148148148,0.15137614678899083,	0.019490254872563718,0.0948905109489051,
107,107,30,	0.2222222222222222,0.12844036697247707,	0.2018348623853211,0.16058394160583941,
410,309,30,	0.078125,0.022935779816513763,	0.05454545454545454,0.021897810218978103,
344,349,30,	0.012048192771084338,0.0045871559633027525,	0.017241379310344827,0.0072992700729927005,
344,31,30,	0.047619047619047616,0.013761467889908258,	0.0625,0.021897810218978103,
349,349,30,	0.060362173038229376,0.41284403669724773,	0.0575139146567718,0.45255474452554745,
12,249,30,	0.22727272727272727,0.09174311926605505,	0.2028985507246377,0.10218978102189781,
344,268,30,	0.04918032786885246,0.013761467889908258,	0.06818181818181818,0.021897810218978103,
30,298,61,	0.03226290516206483,0.9862385321100917,	0.11884057971014493,0.5466666666666666,
2,239,30,	0.07476635514018691,0.11009174311926606,	0.0787037037037037,0.12408759124087591,
30,132,369,	0.012659113162680095,0.8302752293577982,	0.035025017869907075,1.0,
112,249,30,	0.03571428571428571,0.027522935779816515,	0.0273972602739726,0.029197080291970802,
404,267,30,	0.06666666666666667,0.0045871559633027525,
249,268,30,	0.046511627906976744,0.01834862385321101,	0.04918032786885246,0.021897810218978103,
83,153,30,	0.012616364527192553,0.4724770642201835,	0.017857142857142856,0.014598540145985401,
111,348,30,	0.12,0.17889908256880735,	0.1111111111111111,0.1897810218978102,
107,349,30,	0.012048192771084338,0.0045871559633027525,	0.017241379310344827,0.0072992700729927005,
30,61,61,	0.032035928143712575,0.981651376146789,	0.11647727272727272,0.5466666666666666,
60,297,30,	0.032977386934673364,0.481651376146789,	0.016443098225876245,0.2773722627737226,
53,290,30,	0.015267175572519083,0.009174311926605505,
249,249,30,	0.1875,0.08256880733944955,	0.16883116883116883,0.0948905109489051,
30,369,132,	0.012682926829268294,0.8348623853211009,	0.03441011235955056,1.0,
407,309,30,	0.17391304347826086,0.03669724770642202,	0.15,0.043795620437956206,
30,369,369,	0.013133077191756898,0.8623853211009175,	0.03485064011379801,1.0,
23,420,30,	0.026455026455026454,0.16055045871559634,	0.022375215146299483,0.0948905109489051,
97,307,30,	0.02206531332744925,0.6880733944954128,	0.02857142857142857,0.20437956204379562,
30,157,157,	0.012686937415833864,0.8211009174311926,	0.03886397608370702,0.6933333333333334,
344,344,30,	0.20714285714285716,0.13302752293577982,	0.19827586206896552,0.1678832116788321,
268,268,30,	0.08751458576429405,0.3440366972477064,	0.08455284552845528,0.3795620437956204,
30,334,97,	0.02791130407815165,0.8256880733944955,	0.08811475409836066,0.5733333333333334,
12,12,30,	0.23684210526315788,0.08256880733944955,	0.21666666666666667,0.0948905109489051,
306,69,30,	1.0,0.027522935779816515,	1.0,0.0364963503649635,
70,267,30,	0.021026592455163882,0.46788990825688076,	0.041726618705035974,0.2116788321167883,
30,167,30,	0.09090909090909091,0.0045871559633027525,
30,334,30,	0.1111731843575419,0.9128440366972477,	0.18974358974358974,0.27007299270072993,
112,349,30,	0.058749210360075806,0.42660550458715596,	0.054481546572934976,0.45255474452554745,
97,267,30,	0.02240938486990525,0.6834862385321101,	0.03468208092485549,0.35036496350364965,
70,92,30,	0.02021258058895278,0.5321100917431193,	0.018676277850589777,0.41605839416058393,
30,307,30,	0.1302121433796635,0.8165137614678899,	0.4,0.1897810218978102,
69,306,30,	1.0,0.03669724770642202,	1.0,0.051094890510948905,
390,73,30,	0.058823529411764705,0.0045871559633027525,
183,260,30,	0.010651787978696424,0.1926605504587156,	0.014272121788772598,0.10948905109489052,
268,12,30,	0.043010752688172046,0.01834862385321101,	0.0375,0.021897810218978103,
12,268,30,	0.046511627906976744,0.01834862385321101,	0.046875,0.021897810218978103,
31,107,30,	0.037037037037037035,0.013761467889908258,	0.05357142857142857,0.021897810218978103,
263,26,30,	0.08196721311475409,0.022935779816513763,	0.0847457627118644,0.0364963503649635,
349,249,30,	0.05202312138728324,0.04128440366972477,	0.040268456375838924,0.043795620437956206,
12,31,30,	0.03361344537815126,0.01834862385321101,	0.033707865168539325,0.021897810218978103,
349,268,30,	0.06495882891125343,0.3256880733944954,	0.060723514211886306,0.34306569343065696,
30,157,394,	0.012012870933142654,0.7706422018348624,	0.034970238095238096,0.9591836734693877,
31,344,30,	0.03125,0.013761467889908258,	0.046875,0.021897810218978103,
31,112,30,	0.06653992395437262,0.3211009174311927,	0.06282051282051282,0.35766423357664234,
349,112,30,	0.06106369008535785,0.42660550458715596,	0.05871559633027523,0.46715328467153283,
287,50,30,	0.017342863149043514,0.7568807339449541,	0.019294990723562153,0.7591240875912408,
407,170,30,	0.576271186440678,0.1559633027522936,	0.5405405405405406,0.145985401459854,
406,169,30,	0.02194787379972565,0.07339449541284404,	0.06666666666666667,0.06569343065693431,
410,173,30,	0.20202020202020202,0.09174311926605505,	0.19444444444444445,0.10218978102189781,
72,348,30,	0.04666666666666667,0.06422018348623854,	0.05365853658536585,0.08029197080291971,
249,112,30,	0.03529411764705882,0.027522935779816515,	0.03278688524590164,0.029197080291970802,
390,153,30,	0.018291370776845277,0.38990825688073394,	0.02824858757062147,0.0364963503649635,
30,267,329,	0.03726525821596244,0.5825688073394495,	0.19333333333333333,0.5918367346938775,
111,170,30,	0.07196969696969698,0.0871559633027523,	0.07801418439716312,0.08029197080291971,
18,255,30,	0.027247956403269755,0.045871559633027525,	0.013812154696132596,0.0364963503649635,
268,249,30,	0.034482758620689655,0.01834862385321101,	0.031914893617021274,0.021897810218978103,
30,92,30,	0.11707680835197613,0.7201834862385321,	0.13836477987421383,0.32116788321167883,
72,309,30,	0.06754530477759473,0.18807339449541285,	0.06053811659192825,0.19708029197080293,
31,31,30,	0.08761682242990654,0.3440366972477064,	0.08163265306122448,0.3795620437956204,
268,112,30,	0.06779661016949153,0.3302752293577982,	0.06580645161290323,0.3722627737226277,
248,11,30,	0.42105263157894735,0.03669724770642202,	0.3888888888888889,0.051094890510948905,
111,173,30,	0.09278350515463918,0.08256880733944955,	0.08275862068965517,0.08759124087591241,
249,12,30,	0.23863636363636365,0.0963302752293578,	0.21739130434782608,0.10948905109489052,
30,267,70,	0.07007419620774938,0.7798165137614679,	0.43103448275862066,0.18382352941176472,
30,92,329,	0.02864743196234909,0.6422018348623854,	0.07741935483870968,0.7346938775510204,
70,334,30,	0.020370370370370372,0.5045871559633027,	0.02710027100271003,0.291970802919708,
304,67,30,	0.017105871474803514,0.3394495412844037,	0.027662517289073305,0.145985401459854,
455,218,30,	0.03333333333333333,0.03211009174311927,
23,297,30,	0.059130434782608696,0.1559633027522936,	0.06829268292682927,0.10218978102189781,
30,267,97,	0.035590436210987404,0.8944954128440367,	0.16759776536312848,0.4,
72,173,30,	0.04516129032258064,0.03211009174311927,	0.046296296296296294,0.0364963503649635,
249,349,30,	0.04081632653061224,0.027522935779816515,	0.038834951456310676,0.029197080291970802,
112,112,30,	0.056320400500625784,0.41284403669724773,	0.05419580419580419,0.45255474452554745,
268,349,30,	0.0710172744721689,0.3394495412844037,	0.06851119894598155,0.3795620437956204,
176,413,30,	0.01637107776261937,0.05504587155963303,	0.01834862385321101,0.043795620437956206,
181,418,30,	0.22058823529411764,0.06880733944954129,	0.24390243902439024,0.072992700729927,
30,394,157,	0.01194369401393431,0.7706422018348624,	0.039304610733182165,0.6933333333333334,
344,107,30,	0.2619047619047619,0.15137614678899083,	0.23148148148148148,0.18248175182481752,
70,307,30,	0.024541101356743814,0.5642201834862385,	0.041666666666666664,0.19708029197080293,
11,248,30,	0.3181818181818182,0.03211009174311927,	0.3,0.043795620437956206,
183,297,30,	0.012776637006616473,0.25688073394495414,
30,132,132,	0.013045904841635272,0.8577981651376146,	0.03453136011275546,1.0,
183,420,30,	0.013236346291438111,0.5091743119266054,	0.0137524557956778,0.35766423357664234,
23,260,30,	0.10757575757575757,0.3256880733944954,	0.12244897959183673,0.21897810218978103,
30,36,273,	0.02170326183525828,0.7844036697247706,	0.0637065637065637,0.673469387755102,
31,268,30,	0.08982035928143713,0.3440366972477064,	0.0859504132231405,0.3795620437956204,
30,394,394,	0.012603838441707248,0.8073394495412844,	0.03706624605678233,0.9591836734693877,
30,307,70,	0.04241552839683681,0.8119266055045872,	0.11931818181818182,0.3088235294117647,
107,31,30,	0.04411764705882353,0.013761467889908258,	0.061224489795918366,0.021897810218978103,
268,344,30,	0.03260869565217391,0.013761467889908258,	0.05,0.021897810218978103,
315,78,30,	0.5,0.009174311926605505,	0.5,0.0072992700729927005,
349,31,30,	0.061855670103092786,0.3302752293577982,	0.05875299760191847,0.35766423357664234,
323,86,30,	0.028169014084507043,0.05504587155963303,	0.023255813953488372,0.029197080291970802,
