362,	0.022123893805309734,0.022123893805309734,	0.04819277108433735,0.04819277108433735,
65,302,	0.03333333333333333,0.0014749262536873156,
65,404,	0.016129032258064516,0.0058997050147492625,
167,302,	0.016129032258064516,0.0058997050147492625,
167,404,	0.034151143419657734,0.6651917404129793,	0.03877221324717286,0.8674698795180723,
87,125,	1.0,0.004424778761061947,
125,125,	0.13301823092505063,0.29056047197640117,	0.10204081632653061,0.11904761904761904,
125,362,	0.027367135003054367,0.3303834808259587,	0.03724928366762178,0.1566265060240964,
324,125,	1.0,0.004424778761061947,
362,125,	0.09535304767652383,0.23303834808259588,	0.07228915662650602,0.14285714285714285,
125,125,362,	0.045061960195268494,0.8849557522123894,	0.1712538226299694,0.6746987951807228,
342,105,125,	0.018867924528301886,0.0014749262536873156,
167,344,404,	0.028406909788867563,0.10914454277286136,	0.04831932773109244,0.27710843373493976,
167,107,404,	0.030710172744721688,0.11799410029498525,	0.05042016806722689,0.2891566265060241,
362,167,404,	0.020877619192225933,0.4056047197640118,	0.025,0.40963855421686746,
362,125,362,	0.01382407325878313,0.23156342182890854,	0.026200873362445413,0.14457831325301204,
125,362,362,	0.02508449117536613,0.49262536873156343,	0.09846153846153846,0.3855421686746988,
167,249,404,	0.03272727272727273,0.1592920353982301,	0.04251700680272109,0.30120481927710846,
167,404,404,	0.14285714285714285,0.007374631268436578,	0.09090909090909091,0.024096385542168676,
362,404,125,	1.0,0.0014749262536873156,
167,2,404,	0.051776266061980346,0.20206489675516223,	0.06724137931034482,0.46987951807228917,
167,112,404,	0.023330080723853456,0.387905604719764,	0.029613960867265997,0.6746987951807228,
125,125,125,	0.10656883298392732,0.4498525073746313,	0.2231404958677686,0.32142857142857145,
167,11,404,	0.026490066225165563,0.058997050147492625,	0.03594771241830065,0.13253012048192772,
362,362,125,	0.04642233856893543,0.19616519174041297,	0.07027027027027027,0.15476190476190477,
167,306,404,	0.04680851063829787,0.048672566371681415,	0.0670391061452514,0.14457831325301204,
125,362,404,	1.0,0.029498525073746312,	1.0,0.07228915662650602,
167,31,404,	0.027238481599536367,0.27728613569321536,	0.034974093264248704,0.6506024096385542,
167,69,404,	0.04680851063829787,0.048672566371681415,	0.061452513966480445,0.13253012048192772,
167,12,404,	0.03272727272727273,0.1592920353982301,	0.047619047619047616,0.3373493975903614,
167,268,404,	0.02636916835699797,0.26843657817109146,	0.03562176165803109,0.6626506024096386,
167,174,404,	0.046468401486988845,0.2581120943952802,	0.06591639871382636,0.4939759036144578,
167,111,404,	0.06666666666666667,0.0014749262536873156,	0.09090909090909091,0.012048192771084338,
167,239,404,	0.0400604686318972,0.15634218289085547,	0.056896551724137934,0.39759036144578314,
167,404,125,	0.044412389918007895,0.8628318584070797,	0.04878048780487805,0.8095238095238095,
125,362,125,	0.05969886413665581,1.0,	0.18064516129032257,1.0,
167,411,404,	0.056293149229952204,0.31268436578171094,	0.06913183279742766,0.5180722891566265,
167,248,404,	0.022516556291390728,0.05014749262536873,	0.03594771241830065,0.13253012048192772,
239,2,125,	0.25,0.0014749262536873156,	0.25,0.011904761904761904,
167,125,125,	1.0,0.0014749262536873156,
125,342,105,	0.018867924528301886,0.029498525073746312,
167,349,404,	0.022797835536237026,0.37905604719764013,	0.02908514013749339,0.6626506024096386,
125,167,404,	0.012846347607052897,0.7522123893805309,	0.024800708591674048,0.6746987951807228,
125,167,125,	1.0,0.029498525073746312,	1.0,0.07142857142857142,
362,125,125,	0.14031413612565444,0.5929203539823009,	0.25396825396825395,0.5714285714285714,
