1,	0.20075757575757575,0.21544715447154472,	0.2054263565891473,0.27461139896373055,
348,1,	0.030303030303030304,0.0040650406504065045,	0.030303030303030304,0.0051813471502590676,
75,1,	0.02631578947368421,0.0040650406504065045,
136,1,	0.07142857142857142,0.0040650406504065045,	0.07142857142857142,0.0051813471502590676,
452,1,	0.037037037037037035,0.0040650406504065045,	0.038461538461538464,0.0051813471502590676,
173,1,	0.047619047619047616,0.0040650406504065045,	0.047619047619047616,0.0051813471502590676,
239,2,123,	1.0,0.0040650406504065045,	1.0,0.0051813471502590676,
225,462,123,	0.0670391061452514,0.0975609756097561,	0.3333333333333333,0.0051813471502590676,
348,111,123,	0.08333333333333333,0.6422764227642277,	0.07563546187228766,0.6321243523316062,
10,410,123,	0.13877551020408163,0.13821138211382114,	0.14213197969543148,0.14507772020725387,
136,410,123,	0.20454545454545456,0.14634146341463414,	0.2028985507246377,0.14507772020725387,
173,373,123,	0.15450643776824036,0.14634146341463414,	0.19444444444444445,0.14507772020725387,
185,422,123,	0.04447632711621234,0.12601626016260162,
170,407,123,	0.0776495278069255,0.3008130081300813,	0.07343124165554073,0.2849740932642487,
173,384,123,	0.08130081300813008,0.04065040650406504,	0.09195402298850575,0.04145077720207254,
173,410,123,	0.16139767054908485,0.3943089430894309,	0.15311909262759923,0.41968911917098445,
170,111,123,	0.06201550387596899,0.13008130081300814,	0.06041666666666667,0.15025906735751296,
452,72,123,	0.06926406926406926,0.06504065040650407,	0.06626506024096386,0.05699481865284974,
173,407,123,	0.05945945945945946,0.044715447154471545,	0.06622516556291391,0.05181347150259067,
136,373,123,	0.22535211267605634,0.3252032520325203,	0.25225225225225223,0.29015544041450775,
235,472,123,	0.021065302437556426,0.2845528455284553,	0.018149882903981264,0.16062176165803108,
173,247,123,	0.11986301369863013,0.14227642276422764,	0.13615023474178403,0.15025906735751296,
1,238,123,	0.11759425493716337,0.532520325203252,
346,109,123,	0.012083097795364612,0.6951219512195121,	0.012602033509952742,0.45595854922279794,
353,116,123,	0.25,0.06910569105691057,	0.24193548387096775,0.07772020725388601,
327,90,123,	0.013363662212112597,0.7642276422764228,	0.010997274179904126,0.6062176165803109,
173,215,123,	0.1660377358490566,0.17886178861788618,	0.1574468085106383,0.19170984455958548,
452,247,123,	0.12813370473537605,0.18699186991869918,	0.13953488372093023,0.18652849740932642,
75,312,123,	0.024932779271571743,0.4146341463414634,	0.01834862385321101,0.02072538860103627,
309,373,123,	0.07818930041152264,0.07723577235772358,	0.11458333333333333,0.05699481865284974,
309,384,123,	0.07428571428571429,0.052845528455284556,	0.09243697478991597,0.05699481865284974,
213,450,123,	0.16483516483516483,0.06097560975609756,	0.2,0.0051813471502590676,
452,215,123,	0.18482490272373542,0.3861788617886179,	0.17980295566502463,0.37823834196891193,
82,319,123,	0.01887705711519845,0.15853658536585366,	0.030456852791878174,0.06217616580310881,
452,373,123,	0.17735849056603772,0.1910569105691057,	0.2033898305084746,0.18652849740932642,
136,247,123,	0.1323529411764706,0.07317073170731707,	0.13392857142857142,0.07772020725388601,
348,215,123,	0.14146341463414633,0.23577235772357724,	0.1361111111111111,0.2538860103626943,
10,111,123,	0.12080536912751678,0.21951219512195122,	0.11081081081081082,0.21243523316062177,
147,111,123,	0.044642857142857144,0.04065040650406504,	0.040229885057471264,0.03626943005181347,
85,322,123,	0.014575741801145237,0.11382113821138211,	0.25,0.010362694300518135,
147,247,123,	0.021052631578947368,0.016260162601626018,	0.020134228187919462,0.015544041450777202,
88,325,123,	0.024714828897338403,0.42276422764227645,	0.020179372197309416,0.18652849740932642,
309,247,123,	0.05305039787798409,0.08130081300813008,	0.05687203791469194,0.06217616580310881,
147,72,123,	0.09230769230769231,0.04878048780487805,	0.08695652173913043,0.05181347150259067,
310,312,123,	0.012508017960230917,0.47560975609756095,	0.016666666666666666,0.0051813471502590676,
116,353,123,	0.21875,0.056910569105691054,	0.21311475409836064,0.06735751295336788,
348,410,123,	0.08558139534883721,0.37398373983739835,	0.08076514346439957,0.39378238341968913,
216,453,123,	0.016061084781463928,0.24796747967479674,
136,215,123,	0.17490494296577946,0.18699186991869918,	0.17567567567567569,0.20207253886010362,
371,134,123,	0.07544378698224852,0.2073170731707317,	0.07289719626168224,0.20207253886010362,
123,360,123,	0.21578947368421053,1.0,	0.847457627118644,0.25906735751295334,
452,111,123,	0.13657407407407407,0.23983739837398374,	0.1526479750778816,0.2538860103626943,
309,410,123,	0.06380753138075314,0.24796747967479674,	0.05874840357598978,0.23834196891191708,
348,384,123,	0.04059040590405904,0.044715447154471545,	0.035897435897435895,0.03626943005181347,
348,72,123,	0.05038022813688213,0.43089430894308944,	0.0446927374301676,0.41450777202072536,
14,251,123,	0.19658119658119658,0.09349593495934959,
147,410,123,	0.0625,0.04065040650406504,	0.06015037593984962,0.04145077720207254,
10,384,123,	0.015873015873015872,0.016260162601626018,	0.011764705882352941,0.010362694300518135,
309,215,123,	0.064,0.06504065040650407,	0.05670103092783505,0.05699481865284974,
310,73,123,	0.010215736040609137,0.6544715447154471,
136,72,123,	0.09090909090909091,0.06504065040650407,	0.08666666666666667,0.06735751295336788,
348,373,123,	0.12883435582822086,0.17073170731707318,	0.17733990147783252,0.18652849740932642,
158,395,123,	0.08571428571428572,0.04878048780487805,
10,72,123,	0.08,0.07317073170731707,	0.06315789473684211,0.06217616580310881,
173,111,123,	0.08847736625514403,0.34959349593495936,	0.08581644815256258,0.37305699481865284,
170,410,123,	0.04966887417218543,0.06097560975609756,	0.04964539007092199,0.07253886010362694,
201,438,123,	0.013480392156862746,0.044715447154471545,
452,410,123,	0.17120622568093385,0.17886178861788618,	0.193717277486911,0.19170984455958548,
136,111,123,	0.13109756097560976,0.17479674796747968,	0.13793103448275862,0.18652849740932642,
173,72,123,	0.05344995140913508,0.22357723577235772,	0.04966139954853273,0.22797927461139897,
10,215,123,	0.16433566433566432,0.1910569105691057,	0.1626984126984127,0.21243523316062177,
10,247,123,	0.1478405315614618,0.3617886178861789,	0.14950980392156862,0.3160621761658031,
278,41,123,	0.10599078341013825,0.18699186991869918,	0.16666666666666666,0.015544041450777202,
348,247,123,	0.10465116279069768,0.21951219512195122,	0.11263736263736264,0.21243523316062177,
309,111,123,	0.058163265306122446,0.4634146341463415,	0.05670446964643095,0.44041450777202074,
147,384,123,	0.1864406779661017,0.2682926829268293,	0.16279069767441862,0.21761658031088082,
75,73,123,	0.012636899747262006,0.36585365853658536,
10,373,123,	0.14634146341463414,0.07317073170731707,	0.13761467889908258,0.07772020725388601,
348,407,123,	0.06852791878172589,0.10975609756097561,	0.07407407407407407,0.12435233160621761,
309,72,123,	0.04212373848179026,0.7804878048780488,	0.037639007698887936,0.6839378238341969,
166,403,123,	0.2441860465116279,0.08536585365853659,	0.25806451612903225,0.08290155440414508,
211,448,123,	0.15508021390374332,0.11788617886178862,	0.1111111111111111,0.015544041450777202,
