144,	0.6686390532544378,0.8432835820895522,	0.6671779141104295,0.8430232558139535,
126,245,	0.056291390728476824,0.03171641791044776,	0.056179775280898875,0.029069767441860465,
144,8,	0.0990990990990991,0.041044776119402986,	0.10309278350515463,0.03875968992248062,
144,245,	0.049342105263157895,0.027985074626865673,	0.04814814814814815,0.025193798449612403,
150,49,	0.017880794701986755,0.05037313432835821,	0.016801075268817203,0.04844961240310078,
126,8,	0.10648148148148148,0.04291044776119403,	0.10106382978723404,0.03682170542635659,
432,439,	0.010542168674698794,0.3656716417910448,
144,381,126,	0.1060126582278481,1.0,	0.18372093023255814,0.15310077519379844,
144,443,206,	0.011904761904761904,0.014925373134328358,	0.0121765601217656,0.015503875968992248,
60,297,126,	0.20945945945945946,0.5205223880597015,	0.3157894736842105,0.023255813953488372,
126,363,144,	0.10192345825897284,0.9589552238805971,	0.2430939226519337,0.08527131782945736,
144,381,144,	0.08801868151607688,0.914179104477612,	0.10376134889753567,0.15503875968992248,
144,7,244,	0.13,0.024253731343283583,	0.11578947368421053,0.02131782945736434,
183,420,126,	0.03651243311299968,0.21641791044776118,
432,195,144,	0.025168888623184074,0.7854477611940298,	0.013422818791946308,0.01937984496124031,
144,363,126,	0.10758731433159374,1.0,	0.2733333333333333,0.07945736434108527,
126,375,138,	0.5,0.005597014925373134,	0.5,0.005813953488372093,
126,3,240,	0.0130810689422861,0.43470149253731344,
144,202,439,	0.012081002129029064,0.4552238805970149,	0.021806853582554516,0.17635658914728683,
126,381,126,	0.10865599026961281,1.0,	0.25139664804469275,0.0872093023255814,
126,381,144,	0.10119866378463352,0.960820895522388,	0.23383084577114427,0.09108527131782945,
113,350,126,	0.012915060083105605,0.6436567164179104,
144,375,138,	0.5,0.005597014925373134,	0.5,0.005813953488372093,
126,363,126,	0.10965630114566285,1.0,	0.2857142857142857,0.08914728682170543,
126,188,425,	0.013285024154589372,0.020522388059701493,	0.026066350710900472,0.02131782945736434,
126,7,244,	0.13402061855670103,0.024253731343283583,	0.11578947368421053,0.02131782945736434,
144,245,8,	0.06244343891402715,0.2574626865671642,	0.06557377049180328,0.24031007751937986,
126,443,206,	0.019313304721030045,0.016791044776119403,	0.019313304721030045,0.01744186046511628,
144,188,425,	0.013140604467805518,0.018656716417910446,	0.025906735751295335,0.01937984496124031,
144,363,144,	0.09602518693427785,0.9104477611940298,	0.23076923076923078,0.0755813953488372,
144,286,49,	0.33880903490759756,0.30783582089552236,	0.32425742574257427,0.25387596899224807,
126,245,8,	0.06873315363881402,0.28544776119402987,	0.07206266318537859,0.26744186046511625,
315,78,126,	0.14285714285714285,0.011194029850746268,	0.14285714285714285,0.011627906976744186,
183,420,144,	0.01356300013563,0.1865671641791045,
126,80,317,	0.03103448275862069,0.016791044776119403,	0.03103448275862069,0.01744186046511628,
144,80,317,	0.02168021680216802,0.014925373134328358,	0.02168021680216802,0.015503875968992248,
126,266,29,	0.06751918158567775,0.2462686567164179,	0.09375,0.12790697674418605,
144,266,29,	0.054637865311308764,0.24067164179104478,	0.058876811594202896,0.12596899224806202,
60,297,144,	0.06248338207923425,0.43843283582089554,
126,202,439,	0.013289760348583878,0.4552238805970149,	0.027879901960784315,0.17635658914728683,
126,286,49,	0.7164179104477612,0.3582089552238806,	0.6622222222222223,0.28875968992248063,
432,195,126,	0.02827581774950196,0.8208955223880597,	0.021367521367521368,0.01937984496124031,
