312,	0.6697885196374622,0.23423137876386688,	0.6415094339622641,0.01904761904761905,
312,110,	0.2714285714285714,0.004014791336502906,
320,111,	0.18089344420808354,0.49413629160063394,	0.27834179357022,0.1843137254901961,
312,159,	0.2646675358539765,0.02144743792921289,	0.4666666666666667,0.003923766816143498,
312,116,	0.24186046511627907,0.0219756999471738,	0.36363636363636365,0.002240896358543417,
320,407,	0.06523551479783243,0.03306920232435288,	0.23076923076923078,0.0016806722689075631,
320,384,	0.10208816705336426,0.02324352879027998,	0.13131313131313133,0.007282913165266107,
153,72,	0.07915837704226202,0.1387216059165346,	0.20386266094420602,0.10644257703081232,
312,396,	0.25997425997426,0.02134178552562071,	0.6428571428571429,0.005042016806722689,
312,347,	0.2934131736526946,0.005176967776016905,
320,448,	0.17892644135188868,0.009508716323296355,	0.5,0.0011204481792717086,
320,72,	0.07346106563521333,0.2588483888008452,	0.15861214374225527,0.1434173669467787,
153,373,	0.16631667366652667,0.041838351822503964,	0.3233333333333333,0.05434173669467787,
153,384,	0.07421875,0.010036978341257264,	0.15503875968992248,0.011204481792717087,
153,111,	0.18447164481784603,0.2690966719492868,	0.38124519600307455,0.27787114845938377,
153,410,	0.2387292380701292,0.1913365029054411,	0.47128129602356406,0.1792717086834734,
320,263,	0.11603292826342611,0.03127311146328579,
73,347,	0.2474747474747475,0.015530903328050714,	0.19753086419753085,0.008963585434173669,
153,325,	0.0701120346946151,0.020496566296883255,	0.30742049469964666,0.04873949579831933,
320,325,	0.051343283582089554,0.027258320126782885,
73,159,	0.28074245939675174,0.051135763338615955,	0.29102167182662536,0.052690582959641255,
320,410,	0.231009597500186,0.32805071315372425,	0.35555555555555557,0.13445378151260504,
153,407,	0.07760353839967833,0.020390913893291073,	0.2857142857142857,0.002240896358543417,
320,90,	0.045988139900762434,0.040147913365029056,
320,215,	0.21671525753158405,0.11780243000528262,	0.27791563275434245,0.06274509803921569,
153,90,	0.06466406787434074,0.029793977812995247,	0.15885714285714286,0.07787114845938375,
312,353,	0.23329425556858147,0.021024828314844164,	0.4166666666666667,0.0028011204481792717,
73,353,	0.23338870431893688,0.05937665081880613,	0.20698254364089774,0.04649859943977591,
320,192,	0.20615796519410978,0.016270470153195986,
153,403,	0.10694183864915573,0.006022187004754358,	0.2857142857142857,0.0067226890756302525,
320,373,	0.20219435736677116,0.0954041204437401,	0.2870967741935484,0.04985994397759104,
320,403,	0.14230019493177387,0.015425250924458532,	0.2,0.0056022408963585435,
133,41,	0.1570464767616192,0.17707342842049656,	0.20083217753120666,0.40560224089635855,
153,247,	0.13054662379421222,0.04289487585842578,	0.2463768115942029,0.047619047619047616,
320,109,	0.16216216216216217,0.0012678288431061807,
320,247,	0.1466996991682888,0.08758584257791865,	0.25961538461538464,0.0453781512605042,
153,215,	0.15580823601720958,0.05356576862123613,	0.2872727272727273,0.044257703081232495,
73,110,	0.300796812749004,0.01595351294241944,	0.24615384615384617,0.008968609865470852,
320,348,	0.19047619047619047,0.0012678288431061807,
73,116,	0.2404301075268817,0.05905969360802958,	0.21465968586387435,0.04593837535014006,
73,396,	0.2785755313038484,0.051241415742208134,	0.29936305732484075,0.05266106442577031,
153,263,	0.1268591426071741,0.01531959852086635,
153,192,	0.19817767653758542,0.00919175911251981,
320,349,72,	0.029347856238037557,0.3353407290015848,	0.08388520971302428,0.1915966386554622,
312,84,321,	0.03073151262899823,0.6264131008980455,
320,346,109,	0.10016420361247948,0.01288959323824617,
312,173,247,	0.15159694107062527,0.14241944004226095,	0.1651376146788991,0.020168067226890758,
312,88,325,	0.06065998881374892,0.3781299524564184,	0.21918876755070202,0.15742296918767507,
153,112,72,	0.030011804735782237,0.2283148441627047,	0.08504311626523937,0.16022408963585436,
153,390,312,	0.08496090263148498,0.5027997886951928,	0.44155844155844154,0.01904761904761905,
73,310,312,	0.06478822482741534,0.6078182778658214,	0.34831460674157305,0.052100840336134456,
320,154,391,	0.10543914400356665,0.04997358689910195,
73,173,111,	0.14425292334343873,0.8797675647120972,	0.18354715282466802,0.9137254901960784,
73,371,134,	0.1420495376802568,0.3132593766508188,	0.20536756126021002,0.39439775910364144,
73,112,349,	0.04198473282442748,0.001162176439513999,
73,173,263,	0.12382864792503347,0.058637083993660855,
312,348,247,	0.13094796228936234,0.18637083993660855,	0.19230769230769232,0.03081232492997199,
73,309,72,	0.0703065566506993,0.8885367142102483,	0.10872611464968153,0.9563025210084034,
73,56,293,	0.019118684337528308,0.652931854199683,	0.09380874796340394,0.838655462184874,
73,348,111,	0.11130445363835482,0.9664025356576862,	0.15781804935798197,0.9708683473389356,
73,349,349,	0.03215434083601286,0.0010565240359218173,
73,452,410,	0.3342942558189195,0.330797675647121,	0.3924119241192412,0.40560224089635855,
320,111,72,	0.09248554913294797,0.0016904384574749076,	0.3333333333333333,0.0033613445378151263,
73,10,111,	0.23166235624277776,0.44479661912308505,	0.2892966360856269,0.5299719887955182,
73,84,321,	0.025900029680665237,0.5623877443211833,	0.25,0.002240896358543417,
320,173,410,	0.4444444444444444,0.0012678288431061807,
320,268,410,	0.09712482468443198,0.20486001056524036,	0.1971326164874552,0.09243697478991597,
73,173,407,	0.14533594259621657,0.23539355520338087,	0.19917168674698796,0.29635854341736695,
73,348,407,	0.13013458162668226,0.3524564183835182,	0.18043956043956044,0.4599439775910364,
312,173,348,	0.0525,0.0022187004754358162,
73,173,373,	0.24220689655172414,0.2782884310618067,	0.3067385444743935,0.3187675070028011,
73,173,72,	0.09790650559015532,0.6892762810353935,	0.1433186174222031,0.7456582633053221,
73,75,312,	0.09851996023355783,0.7433703116745906,	0.30718954248366015,0.05266106442577031,
73,112,112,	0.041044776119402986,0.001162176439513999,
312,136,373,	0.24420677361853832,0.14474379292128897,	0.3373493975903614,0.03137254901960784,
73,83,320,	0.01662049861495845,0.005705229793977813,
320,348,72,	0.06315789473684211,0.0012678288431061807,	0.25,0.0028011204481792717,
73,31,268,	0.11934156378600823,0.00306391970417327,	0.5,0.002240896358543417,
73,5,242,	0.018295584422515044,0.4346539883782356,	0.07747304266291608,0.37030812324929974,
73,327,90,	0.044799244670935566,0.7820390913893291,	0.09051201164765833,0.8358543417366947,
73,216,453,	0.042608780583093225,0.1843634442683571,
73,147,111,	0.16668485973147038,0.16133122028526148,	0.2016925246826516,0.16022408963585436,
73,346,109,	0.043652158175730704,0.7645007923930269,	0.10487608301430586,0.5831932773109244,
73,310,73,	0.03333333333333333,0.591864764923402,	0.22988357050452782,0.9955182072829132,
73,309,348,	0.12173913043478261,0.0014791336502905442,	0.10526315789473684,0.0011204481792717086,
312,348,111,	0.11977805476257489,0.6294770206022187,	0.2767598842815815,0.1607843137254902,
73,166,403,	0.40755813953488373,0.1481246698362388,	0.48258706467661694,0.16302521008403362,
312,75,73,	0.0705826952927429,0.8551505546751189,	0.30159273848261686,0.9865546218487395,
312,309,111,	0.12043010752688173,0.402324352879028,	0.1781609195402299,0.06946778711484594,
320,112,111,	0.06019322318678241,0.45419968304278924,	0.14321518080916576,0.22408963585434175,
320,349,410,	0.07716989340874483,0.29984152139461173,	0.17806267806267806,0.1400560224089636,
312,310,312,	0.08672194895830651,0.7115689381933439,	0.36328125,0.052100840336134456,
73,112,268,	0.054945054945054944,0.0010565240359218173,
153,31,111,	0.08364189911955895,0.21479133650290544,	0.21912832929782083,0.20280112044817927,
320,173,111,	0.39285714285714285,0.002324352879027998,
73,31,410,	0.25,0.003169572107765452,	1.0,0.002240896358543417,
73,136,373,	0.30674548546441005,0.40021130480718436,	0.3595608417200366,0.4403361344537815,
73,111,72,	0.21428571428571427,0.003486529318541997,	0.2727272727272727,0.0033613445378151263,
153,83,73,	0.04559204033183067,0.902905441098785,	0.29812834224598933,0.9994397759103641,
73,170,72,	0.12600229095074456,0.01162176439513999,	0.13333333333333333,0.010084033613445379,
312,154,391,	0.027210387561800296,0.7873217115689382,	0.2098408104196816,0.08123249299719888,
320,31,410,	0.09616328132666078,0.20707871104067618,	0.203125,0.09467787114845938,
73,452,111,	0.2879692539976666,0.4433174854727945,	0.33288590604026846,0.5557422969187675,
73,147,384,	0.1780205181194184,0.2548335974643423,	0.23957685127566894,0.21568627450980393,
73,309,215,	0.19187785298284274,0.12879027997886952,	0.22014051522248243,0.15798319327731092,
312,31,111,	0.14285714285714285,0.0010565240359218173,
73,349,268,	0.056179775280898875,0.0010565240359218173,
320,390,73,	0.053191357872098485,0.9093502377179081,	0.39795171909290417,0.6095238095238096,
312,173,410,	0.21549100968188106,0.4115161119915478,	0.37790697674418605,0.07282913165266107,
73,111,348,	0.27601809954751133,0.006444796619123085,	0.45714285714285713,0.008963585434173669,
320,42,279,	0.10630379157943708,0.048283148441627045,
153,31,72,	0.037238169123351435,0.14199683042789224,	0.09939148073022312,0.10980392156862745,
320,31,72,	0.03648581383773022,0.2323296354992076,	0.0976545842217484,0.12829131652661063,
312,111,410,	0.4074074074074074,0.001162176439513999,
312,371,134,	0.12103191222045398,0.1526677231907026,	0.3013698630136986,0.04929971988795518,
153,268,111,	0.08240111444130187,0.20623349181193873,	0.22388059701492538,0.19327731092436976,
320,83,312,	0.054028872515421524,0.5330163761225568,	0.30857142857142855,0.030252100840336135,
153,111,111,	0.07211538461538461,0.001584786053882726,	0.22580645161290322,0.00392156862745098,
73,390,312,	0.1617161716171617,0.005176967776016905,
320,84,321,	0.08333333333333333,0.030744849445324882,
73,268,268,	0.15508021390374332,0.00306391970417327,	0.5,0.002240896358543417,
153,349,410,	0.0785417388292345,0.19165346011621764,	0.21028396009209516,0.1535014005602241,
73,173,410,	0.24043950647596832,0.8276809297411516,	0.29032874617737003,0.8509803921568627,
320,268,72,	0.036108108108108106,0.22937136819862652,	0.10103626943005181,0.13109243697478992,
320,310,312,	0.286480686695279,0.02820919175911252,
320,83,73,	0.029276309848471165,0.6850501848917063,	0.2961559285327558,0.9193277310924369,
73,75,73,	0.05465101990661096,0.7518225039619651,	0.17134524243528984,0.7899159663865546,
320,214,451,	0.07570556826849734,0.04194400422609614,
312,346,109,	0.04800467642823536,0.7114632857897517,	0.1617184771219001,0.2593837535014006,
320,112,410,	0.07656549822977757,0.2993132593766508,	0.17536534446764093,0.1411764705882353,
73,136,72,	0.1758478081058726,0.11230850501848917,	0.19768664563617244,0.10532212885154062,
312,309,72,	0.07182659088376239,0.5447437929212889,	0.14638906961613532,0.12605042016806722,
73,268,410,	0.5714285714285714,0.0021130480718436345,	1.0,0.002240896358543417,
320,111,111,	0.0802675585284281,0.0025356576862123614,	0.35,0.00392156862745098,
312,310,73,	0.04635659949286,0.7339672477548864,	0.2580597889800703,0.9865546218487395,
73,268,111,	0.3253012048192771,0.0028526148969889066,	0.75,0.0033613445378151263,
73,173,247,	0.17378272917491375,0.32466983623877443,	0.2194644023514043,0.3764705882352941,
312,348,348,	0.05198019801980198,0.0022187004754358162,	1.0,0.0016806722689075631,
73,83,73,	0.24230707265990012,0.15890121500264132,	0.4084675014907573,0.38375350140056025,
312,58,295,	0.02455238045256151,0.5931325937665082,	0.1686429512516469,0.07170868347338935,
153,112,410,	0.07878814072089203,0.19260433174854727,	0.2128787878787879,0.15742296918767507,
153,310,73,	0.4539130434782609,0.02757527733755943,
153,112,111,	0.06379623228482544,0.3119915478077126,	0.18555133079847907,0.2733893557422969,
73,31,31,	0.116,0.00306391970417327,	1.0,0.002240896358543417,
73,83,312,	0.27786930258099946,0.05346011621764395,	0.45652173913043476,0.011764705882352941,
73,58,295,	0.01955586353600954,0.5128367670364501,	0.13218970736629668,0.07338935574229692,
73,349,112,	0.036065573770491806,0.001162176439513999,
73,309,247,	0.12935149609966237,0.1173798203909139,	0.16274089935760172,0.12773109243697478,
73,452,215,	0.27978227933337074,0.526782884310618,	0.32164073550212163,0.6369747899159663,
312,348,410,	0.17305094174680125,0.4601162176439514,	0.36084452975047987,0.10532212885154062,
312,10,111,	0.21106426472467102,0.1745377707342842,	0.37168141592920356,0.023529411764705882,
73,10,247,	0.18944211157768445,0.5004754358161648,	0.244882486732373,0.5428571428571428,
73,309,407,	0.16172106824925817,0.011516111991547808,	0.21428571428571427,0.010084033613445379,
312,278,41,	0.12982641142115509,0.3381933438985737,	0.2857142857142857,0.0056022408963585435,
73,136,111,	0.30782029950083195,0.37136819862651876,	0.3503992484734617,0.41792717086834735,
153,31,410,	0.09982043747959517,0.12921288959323823,	0.2409778812572759,0.11596638655462185,
320,310,73,	0.1974774774774775,0.057897517168515586,
73,349,31,	0.05154639175257732,0.0010565240359218173,
73,10,215,	0.22537607449856734,0.2659270998415214,	0.2852504638218924,0.3445378151260504,
73,390,153,	0.021630615640599003,0.0013734812466983624,
73,304,67,	0.021484375,0.001162176439513999,
312,83,73,	0.31496062992125984,0.09720021130480719,
312,173,72,	0.08680937928070694,0.34146856840993134,	0.19696969696969696,0.050980392156862744,
312,75,312,	0.111258128539848,0.728473322768093,	0.3933649289099526,0.04649859943977591,
73,348,263,	0.08671065032987747,0.06804014791336503,
73,235,472,	0.06854847146952354,0.3461172741679873,	0.17749904979095402,0.261624649859944,
320,75,73,	0.3100252737994945,0.038880084521922875,
73,348,215,	0.2205564142194745,0.45229793977812993,	0.2874539790427641,0.5686274509803921,
153,111,72,	0.08333333333333333,0.0012678288431061807,	0.3333333333333333,0.0033613445378151263,
312,309,410,	0.16427608189285275,0.283148441627047,	0.27218934911242604,0.0515406162464986,
73,452,247,	0.19847257148179193,0.22514527205493925,	0.2409288824383164,0.27899159663865547,
153,349,72,	0.029594039412297195,0.22451135763338617,	0.08323095823095823,0.15182072829131651,
312,42,279,	0.029092754132271723,0.7875330163761226,	0.18472906403940886,0.08403361344537816,
312,83,320,	0.019310344827586208,0.0014791336502905442,
73,10,72,	0.1470757210157417,0.1352350765979926,	0.18409425625920472,0.1400560224089636,
73,88,325,	0.05999813380610245,0.5434759640781828,	0.171267252195734,0.4588235294117647,
73,26,410,	0.22575319851423856,0.0577918647649234,
73,309,111,	0.11696616480492149,0.7633386159535129,	0.1587654046852448,0.8011204481792717,
312,327,90,	0.04563240039128086,0.660433174854728,	0.11434196577313342,0.42296918767507,
73,211,448,	0.19270833333333334,0.20718436344426835,	0.37894736842105264,0.040336134453781515,
153,348,72,	0.043010752688172046,0.0012678288431061807,	0.25,0.0028011204481792717,
73,111,410,	0.6352941176470588,0.005705229793977813,	0.5925925925925926,0.008963585434173669,
320,31,111,	0.07779206697430466,0.3259376650818806,	0.1592196349905601,0.14173669467787114,
73,214,451,	0.021051996379362364,0.5528790279978869,	0.06148007590132827,0.2722689075630252,
312,10,247,	0.16719454842115367,0.18404648705758056,	0.2875,0.0257703081232493,
73,173,215,	0.2543504510263513,0.37834125726360274,	0.30703012912482064,0.47955182072829133,
312,111,348,	0.3939393939393939,0.0013734812466983624,
320,5,242,	0.05523535062439962,0.012150026413100899,
320,58,295,	0.10681244743481917,0.01341785525620708,
73,173,348,	0.0673758865248227,0.004014791336502906,	0.3870967741935484,0.0067226890756302525,
312,452,215,	0.23470873786407767,0.20433174854727945,	0.3193916349809886,0.047058823529411764,
73,278,41,	0.14636953955135773,0.5239302694136292,	0.2468354430379747,0.08739495798319327,
73,452,72,	0.17858896709772468,0.11526677231907026,	0.2003454231433506,0.12997198879551822,
153,390,73,	0.06926687545395616,0.9370311674590597,	0.4735780556676079,0.657703081232493,
312,111,111,	0.3508771929824561,0.0021130480718436345,
73,348,348,	0.0633116883116883,0.004120443740095087,	0.2708333333333333,0.007282913165266107,
73,348,384,	0.10237367118101064,0.1485472794506075,	0.13128205128205128,0.1434173669467787,
320,56,293,	0.09754913855860228,0.042472266244057054,
73,348,247,	0.14632727272727272,0.42514527205493924,	0.20766467065868263,0.4857142857142857,
320,112,72,	0.029781503924444074,0.34115161119915477,	0.08357418111753372,0.19439775910364146,
320,111,410,	0.08152173913043478,0.001584786053882726,	0.6666666666666666,0.0033613445378151263,
312,214,451,	0.02536283888180613,0.6347596407818278,	0.15543284066915705,0.5361344537815126,
73,348,410,	0.16978843821587386,0.7987321711568938,	0.23155737704918034,0.82296918767507,
320,348,111,	0.13793103448275862,0.0025356576862123614,	0.36363636363636365,0.002240896358543417,
312,56,293,	0.028662817124290838,0.899418911780243,	0.12968005445881553,0.6403361344537815,
73,309,373,	0.17643855509166817,0.10269413629160064,	0.22607655502392343,0.10588235294117647,
73,348,72,	0.07742989990050964,0.80581088219757,	0.12688945175259417,0.8700280112044818,
73,111,111,	0.4084507042253521,0.00612783940834654,	0.42,0.011764705882352941,
153,349,111,	0.06325825084279917,0.31125198098256734,	0.18231186966640806,0.26330532212885155,
73,112,111,	0.19696969696969696,0.0013734812466983624,	0.8333333333333334,0.0056022408963585435,
73,26,111,	0.13229650575641286,0.06920232435287903,
73,42,279,	0.023161069346792955,0.6637083993660856,	0.1603128054740958,0.09187675070028012,
320,327,90,	0.08668730650154799,0.008874801901743265,
73,268,31,	0.1638418079096045,0.00306391970417327,	1.0,0.002240896358543417,
73,170,410,	0.20368287883047512,0.1530903328050713,	0.27350427350427353,0.1792717086834734,
73,225,462,	0.1040871556449934,0.15847860538827258,	0.25675675675675674,0.010644257703081233,
73,390,73,	0.26264800861141013,0.02577918647649234,
153,268,72,	0.03655425672076921,0.13777073428420497,	0.105774419859687,0.10980392156862745,
320,268,111,	0.07758752875031945,0.3207606973058637,	0.16817010309278352,0.146218487394958,
312,173,111,	0.14812971960428495,0.5347068145800317,	0.28501628664495116,0.09803921568627451,
73,112,31,	0.05263157894736842,0.0010565240359218173,
320,348,410,	0.14084507042253522,0.0010565240359218173,	0.5,0.0016806722689075631,
312,348,72,	0.07214218109159744,0.43486529318541994,	0.17369727047146402,0.0784313725490196,
320,75,312,	0.40046296296296297,0.01827786582144744,
73,170,407,	0.13430913027985636,0.5176967776016904,	0.19418540866703238,0.5949579831932773,
73,154,391,	0.017942674175107087,0.5766508188061278,	0.16759156492785793,0.08459383753501401,
320,349,111,	0.059456889560086136,0.4492340200739567,	0.14014598540145987,0.21512605042016808,
73,10,410,	0.28023479404918533,0.2925515055467512,	0.35428571428571426,0.3473389355742297,
73,309,410,	0.158613166661753,0.5684099313259376,	0.20852987421383648,0.5943977591036415,
73,136,410,	0.35175740868366645,0.26962493396724774,	0.39586410635155095,0.3002801120448179,
73,170,111,	0.18688415446071904,0.2965662968832541,	0.2744148506860371,0.38095238095238093,
312,5,242,	0.027992217410406077,0.6125726360274696,	0.08367071524966262,0.10420168067226891,
73,31,111,	0.20359281437125748,0.0035921817221341787,	0.75,0.0033613445378151263,
73,349,111,	0.16853932584269662,0.001584786053882726,	0.7692307692307693,0.0056022408963585435,
133,67,111,	0.054457626585266074,0.36566296883254096,	0.12402475114339521,0.2582633053221289,
153,268,410,	0.10092443389025528,0.12572636027469625,	0.2546816479400749,0.11428571428571428,
312,147,384,	0.14185714285714285,0.10491283676703644,	0.13636363636363635,0.008403361344537815,
312,235,472,	0.056182389205536816,0.20412044374009508,	0.19318181818181818,0.0761904761904762,
312,170,407,	0.1211619173845814,0.2318013734812467,	0.20137299771167047,0.04929971988795518,
73,348,373,	0.2278428383341418,0.3473851030110935,	0.3025574338968357,0.39103641456582633,
