87,146,	1.0,0.04580152671755725,	1.0,0.04580152671755725,
416,146,	1.0,0.7022900763358778,	1.0,0.7022900763358778,
428,146,	1.0,0.6946564885496184,	1.0,0.6946564885496184,
191,146,	1.0,0.6946564885496184,	1.0,0.6946564885496184,
324,146,	1.0,0.04580152671755725,	1.0,0.04580152671755725,
179,146,	1.0,0.7022900763358778,	1.0,0.7022900763358778,
351,114,146,	0.22183098591549297,0.48091603053435117,
223,141,146,	0.15254237288135594,0.06870229007633588,	0.15254237288135594,0.06870229007633588,
98,335,146,	0.023474178403755867,0.11450381679389313,
118,355,146,	0.025925925925925925,0.10687022900763359,
94,94,146,	1.0,0.007633587786259542,	1.0,0.007633587786259542,
428,191,146,	1.0,0.6946564885496184,	1.0,0.6946564885496184,
331,94,146,	1.0,0.015267175572519083,	1.0,0.015267175572519083,
43,361,146,	0.11037527593818984,0.7633587786259542,
80,317,146,	0.041666666666666664,0.09923664122137404,	0.041666666666666664,0.09923664122137404,
7,138,146,	0.37857142857142856,0.40458015267175573,	0.37857142857142856,0.40458015267175573,
59,296,146,	0.057007125890736345,0.732824427480916,	0.057313432835820896,0.732824427480916,
375,138,146,	0.03435114503816794,0.8931297709923665,	0.03435114503816794,0.8931297709923665,
390,153,146,	0.014492753623188406,0.015267175572519083,
420,183,146,	0.3333333333333333,0.007633587786259542,	0.3333333333333333,0.007633587786259542,
196,280,146,	0.09820585457979225,0.7938931297709924,
379,142,146,	0.03747323340471092,0.5343511450381679,	0.05179282868525897,0.09923664122137404,
98,316,146,	0.023474178403755867,0.11450381679389313,
375,331,146,	1.0,0.007633587786259542,	1.0,0.007633587786259542,
124,280,146,	0.11012782694198624,0.8549618320610687,
55,292,146,	0.0903277378097522,0.8625954198473282,	0.09090909090909091,0.5801526717557252,
43,316,146,	0.11037527593818984,0.7633587786259542,
79,433,146,	0.025380710659898477,0.11450381679389313,
4,241,146,	0.03076923076923077,0.0916030534351145,	0.03076923076923077,0.0916030534351145,
98,433,146,	0.023474178403755867,0.11450381679389313,
378,141,146,	0.3466666666666667,0.1984732824427481,	0.33783783783783783,0.19083969465648856,
223,460,146,	0.3153409090909091,0.8473282442748091,	0.3230769230769231,0.8015267175572519,
191,428,146,	1.0,0.6946564885496184,	1.0,0.6946564885496184,
378,460,146,	0.13829787234042554,0.09923664122137404,	0.1375,0.08396946564885496,
375,94,146,	1.0,0.007633587786259542,	1.0,0.007633587786259542,
43,280,146,	0.11037527593818984,0.7633587786259542,
124,316,146,	0.11012782694198624,0.8549618320610687,
43,355,146,	0.11037527593818984,0.7633587786259542,
207,138,146,	0.09656652360515021,0.6870229007633588,	0.0966702470461869,0.6870229007633588,
416,191,146,	1.0,0.5572519083969466,	1.0,0.5572519083969466,
201,438,146,	0.14492753623188406,0.22900763358778625,
191,191,146,	1.0,0.6946564885496184,	1.0,0.6946564885496184,
124,355,146,	0.11012782694198624,0.8549618320610687,
124,335,146,	0.11012782694198624,0.8549618320610687,
187,424,146,	0.26143790849673204,0.3053435114503817,	0.26143790849673204,0.3053435114503817,
188,425,146,	0.02027027027027027,0.022900763358778626,
301,64,146,	0.19047619047619047,0.7633587786259542,	0.19047619047619047,0.7633587786259542,
179,191,146,	1.0,0.5572519083969466,	1.0,0.5572519083969466,
207,444,146,	0.10554371002132196,0.7557251908396947,	0.1056563500533618,0.7557251908396947,
190,427,146,	0.019230769230769232,0.015267175572519083,	0.019230769230769232,0.015267175572519083,
416,428,146,	1.0,0.5572519083969466,	1.0,0.5572519083969466,
94,331,146,	1.0,0.015267175572519083,	1.0,0.015267175572519083,
118,335,146,	0.025925925925925925,0.10687022900763359,
124,361,146,	0.11012782694198624,0.8549618320610687,
389,152,146,	0.07072042300066093,0.816793893129771,	0.09665427509293681,0.1984732824427481,
98,361,146,	0.023474178403755867,0.11450381679389313,
79,355,146,	0.025380710659898477,0.11450381679389313,
443,206,146,	0.049924357034795766,0.25190839694656486,	0.04961832061068702,0.09923664122137404,
118,433,146,	0.025925925925925925,0.10687022900763359,
43,433,146,	0.11037527593818984,0.7633587786259542,
232,469,146,	0.07189973614775726,0.8320610687022901,	0.09658246656760773,0.4961832061068702,
375,244,146,	0.3373493975903614,0.42748091603053434,	0.3373493975903614,0.42748091603053434,
196,355,146,	0.09820585457979225,0.7938931297709924,
98,280,146,	0.023474178403755867,0.11450381679389313,
118,316,146,	0.025925925925925925,0.10687022900763359,
207,427,146,	0.013636363636363636,0.022900763358778626,	0.013636363636363636,0.022900763358778626,
79,316,146,	0.025380710659898477,0.11450381679389313,
137,374,146,	0.037333333333333336,0.10687022900763359,	0.037333333333333336,0.10687022900763359,
124,433,146,	0.11012782694198624,0.8549618320610687,
118,361,146,	0.025925925925925925,0.10687022900763359,
428,428,146,	1.0,0.6946564885496184,	1.0,0.6946564885496184,
43,335,146,	0.11037527593818984,0.7633587786259542,
7,244,146,	0.27898550724637683,0.5877862595419847,	0.28,0.5877862595419847,
79,335,146,	0.025380710659898477,0.11450381679389313,
196,433,146,	0.09820585457979225,0.7938931297709924,
101,338,146,	0.03954802259887006,0.16030534351145037,	0.03954802259887006,0.16030534351145037,
196,316,146,	0.09820585457979225,0.7938931297709924,
223,183,146,	1.0,0.007633587786259542,	1.0,0.007633587786259542,
196,335,146,	0.09820585457979225,0.7938931297709924,
79,280,146,	0.025380710659898477,0.11450381679389313,
79,361,146,	0.025380710659898477,0.11450381679389313,
179,428,146,	1.0,0.5572519083969466,	1.0,0.5572519083969466,
331,331,146,	1.0,0.007633587786259542,	1.0,0.007633587786259542,
31,268,146,	0.25,0.015267175572519083,	0.25,0.015267175572519083,
375,444,146,	0.05057096247960848,0.7099236641221374,	0.05057096247960848,0.7099236641221374,
118,280,146,	0.025925925925925925,0.10687022900763359,
98,355,146,	0.023474178403755867,0.11450381679389313,
146,383,146,	0.3830409356725146,1.0,	0.3830409356725146,1.0,
196,361,146,	0.09820585457979225,0.7938931297709924,
