298,36,	0.13706938379427464,0.8515448379804069,	0.2570480928689884,0.7099236641221374,
307,349,	0.014760147601476014,0.012057272042200452,	0.014285714285714285,0.0030581039755351682,
132,36,	0.06293404856554433,0.9902034664657121,	0.08994868699064293,0.9099236641221374,
92,174,	0.3918918918918919,0.1966842501883949,	0.4668304668304668,0.2900763358778626,
307,268,	0.013333333333333334,0.006028636021100226,	0.010752688172043012,0.0015290519877675841,
234,36,	0.08782608695652173,0.22833458929917105,	0.2408026755852843,0.2198473282442748,
61,36,	0.13581874850155837,0.8538055764883196,	0.24932395889670092,0.7038167938931298,
307,31,	0.0141287284144427,0.006782215523737754,	0.0196078431372549,0.0030581039755351682,
307,112,	0.01366120218579235,0.011303692539562924,	0.013793103448275862,0.0030581039755351682,
92,2,	0.020710059171597635,0.0052750565184626974,	0.029535864978902954,0.010687022900763359,
369,36,	0.06275631855030997,0.9917106254709872,	0.09019011406844106,0.9053435114503817,
157,36,	0.0615267947421638,0.9171062547098718,	0.1044932079414838,0.916030534351145,
394,36,	0.06148345838159021,0.920120572720422,	0.1059463252061042,0.9221374045801527,
334,174,	0.25483870967741934,0.11906556141672947,	0.46938775510204084,0.07022900763358779,
334,239,	0.03982300884955752,0.006782215523737754,	0.04938271604938271,0.0061068702290076335,
267,174,	0.3076923076923077,0.015071590052750565,	1.0,0.004580152671755725,
92,349,	0.014416315049226441,0.03089675960813866,	0.01877133105802048,0.050381679389312976,
307,2,	0.0425531914893617,0.00452147701582517,
36,2,	0.23163841807909605,0.03089675960813866,	0.28735632183908044,0.03816793893129771,
36,31,	0.041811846689895474,0.00904295403165034,	0.036231884057971016,0.007633587786259542,
36,112,	0.12680577849117175,0.059532780708364735,	0.125,0.05801526717557252,
36,239,	0.193717277486911,0.027882441597588545,	0.27058823529411763,0.035114503816793895,
36,268,	0.036585365853658534,0.00904295403165034,	0.031055900621118012,0.007633587786259542,
36,349,	0.12374581939799331,0.05576488319517709,	0.12802768166089964,0.05648854961832061,
471,36,	0.2416173570019724,0.18462697814619441,	0.3877551020408163,0.20336391437308868,
92,239,	0.04529616724738676,0.009796533534287867,	0.061224489795918366,0.0183206106870229,
307,174,	0.7018348623853211,0.23059532780708364,	0.7666666666666667,0.07033639143730887,
334,2,	0.013812154696132596,0.0037678975131876413,	0.02631578947368421,0.004580152671755725,
92,112,	0.013005272407732865,0.027882441597588545,	0.017035775127768313,0.04580152671755725,
307,239,	0.09090909090909091,0.0052750565184626974,	0.1,0.0030581039755351682,
36,97,334,	0.010682004930156122,0.0293896006028636,
61,132,36,	0.0737170784686397,0.8183873398643556,	0.17376,0.8290076335877863,
394,369,36,	0.029108604291086044,0.4958553127354936,	0.09033097268391387,0.9541984732824428,
369,157,36,	0.02665037781095878,0.44385832705350414,	0.08364561027837258,0.9541984732824428,
36,111,348,	0.2,0.01808590806330068,	0.2222222222222222,0.0183206106870229,
307,287,50,	0.0540676826535186,0.7272042200452148,	0.07633928571428572,0.5229357798165137,
307,329,36,	0.0982160170641846,0.7633760361718162,	0.219385867554569,0.9067278287461774,
36,406,169,	0.06205619018215498,0.15146948003014318,
36,31,174,	0.509090909090909,0.02110022607385079,	0.6,0.022900763358778626,
61,298,36,	0.09327449786975045,0.9238884702336096,	0.21117533718689788,0.8366412213740458,
132,157,36,	0.026641120386843666,0.4400904295403165,	0.08383554305611357,0.9557251908396946,
307,112,349,	0.010192263145703035,0.033157498116051246,	0.01046337817638266,0.010703363914373088,
36,349,31,	0.0819277108433735,0.07686510926902788,	0.07644305772230889,0.07480916030534351,
36,2,239,	0.26243093922651933,0.07159005275056518,	0.25862068965517243,0.06870229007633588,
61,157,36,	0.07853624208304011,0.8409947249434815,	0.20036968576709796,0.8274809160305343,
61,394,36,	0.07862804236515396,0.8447626224566692,	0.19751734209565536,0.8259541984732824,
132,61,36,	0.058107010737165024,0.9706103993971364,	0.08967804338814425,0.9908396946564886,
61,369,36,	0.07466232267698364,0.8289374529012811,	0.17155471460107222,0.8305343511450382,
92,97,36,	0.058345041780669966,0.5945742275810098,	0.07976903336184774,0.5694656488549619,
36,249,12,	0.3392857142857143,0.014318010550113038,	0.2916666666666667,0.010687022900763359,
307,304,67,	0.02270697793085853,0.13413715146948002,	0.045714285714285714,0.03669724770642202,
334,404,167,	0.013351286052247446,0.7995478522984175,	0.030723661284702056,0.8076335877862595,
36,97,36,	0.45252128356254095,0.520723436322532,	0.6469428007889546,0.500763358778626,
36,31,349,	0.11286681715575621,0.07535795026375283,	0.09808102345415778,0.07022900763358779,
92,390,320,	0.017554440987873787,0.4167294649585531,
36,249,249,	0.20754716981132076,0.008289374529012811,	0.14285714285714285,0.004580152671755725,
36,404,167,	0.017497828283723652,0.7437829691032404,	0.022352685366383997,0.7847328244274809,
307,70,36,	0.08706122070945634,0.7083647324792766,	0.23157486423584173,0.9128440366972477,
298,298,36,	0.09608823296040625,0.9125847776940467,	0.21779764323445755,0.8183206106870229,
92,83,153,	0.013638507018752946,0.28334589299171065,
132,369,36,	0.028333708117832247,0.4747550866616428,	0.08174350821409646,0.9419847328244275,
36,31,31,	0.1869031377899045,0.10324039186134137,	0.16535433070866143,0.09618320610687023,
369,132,36,	0.028925988751004373,0.4883195177091183,	0.0803654177148153,0.9267175572519084,
36,304,67,	0.0360372704850644,0.19819140919366993,	0.04194260485651214,0.05801526717557252,
307,390,153,	0.03596660244059088,0.21100226073850792,
36,83,320,	0.030022058548622277,0.6051243406179352,
394,132,36,	0.029687638262100698,0.5056518462697814,	0.088562464346834,0.9480916030534351,
307,23,260,	0.14414414414414414,0.19291635267520724,	0.13261648745519714,0.05657492354740061,
92,83,320,	0.01202939201200964,0.4589299171062547,
334,404,36,	1.0,0.031650339110776186,
36,349,268,	0.07624890446976336,0.06556141672946496,	0.06418918918918919,0.05801526717557252,
36,83,153,	0.040776699029126215,0.4114544084400904,
92,273,36,	0.3952991452991453,0.41823662396382816,	0.03888888888888889,0.010687022900763359,
132,132,36,	0.028052508541629204,0.4702336096458176,	0.08221898583344367,0.9480916030534351,
394,61,36,	0.056286679708340746,0.9540316503391107,	0.10186216775425752,0.9770992366412213,
36,411,268,	0.03411764705882353,0.02185380557648832,	0.039119804400977995,0.024427480916030534,
334,70,36,	0.07274180655475619,0.8229088168801808,	0.18760816891658014,0.8274809160305343,
334,97,36,	0.054425317336115456,0.707611152976639,	0.17051460361613352,0.9358778625954198,
167,404,36,	0.16666666666666666,0.031650339110776186,
36,112,268,	0.09324452901998097,0.07385079125847777,	0.08302583025830258,0.06870229007633588,
36,390,320,	0.04771160982505743,0.6103993971363979,
36,411,174,	0.7263779527559056,0.5561416729464959,	0.7372708757637475,0.5526717557251909,
36,112,31,	0.09564474807856532,0.08440090429540316,	0.08862876254180602,0.08091603053435115,
36,349,349,	0.09695652173913044,0.1680482290881688,	0.09217391304347826,0.1618320610687023,
369,61,36,	0.058051924473493104,0.9638281838733986,	0.08949255377826806,0.9908396946564886,
36,329,36,	0.44610624033006707,0.651846269781462,	0.6,0.03206106870229008,
307,97,36,	0.1423797589211123,0.8990203466465713,	0.2587800369685767,0.8562691131498471,
36,268,349,	0.1100196463654224,0.08440090429540316,	0.09498207885304659,0.08091603053435115,
36,349,112,	0.09904682967260671,0.18010550113036924,	0.09288702928870293,0.16946564885496182,
36,31,268,	0.21902017291066284,0.1145440844009043,	0.19220055710306408,0.10534351145038168,
307,112,112,	0.012357414448669201,0.03918613413715147,	0.018121911037891267,0.016819571865443424,
298,394,36,	0.07990489228330572,0.8357196684250189,	0.20678891923527118,0.8091603053435115,
36,112,112,	0.10103277952402336,0.16955538809344387,	0.09736123748862602,0.1633587786259542,
36,23,260,	0.15465898174831894,0.7279577995478523,	0.1383598911776137,0.5435114503816794,
132,298,36,	0.05811749842072015,0.9706103993971364,	0.0898021308980213,0.9908396946564886,
36,348,111,	0.5909090909090909,0.009796533534287867,	0.5714285714285714,0.012213740458015267,
132,394,36,	0.02704921771655339,0.4468726450640543,	0.08358967500334359,0.9541984732824428,
298,369,36,	0.07652670426850498,0.8281838733986435,	0.17656820444739463,0.8122137404580153,
36,411,112,	0.012285012285012284,0.015071590052750565,	0.014742014742014743,0.0183206106870229,
61,61,36,	0.09306029579067122,0.9246420497362472,	0.2147915027537372,0.833587786259542,
36,12,249,	0.5238095238095238,0.008289374529012811,	0.6,0.004580152671755725,
157,132,36,	0.029493128681063716,0.4981160512434062,	0.08792146820315834,0.9435114503816794,
394,157,36,	0.02921277835028451,0.49133383571966843,	0.08932966555668163,0.9419847328244275,
157,157,36,	0.030194819870722776,0.5033911077618689,	0.08931926578985402,0.9435114503816794,
36,31,112,	0.09110169491525423,0.06480783722682742,	0.07644628099173553,0.05648854961832061,
394,394,36,	0.0288237403622019,0.4845516201959307,	0.08932681242807824,0.9480916030534351,
334,83,320,	0.010196317151118552,0.40391861341371516,
157,298,36,	0.05700691264925038,0.9570459683496609,	0.10075566750629723,0.9770992366412213,
157,394,36,	0.030583664618720637,0.5101733232856066,	0.088146334437563,0.934351145038168,
36,268,268,	0.17042606516290726,0.10248681235870384,	0.14823529411764705,0.09618320610687023,
92,390,153,	0.01768107959239879,0.24189902034664656,
157,61,36,	0.05672994928414344,0.9525244913338358,	0.10093045260999842,0.9770992366412213,
92,404,36,	0.6428571428571429,0.08138658628485305,
334,23,260,	0.04831482563802844,0.186887716654107,	0.10344827586206896,0.0916030534351145,
36,411,349,	0.016822429906542057,0.020346646571213264,	0.018915510718789406,0.022900763358778626,
334,390,320,	0.012656419633163819,0.333835719668425,
234,471,36,	0.10782006920415226,0.5870384325546345,	0.2716049382716049,0.4030534351145038,
36,349,174,	0.5609756097560976,0.01733232856066315,	0.6363636363636364,0.021374045801526718,
334,390,153,	0.012068371016206099,0.18462697814619441,
334,287,50,	0.0205963725791577,0.6058779201205727,	0.04967524657204715,0.6305343511450382,
36,60,260,	0.3333333333333333,0.002260738507912585,
36,239,2,	0.22930800542740842,0.12735493594574226,	0.25075528700906347,0.1267175572519084,
36,390,153,	0.06341132587317735,0.42275810097965333,
307,349,112,	0.011982026959560658,0.03617181612660136,	0.011009174311926606,0.009174311926605505,
369,394,36,	0.027099167571480277,0.45139412207987945,	0.08257616247995724,0.9435114503816794,
157,369,36,	0.02965837124252966,0.5011303692539563,	0.08894608894608895,0.9496183206106871,
334,83,153,	0.010906040268456376,0.2351168048229088,
36,407,170,	0.5363128491620112,0.07234363225320271,	0.5131578947368421,0.059541984732824425,
298,61,36,	0.09628578187840076,0.920120572720422,	0.22389306599832914,0.8183206106870229,
36,268,31,	0.18285714285714286,0.12057272042200452,	0.1645021645021645,0.11603053435114503,
307,273,36,	0.6415478615071283,0.2373775433308214,
36,287,50,	0.03785576126001658,0.9291635267520724,	0.041603838245373545,0.9267175572519084,
36,70,36,	0.572663000785546,0.549359457422758,	0.7682119205298014,0.5312977099236641,
307,404,167,	0.027783193604991225,0.8590806330067822,	0.04578919015981325,0.7798165137614679,
36,268,174,	0.509090909090909,0.02110022607385079,	0.6,0.022900763358778626,
92,70,36,	0.06382613177562065,0.5599095704596835,	0.11402508551881414,0.7633587786259542,
369,369,36,	0.028776657446238956,0.4860587792012057,	0.0817326798251424,0.9419847328244275,
92,287,50,	0.02568954641894604,0.6752072343632253,	0.03653756726233973,0.8396946564885496,
36,268,112,	0.08756567425569177,0.07535795026375283,	0.07804878048780488,0.0732824427480916,
394,298,36,	0.05633865445328828,0.9547852298417483,	0.10099416127505129,0.9770992366412213,
298,157,36,	0.07985835079858351,0.8327053504144687,	0.21123953766440812,0.8091603053435115,
369,298,36,	0.05806246595242419,0.9638281838733986,	0.08894989704873027,0.9893129770992366,
36,12,12,	0.6875,0.008289374529012811,	0.75,0.004580152671755725,
307,349,349,	0.010864197530864197,0.033157498116051246,	0.01020408163265306,0.009174311926605505,
92,404,167,	0.012748200119227771,0.6284853051996986,	0.01772508038585209,0.6732824427480916,
92,329,36,	0.03694906307732911,0.42200452147701584,	0.12832868374334264,0.7725190839694657,
36,112,174,	0.5517241379310345,0.024114544084400905,	0.6,0.02748091603053435,
36,273,36,	0.04595001505570611,0.5749811605124341,	0.1305060438434747,0.9725190839694656,
92,23,260,	0.07357011070110701,0.24039186134137153,	0.08476146364057434,0.27938931297709924,
334,329,36,	0.05541844289881086,0.7445365486058779,	0.15709415158667717,0.9145038167938931,
36,112,349,	0.10998062015503876,0.1710625470987189,	0.10567514677103718,0.1648854961832061,
36,302,65,	0.11257550796265788,0.1544837980406933,	0.18181818181818182,0.05801526717557252,
36,411,31,	0.03299203640500569,0.02185380557648832,	0.03764705882352941,0.024427480916030534,
298,132,36,	0.07553080403759137,0.8176337603617182,	0.1782477341389728,0.8106870229007633,
334,273,36,	0.15561843168957154,0.2901281085154484,	1.0,0.18931297709923664,
307,83,320,	0.02666062304268996,0.4875659382064808,
307,268,31,	0.010269576379974325,0.012057272042200452,	0.011235955056179775,0.0045871559633027525,
36,310,73,	0.125,0.003014318010550113,
