18,	0.11079136690647481,0.020599250936329586,	0.11079136690647481,0.020604763179020606,
23,	0.2826086956521739,0.04173354735152488,	0.2826086956521739,0.041744715012041744,
60,	0.43448275862068964,0.28651685393258425,	0.43448275862068964,0.28659352421728657,
130,	0.03773584905660377,0.001070090957731407,	0.03773584905660377,0.0010703773080010704,
181,	0.07171314741035857,0.004815409309791332,	0.07171314741035857,0.004816697886004816,
315,	0.022922636103151862,0.002140181915462814,	0.023054755043227664,0.0021407546160021407,
31,60,	0.018842530282637954,0.02247191011235955,	0.018842530282637954,0.02247792346802248,
60,186,	0.4557377049180328,0.1115569823434992,	0.4557377049180328,0.11158683435911158,
112,18,	0.022508038585209004,0.003745318352059925,	0.022508038585209004,0.0037463205780037465,
183,237,	0.0405727923627685,0.00454788657035848,	0.0405727923627685,0.004549103559004549,
183,0,	0.016037735849056604,0.00454788657035848,	0.016037735849056604,0.004549103559004549,
349,18,	0.025477707006369428,0.004280363830925628,	0.025477707006369428,0.004281509232004281,
31,183,	0.024774072919912744,0.04253611556982344,	0.024774072919912744,0.04254749799304255,
12,60,	0.04914285714285714,0.011503477795612628,	0.04914285714285714,0.011506556061011506,
239,60,	0.02414486921529175,0.006420545746388443,	0.02414486921529175,0.006422263848006422,
112,23,	0.026273885350318472,0.00882825040128411,	0.026294820717131476,0.008830612791008831,
344,60,	0.05361596009975062,0.011503477795612628,	0.05361596009975062,0.011506556061011506,
268,23,	0.019933554817275746,0.0032102728731942215,	0.019933554817275746,0.003211131924003211,
60,423,	0.4557377049180328,0.1115569823434992,	0.4557377049180328,0.11158683435911158,
306,183,	0.07,0.009363295880149813,	0.07,0.009365801445009366,
11,183,	0.054187192118226604,0.00882825040128411,	0.054187192118226604,0.008830612791008831,
460,7,	0.11312217194570136,0.05350454788657036,	0.11583236321303841,0.053251271073053254,
69,60,	0.03187250996015936,0.002140181915462814,	0.03187250996015936,0.0021407546160021407,
112,60,	0.01806375442739079,0.040930979133226325,	0.01808296891620376,0.04094193203104094,
107,183,	0.054365733113673806,0.026484751203852328,	0.054365733113673806,0.026491838373026492,
111,235,	0.04248744689069139,0.029427501337613696,	0.04263565891472868,0.029435375970029435,
349,183,	0.02318114182786436,0.07918673087212413,	0.02306605994037345,0.07867273213807867,
268,183,	0.024674115456238363,0.04253611556982344,	0.024674115456238363,0.04254749799304255,
239,183,	0.024193548387096774,0.012841091492776886,	0.024193548387096774,0.012844527696012844,
183,331,	0.011038430089942763,0.014446227929373997,	0.011038430089942763,0.014450093658014451,
268,60,	0.02033065236818588,0.024344569288389514,	0.02033065236818588,0.024351083757024352,
31,23,	0.022913256955810146,0.003745318352059925,	0.022913256955810146,0.0037463205780037465,
107,60,	0.05527638190954774,0.011771000535045479,	0.05527638190954774,0.011774150388011774,
112,183,	0.02297149976639153,0.07891920813269128,	0.022858480262131376,0.0784051378110784,
460,375,	0.056341293763041964,0.06500802568218299,	0.05708803070280643,0.06368744982606368,
349,60,	0.017772511848341232,0.04012841091492777,	0.017789373814041744,0.04013914905004014,
2,60,	0.02390852390852391,0.006153023006955591,	0.02390852390852391,0.006154669521006155,
12,183,	0.04511970534069982,0.026217228464419477,	0.04511970534069982,0.026224244046026225,
183,186,	1.0,0.33279828785446763,	1.0,0.3328873427883329,
2,183,	0.024875621890547265,0.01337613697164259,	0.024875621890547265,0.01337971635001338,
31,18,	0.036827195467422094,0.0034777956126270733,	0.036827195467422094,0.0034787262510034785,
249,60,	0.04477611940298507,0.01043338683788122,	0.04477611940298507,0.010436178753010436,
349,23,	0.024691358024691357,0.008560727661851257,	0.02471042471042471,0.008563018464008563,
344,183,	0.052954292084726864,0.02541466024612092,	0.052954292084726864,0.025421461065025422,
249,183,	0.04623208506703652,0.02675227394328518,	0.04623208506703652,0.02675943270002676,
72,235,	0.04773116438356165,0.05965757089352595,	0.047843810341128515,0.05967353492105967,
268,18,	0.030985915492957747,0.0029427501337613697,	0.030985915492957747,0.0029435375970029436,
183,375,	0.02535167722986551,0.043873729266987696,	0.025355596784168214,0.043885469628043884,
112,7,	0.03125,0.0016051364365971107,	0.03125,0.0016055659620016055,
306,60,	0.04132231404958678,0.002675227394328518,	0.04132231404958678,0.002675943270002676,
60,375,	0.03436988543371522,0.0449438202247191,	0.03436988543371522,0.04495584693604496,
410,235,	0.048841059602649006,0.015783841626538255,	0.04896265560165975,0.01578806529301579,
69,183,	0.0691588785046729,0.009898341359015517,	0.0691588785046729,0.009900990099009901,
183,94,	0.012314709236031927,0.014446227929373997,	0.012314709236031927,0.014450093658014451,
248,183,	0.05246422893481717,0.00882825040128411,	0.05246422893481717,0.008830612791008831,
183,423,	1.0,0.33279828785446763,	1.0,0.3328873427883329,
349,7,	0.03428571428571429,0.0016051364365971107,	0.03428571428571429,0.0016055659620016055,
112,249,183,	0.02874212820926853,0.09523809523809523,	0.028758381129331934,0.09526358041209526,
112,112,183,	0.0315473710524123,0.5064205457463884,	0.03161025161225649,0.5062884666845063,
72,10,183,	0.056614044637996734,0.08346709470304976,	0.05648383581547403,0.08322183569708322,
323,86,183,	0.02464260721783465,0.13188871054039594,	0.026793557833089312,0.04896976184104897,
183,186,423,	1.0,0.33279828785446763,	1.0,0.3328873427883329,
268,348,183,	0.021834061135371178,0.001337613697164259,	0.021834061135371178,0.001337971635001338,
107,349,183,	0.030539673685678427,0.058587479935794544,	0.030543933054393305,0.0586031576130586,
31,268,60,	0.036535552193645994,0.12921348314606743,	0.036535552193645994,0.12924805994112926,
183,423,186,	1.0,0.33279828785446763,	1.0,0.3328873427883329,
344,344,183,	0.16915529010238908,0.21214553237025147,	0.16915529010238908,0.2122023013112122,
249,349,183,	0.03601997146932953,0.08105939004815409,	0.03603710751665081,0.08108108108108109,
268,268,60,	0.03517739025856885,0.12520064205457465,	0.03517739025856885,0.12523414503612523,
263,26,183,	0.10525698192912462,0.23996789727126805,	0.1064541013113911,0.22156810275622157,
304,67,183,	0.02675951371745307,0.3073836276083467,	0.0302425544980043,0.052716082419052714,
111,309,183,	0.04919040787046526,0.32102728731942215,	0.049244291112206344,0.32084559807332086,
111,348,183,	0.07504929822526389,0.5192616372391653,	0.0750851920693928,0.5188654000535189,
183,297,60,	1.0,0.8183520599250936,	1.0,0.6491838373026492,
349,107,183,	0.028815249916879088,0.06955591225254147,	0.02885042166000888,0.06957452502006957,
183,244,7,	0.21690296446326643,0.6302835741037989,	0.21690296446326643,0.6304522344126304,
268,349,60,	0.022710972985895292,0.1270733012306046,	0.022710972985895292,0.1271073053251271,
112,349,183,	0.03260651461440706,0.521669341894061,	0.032678861856776376,0.5215413433235215,
107,344,183,	0.1840700405722827,0.23060460139111824,	0.1840700405722827,0.23066630987423067,
72,173,183,	0.07433418460415907,0.2180310326377742,	0.0743144424131627,0.21755418785121755,
112,349,60,	0.020322186849223257,0.22712680577849118,	0.020381217591703474,0.2271875836232272,
112,268,183,	0.039404252661816595,0.337613697164259,	0.03945229461047893,0.3377040406743377,
111,268,183,	0.05405405405405406,0.0016051364365971107,	0.05405405405405406,0.0016055659620016055,
72,309,60,	0.03041066233678371,0.24050294275013376,	0.03253853747437163,0.22932833823922932,
112,268,60,	0.024625850340136056,0.14526484751203853,	0.024666121559007905,0.1453037195611453,
183,297,183,	0.08708406174997778,0.7862493311931514,	0.07338281419831683,0.6323253947016323,
349,249,183,	0.0293925004093663,0.0960406634563938,	0.029402129402129402,0.09606636339309607,
349,31,60,	0.0247286715208133,0.14446227929373998,	0.024770642201834864,0.1445009365801445,
268,268,183,	0.06498426079069519,0.3258426966292135,	0.06498426079069519,0.3259298902863259,
268,112,60,	0.022635215630212056,0.1270733012306046,	0.022635215630212056,0.1271073053251271,
31,112,60,	0.022729456991830852,0.1265382557517389,	0.022729456991830852,0.12657211667112658,
348,111,183,	0.125,0.002675227394328518,	0.125,0.002675943270002676,
83,73,183,	0.0663265306122449,0.0034777956126270733,
268,31,60,	0.036260960023777676,0.13055109684323168,	0.036260960023777676,0.13058603157613058,
112,344,183,	0.02956358517128109,0.06741573033707865,	0.029601785504522495,0.06743377040406744,
249,249,183,	0.11628932666862687,0.21161048689138576,	0.11628932666862687,0.21166711265721166,
83,153,60,	0.010023766759193744,0.2956126270733012,	0.01342626559060895,0.04896976184104897,
263,26,60,	0.05920444033302498,0.08560727661851257,	0.05889646621202728,0.07626438319507627,
410,348,183,	0.08461210571184996,0.3186195826645265,	0.08464931000142267,0.31843724913031846,
72,309,183,	0.042191072671239685,0.5676832530765115,	0.04526649355222041,0.5504415306395505,
111,348,60,	0.03821151101950214,0.19341894060995185,	0.038253968253968255,0.19347069842119347,
349,349,60,	0.019858771359024415,0.22043873729266988,	0.019916851977182636,0.2204977254482205,
31,268,183,	0.06913887237147955,0.34216158373461747,	0.06913887237147955,0.34225314423334224,
183,186,186,	1.0,0.33279828785446763,	1.0,0.3328873427883329,
268,31,183,	0.06653225806451613,0.34430176565008025,	0.06653225806451613,0.3443938988493444,
107,112,183,	0.03087525844245348,0.0599250936329588,	0.030879514750482492,0.05994112924805994,
310,73,183,	0.10416666666666667,0.002675227394328518,
111,31,183,	0.07142857142857142,0.002140181915462814,	0.07142857142857142,0.0021407546160021407,
72,348,60,	0.03607376386746014,0.13135366506153023,	0.036055923473142015,0.13112122023013112,
268,349,183,	0.03822978039635779,0.30551096843231673,	0.03829644533869886,0.3055927214343056,
410,173,183,	0.13355243501643263,0.35874799357945425,	0.1335193304105221,0.3585763981803586,
31,348,183,	0.020512820512820513,0.001070090957731407,	0.020512820512820513,0.0010703773080010704,
344,349,183,	0.030612244897959183,0.06019261637239166,	0.030620577027762656,0.060208723575060207,
460,420,183,	0.023148148148148147,0.001337613697164259,	0.023809523809523808,0.001337971635001338,
23,260,183,	0.12796880538816022,0.09657570893525949,	0.09715994020926756,0.06957452502006957,
83,153,183,	0.012784029531046489,0.5540395933654361,	0.017003927807885448,0.09151725983409152,
349,112,183,	0.03289693966383178,0.5256821829855538,	0.03295467892679162,0.5255552582285256,
111,173,183,	0.084173249795696,0.3306581059390048,	0.08417462482946794,0.33021139951833023,
349,112,60,	0.020116387671528128,0.2247191011235955,	0.020177756425654576,0.2247792346802248,
112,31,183,	0.03870967741935484,0.33707865168539325,	0.03875492125984252,0.3371688520203372,
349,344,183,	0.029463552060100952,0.0671482075976458,	0.029501645510108133,0.06716617607706717,
72,348,183,	0.06039718499951798,0.3352059925093633,	0.06039685221841356,0.33476050307733474,
344,112,183,	0.032510454606771884,0.06447298020331728,	0.032519228174335446,0.0644902328070645,
410,309,183,	0.06312152368110568,0.20037453183520598,	0.06327186601251904,0.20016055659620016,
183,423,423,	1.0,0.33279828785446763,	1.0,0.3328873427883329,
31,31,183,	0.06449394211946458,0.3261102193686463,	0.06449394211946458,0.3261974846133262,
410,348,60,	0.04061597690086622,0.11289459604066346,	0.04064335933737841,0.11292480599411292,
249,12,183,	0.12474703671581382,0.2308721241305511,	0.12474703671581382,0.23093390420123094,
390,320,183,	0.011790064321883125,0.4609416800428036,	0.01371534840471901,0.06315226117206316,
12,12,183,	0.11299597469810235,0.2102728731942215,	0.11299597469810235,0.21032914102221034,
2,239,183,	0.04404326511555521,0.1514178705189941,	0.04404326511555521,0.15145838908215145,
183,94,331,	0.1189051094890511,0.43579454253611555,	0.1189051094890511,0.4359111586834359,
349,349,183,	0.03196416241432156,0.5077581594435527,	0.032030933405376195,0.5076264383195076,
328,91,183,	0.01343036923816987,0.46308186195826645,	0.011852932461079073,0.2782981000802783,
31,349,183,	0.038430311231393774,0.30390583199571963,	0.03849542527956625,0.303987155472304,
112,31,60,	0.024604007851371706,0.1441947565543071,	0.02464337966349671,0.14423334225314424,
18,255,183,	0.03935521347661923,0.14499732477260568,	0.033436719872910206,0.11827669253411828,
183,420,60,	0.04190430545570732,0.7017121455323703,	0.03608959054069418,0.5945945945945946,
31,112,183,	0.038118410381184104,0.3017656500802568,	0.038166130942310944,0.3018464008563018,
183,138,375,	0.11704598235020901,0.7415730337078652,	0.11701858108108108,0.7415038801177415,
460,223,183,	0.05446853516657853,0.4959871589085072,	0.0546606334841629,0.4848809205244849,
247,309,183,	0.028671445240873478,0.04601391118245051,	0.028940662540953767,0.04254749799304255,
12,249,183,	0.12344428364688857,0.22819689673622257,	0.12344428364688857,0.22825796093122827,
390,153,60,	0.015515515515515516,0.23220973782771537,	0.02123456790123457,0.03451966818303452,
12,349,183,	0.033942251031231586,0.07704654895666131,	0.033958259639193494,0.07706716617607706,
349,31,183,	0.03895181950060187,0.337613697164259,	0.03900479060423428,0.3377040406743377,
349,268,60,	0.024597617532054198,0.14472980203317282,	0.02463794516804809,0.14476853090714478,
460,223,60,	0.03243090806542583,0.2153558052434457,	0.03257100396301189,0.21113192400321112,
31,31,60,	0.034915356711003626,0.12359550561797752,	0.034915356711003626,0.12362857907412363,
328,91,60,	0.012090234432594486,0.26324237560192615,	0.010718226238638155,0.16376772812416376,
183,162,399,	0.0401309182876483,0.2886570358480471,	0.0401309182876483,0.2887342788332887,
112,107,183,	0.02759381898454746,0.06688068485821295,	0.027627362139462923,0.0668985817500669,
31,349,60,	0.02301124029137923,0.1276083467094703,	0.02301124029137923,0.12764249397912764,
268,112,183,	0.038283916739174084,0.30604601391118247,	0.03834294141305805,0.30612791008830614,
111,173,60,	0.04153233453442064,0.11717495987158909,	0.04155597722960152,0.1172063152261172,
349,268,183,	0.03910701985096124,0.33413590155163186,	0.03915851517431653,0.33422531442333425,
183,420,183,	0.025421905715663367,0.9168004280363831,	0.02252723672421452,0.8006422263848006,
60,420,183,	0.02272092255327796,0.47859818084537187,	0.016358742519664463,0.33502809740433503,
390,153,183,	0.023976095904383616,0.5345104333868379,	0.03372864759003373,0.08295424137008295,
111,309,60,	0.030852484362920797,0.11744248261102194,	0.03090461105244632,0.11747390955311747,
239,2,183,	0.05352042716999876,0.11530230069555912,	0.05352042716999876,0.11533315493711534,
60,297,183,	0.09050520935718498,0.6158373461744249,	0.06611430503889076,0.4185175274284185,
349,12,183,	0.03011698332365386,0.0971107544141252,	0.03012698149224002,0.09713674070109714,
249,112,183,	0.0353133769878391,0.08079186730872125,	0.035334035334035334,0.08081348675408082,
344,107,183,	0.17704319610626648,0.23354735152487963,	0.17704319610626648,0.23360984747123362,
183,331,94,	0.11678780105458172,0.43846976993044406,	0.11678780105458172,0.4385871019534386,
12,112,183,	0.03380020835744878,0.07811663991439273,	0.03381978225619643,0.07813754348407814,
112,12,183,	0.029457238180486615,0.09684323167469235,	0.029474027031428107,0.09686914637409687,
60,297,60,	0.43448275862068964,0.28651685393258425,	0.4441873915558126,0.2055124431362055,
107,107,183,	0.16715604026845637,0.21321562332798288,	0.16715604026845637,0.21327267861921329,
287,50,183,	0.012638946068340881,0.164258962011771,	0.012638946068340881,0.1643029167781643,
175,412,183,	0.011145544500625238,0.2742108079186731,	0.010929085910340596,0.25742574257425743,
112,112,60,	0.019701378619472402,0.2209737827715356,	0.019762183888795845,0.22103291410222103,
304,67,60,	0.016779745159688896,0.13563402889245585,	0.018124341412012645,0.023013112122023012,
410,173,60,	0.06148555708390647,0.11958266452648475,	0.06150247660979637,0.11961466416911962,
