0,131,	0.7134146341463414,0.10165073848827107,
375,131,	0.13858520900321544,0.7489139878366637,	0.1301775147928994,0.6567164179104478,
461,131,	0.056022408963585436,0.01737619461337967,
427,131,	0.5909090909090909,0.03388357949609035,
377,131,	0.12926292629262925,0.20417028670721113,	0.18461538461538463,0.1791044776119403,
444,131,	0.7333333333333333,0.009556907037358819,
318,131,	0.3829787234042553,0.015638575152041704,	0.25,0.014925373134328358,
81,131,	0.3333333333333333,0.015638575152041704,	0.14285714285714285,0.014925373134328358,
120,131,	0.16526610644257703,0.051259774109470024,	0.3125,0.07462686567164178,
200,131,	0.38461538461538464,0.013032145960034752,
186,131,	1.0,0.2884448305821025,
408,131,	0.5357142857142857,0.013032145960034752,	0.6666666666666666,0.029850746268656716,
237,131,	0.6927374301675978,0.10773240660295395,
190,131,	0.5611814345991561,0.1155516941789748,
71,131,	0.515625,0.028670721112076455,
428,131,	1.0,0.020851433536055605,	1.0,0.07462686567164178,
230,131,	0.12665929203539822,0.1989574283231972,	0.19480519480519481,0.22388059701492538,
7,131,	0.03056768558951965,0.01216333622936577,	0.07142857142857142,0.05970149253731343,
467,131,	0.5961538461538461,0.02693310165073849,	0.375,0.04477611940298507,
138,131,	0.5245901639344263,0.19461337966985232,	0.15217391304347827,0.1044776119402985,
207,131,	0.03145695364238411,0.016507384882710686,
399,131,	0.3918918918918919,0.02519548218940052,	0.21052631578947367,0.05970149253731343,
191,131,	1.0,0.020851433536055605,	1.0,0.07462686567164178,
331,131,	0.5676470588235294,0.3353605560382276,	0.4,0.11940298507462686,
25,131,	0.05263157894736842,0.0069504778453518675,	0.18181818181818182,0.029850746268656716,
423,131,	1.0,0.2884448305821025,
437,131,	0.14285714285714285,0.005212858384013901,
357,131,	0.6842105263157895,0.011294526498696786,	0.6666666666666666,0.029850746268656716,
308,131,	0.6346153846153846,0.028670721112076455,
244,131,	0.5555555555555556,0.008688097306689836,	0.6666666666666666,0.029850746268656716,
94,131,	0.5697151424287856,0.3301476976542137,	0.4,0.11940298507462686,
179,131,	1.0,0.020851433536055605,	1.0,0.05970149253731343,
440,131,	0.7891156462585034,0.10078192875760209,
224,131,	0.060790273556231005,0.01737619461337967,
15,131,	0.8308823529411765,0.09817549956559514,
171,131,	0.16862745098039217,0.07471763683753258,	0.30864197530864196,0.373134328358209,
162,131,	0.22248803827751196,0.08079930495221546,	0.2,0.07462686567164178,
203,131,	0.7659574468085106,0.15638575152041703,
140,131,	0.8333333333333334,0.008688097306689836,	1.0,0.029850746268656716,
262,131,	0.05223880597014925,0.006081668114682885,	0.08333333333333333,0.014925373134328358,
416,131,	1.0,0.020851433536055605,	1.0,0.05970149253731343,
252,131,	0.7887323943661971,0.09730668983492616,
124,433,131,	0.01971326164874552,0.019113814074717638,
186,138,131,	0.8,0.0069504778453518675,
179,416,131,	1.0,0.020851433536055605,	1.0,0.05970149253731343,
186,244,131,	0.75,0.0026064291920069507,
57,433,131,	0.017374517374517374,0.007819287576020852,
375,203,131,	0.08588957055214724,0.01216333622936577,
191,331,131,	0.5,0.0017376194613379669,	0.6666666666666666,0.029850746268656716,
443,206,131,	0.01739850869925435,0.018245004344048653,	0.015384615384615385,0.014925373134328358,
409,172,131,	0.04313886606409203,0.18245004344048654,	0.06046511627906977,0.19402985074626866,
201,438,131,	0.021739130434782608,0.0026064291920069507,
179,94,131,	0.5,0.0017376194613379669,	1.0,0.029850746268656716,
191,375,131,	0.014696876913655848,0.020851433536055605,	0.0684931506849315,0.07462686567164178,
237,138,131,	0.5333333333333333,0.0069504778453518675,
426,189,131,	0.025291047771979124,0.05473501303214596,	0.04455445544554455,0.13432835820895522,
331,375,131,	0.23612087139845397,0.29192006950477845,	0.25,0.07462686567164178,
186,203,131,	0.7659574468085106,0.12510860121633363,
440,203,131,	1.0,0.13292788879235448,
260,60,131,	0.693069306930693,0.060816681146828845,	0.5,0.029850746268656716,
428,416,131,	1.0,0.01737619461337967,	1.0,0.05970149253731343,
252,15,131,	1.0,0.11728931364031277,
57,294,131,	0.03170028818443804,0.05734144222415291,	1.0,0.014925373134328358,
420,60,131,	0.5222222222222223,0.24500434404865334,	0.4117647058823529,0.1044776119402985,
94,440,131,	0.7395833333333334,0.12337098175499565,
191,7,131,	0.05741626794258373,0.010425716768027803,	0.1111111111111111,0.05970149253731343,
151,388,131,	0.03929824561403509,0.04865334491746308,	0.07563025210084033,0.13432835820895522,
94,138,131,	0.4500875656742557,0.22328410078192876,	0.2,0.08955223880597014,
255,18,131,	1.0,0.09209383145091225,	1.0,0.04477611940298507,
124,398,131,	0.0365296803652968,0.013900955690703735,
375,375,131,	0.09755489021956087,0.6794092093831451,	0.12585034013605442,0.5522388059701493,
428,7,131,	0.05741626794258373,0.010425716768027803,	0.1111111111111111,0.05970149253731343,
244,7,131,	0.7875457875457875,0.18679409209383144,	0.7272727272727273,0.23880597014925373,
440,186,131,	0.7868852459016393,0.08340573414422242,
0,237,131,	1.0,0.1416159860990443,	1.0,0.014925373134328358,
7,94,131,	0.017167381974248927,0.0034752389226759338,
375,399,131,	0.12487973831056379,0.5638575152041703,	0.13134328358208955,0.6567164179104478,
331,416,131,	0.5,0.0017376194613379669,	0.6666666666666666,0.029850746268656716,
331,179,131,	0.5,0.0017376194613379669,	0.6666666666666666,0.029850746268656716,
297,18,131,	0.2066115702479339,0.021720243266724587,
179,375,131,	0.014860681114551083,0.020851433536055605,	0.05555555555555555,0.05970149253731343,
196,398,131,	0.022935779816513763,0.008688097306689836,
299,62,131,	0.05343511450381679,0.05473501303214596,	0.0958904109589041,0.1044776119402985,
232,469,131,	0.014195583596214511,0.023457862728062554,	0.11764705882352941,0.029850746268656716,
196,280,131,	0.01576182136602452,0.015638575152041704,
43,433,131,	0.012605042016806723,0.010425716768027803,
389,152,131,	0.010648148148148148,0.01998262380538662,
179,179,131,	1.0,0.020851433536055605,	1.0,0.05970149253731343,
129,366,131,	0.030371713508612876,0.05821025195482189,	0.046875,0.13432835820895522,
423,94,131,	0.6818181818181818,0.026064291920069503,
43,280,131,	0.012605042016806723,0.010425716768027803,
260,183,131,	0.48125,0.06689834926151172,	0.5714285714285714,0.05970149253731343,
171,408,131,	0.19851576994434136,0.09296264118158123,	0.3170731707317073,0.3880597014925373,
416,331,131,	0.5,0.0017376194613379669,	0.6666666666666666,0.029850746268656716,
423,244,131,	0.75,0.0026064291920069507,
375,423,131,	0.07142857142857142,0.010425716768027803,
244,191,131,	0.6428571428571429,0.007819287576020852,	1.0,0.029850746268656716,
331,440,131,	0.7638190954773869,0.13205907906168549,
186,94,131,	0.6818181818181818,0.026064291920069503,
468,231,131,	0.24671916010498687,0.08166811468288444,	0.6666666666666666,0.05970149253731343,
124,280,131,	0.01971326164874552,0.019113814074717638,
375,440,131,	0.7695473251028807,0.16246741963509992,
331,237,131,	0.6213235294117647,0.14682884448305822,
138,7,131,	0.8294930875576036,0.15638575152041703,	0.7083333333333334,0.2537313432835821,
0,94,131,	0.5306122448979592,0.09035621198957429,
255,60,131,	0.2553191489361702,0.020851433536055605,
191,179,131,	1.0,0.01737619461337967,	1.0,0.05970149253731343,
138,244,131,	0.68,0.014769765421372719,	0.5,0.029850746268656716,
423,138,131,	0.8,0.0069504778453518675,
161,433,131,	0.06086956521739131,0.006081668114682885,
466,229,131,	0.058403468502932925,0.1989574283231972,	0.03691275167785235,0.16417910447761194,
295,58,131,	0.03129890453834116,0.052128583840139006,	0.028169014084507043,0.029850746268656716,
244,179,131,	0.5714285714285714,0.0069504778453518675,	1.0,0.014925373134328358,
331,7,131,	0.6,0.0026064291920069507,	0.5,0.029850746268656716,
428,331,131,	0.5,0.0017376194613379669,	0.6666666666666666,0.029850746268656716,
416,191,131,	1.0,0.01737619461337967,	1.0,0.05970149253731343,
196,361,131,	0.015450643776824034,0.015638575152041704,
32,284,131,	0.016778523489932886,0.013032145960034752,
0,331,131,	0.5198019801980198,0.09122502172024327,
162,138,131,	0.29098360655737704,0.12337098175499565,	0.3541666666666667,0.2537313432835821,
186,331,131,	0.6904761904761905,0.02519548218940052,
416,94,131,	0.5,0.0017376194613379669,	1.0,0.029850746268656716,
331,423,131,	0.7272727272727273,0.02780191138140747,
297,60,131,	1.0,0.30842745438748914,	1.0,0.23880597014925373,
94,423,131,	0.7272727272727273,0.02780191138140747,
57,361,131,	0.02247191011235955,0.010425716768027803,
138,416,131,	0.696969696969697,0.01998262380538662,	0.5,0.04477611940298507,
94,186,131,	0.7272727272727273,0.02780191138140747,
94,428,131,	0.5,0.0017376194613379669,	1.0,0.029850746268656716,
190,427,131,	0.7184115523465704,0.17289313640312773,	0.6428571428571429,0.13432835820895522,
191,191,131,	1.0,0.020851433536055605,	1.0,0.07462686567164178,
7,138,131,	0.09251101321585903,0.018245004344048653,	0.08333333333333333,0.07462686567164178,
138,179,131,	0.696969696969697,0.01998262380538662,	0.5,0.04477611940298507,
191,94,131,	0.5,0.0017376194613379669,	1.0,0.029850746268656716,
138,186,131,	0.7619047619047619,0.12510860121633363,
331,94,131,	0.4345703125,0.38662033014769764,	0.2222222222222222,0.1791044776119403,
375,331,131,	0.11776012301383906,0.7984361424847958,	0.10367892976588629,0.4626865671641791,
331,191,131,	0.5,0.0017376194613379669,	0.6666666666666666,0.029850746268656716,
331,138,131,	0.4397283531409168,0.22502172024326672,	0.1388888888888889,0.07462686567164178,
186,375,131,	0.17819460726846426,0.26411815812337097,
375,94,131,	0.11769321302471558,0.7819287576020851,	0.0743801652892562,0.13432835820895522,
57,280,131,	0.017374517374517374,0.007819287576020852,
179,191,131,	1.0,0.01737619461337967,	1.0,0.05970149253731343,
179,428,131,	1.0,0.01737619461337967,	1.0,0.05970149253731343,
331,331,131,	0.39502762430939226,0.37271937445699393,	0.18867924528301888,0.14925373134328357,
420,183,131,	0.3250388802488336,0.3631624674196351,	0.23333333333333334,0.208955223880597,
416,428,131,	1.0,0.01737619461337967,	1.0,0.05970149253731343,
138,331,131,	0.3854748603351955,0.05994787141615986,	0.42857142857142855,0.04477611940298507,
203,331,131,	0.66,0.14335360556038226,
428,94,131,	0.5,0.0017376194613379669,	1.0,0.029850746268656716,
375,0,131,	0.10317460317460317,0.011294526498696786,
138,191,131,	0.75,0.023457862728062554,	0.5714285714285714,0.05970149253731343,
223,460,131,	0.275,0.019113814074717638,	0.375,0.04477611940298507,
131,368,131,	0.05337519623233909,0.2953953084274544,	1.0,1.0,
255,183,131,	0.3120567375886525,0.038227628149435276,	0.1111111111111111,0.014925373134328358,
203,440,131,	0.9011857707509882,0.19808861859252824,
375,237,131,	0.5511221945137157,0.3840139009556907,	0.3333333333333333,0.04477611940298507,
138,138,131,	0.4726027397260274,0.05994787141615986,	0.3076923076923077,0.05970149253731343,
297,23,131,	0.5625,0.06255430060816682,	0.6666666666666666,0.029850746268656716,
191,416,131,	1.0,0.01737619461337967,	1.0,0.05970149253731343,
244,331,131,	1.0,0.0017376194613379669,	1.0,0.014925373134328358,
186,186,131,	1.0,0.2884448305821025,
59,296,131,	0.014328358208955224,0.020851433536055605,	0.014577259475218658,0.07462686567164178,
223,183,131,	0.017735334242837655,0.011294526498696786,
96,333,131,	0.03868471953578337,0.08688097306689835,
420,18,131,	0.30412371134020616,0.051259774109470024,	0.3333333333333333,0.014925373134328358,
138,375,131,	0.1917808219178082,0.37706342311033886,	0.23863636363636365,0.31343283582089554,
207,444,131,	0.0748502994011976,0.021720243266724587,	0.29411764705882354,0.07462686567164178,
94,191,131,	0.5,0.0017376194613379669,	1.0,0.029850746268656716,
416,416,131,	1.0,0.020851433536055605,	1.0,0.05970149253731343,
416,375,131,	0.014860681114551083,0.020851433536055605,	0.05555555555555555,0.05970149253731343,
187,424,131,	0.028850060950832996,0.06168549087749783,	0.03553299492385787,0.1044776119402985,
94,237,131,	0.6292134831460674,0.14596003475238922,
230,467,131,	0.1272423863162286,0.26498696785403997,	0.24691358024691357,0.29850746268656714,
7,423,131,	0.01606425702811245,0.0034752389226759338,
94,244,131,	0.5,0.0026064291920069507,
440,138,131,	0.6,0.005212858384013901,
244,416,131,	0.5714285714285714,0.0069504778453518675,	1.0,0.014925373134328358,
237,0,131,	0.9308510638297872,0.1520417028670721,
375,244,131,	0.25190839694656486,0.028670721112076455,	0.16393442622950818,0.14925373134328357,
138,423,131,	0.7619047619047619,0.12510860121633363,
423,186,131,	1.0,0.2884448305821025,
15,252,131,	1.0,0.12423979148566464,
297,183,131,	0.39935064935064934,0.21372719374456994,	0.3684210526315789,0.1044776119402985,
375,186,131,	0.07142857142857142,0.010425716768027803,
244,375,131,	0.179456906729634,0.13205907906168549,	0.5185185185185185,0.208955223880597,
186,423,131,	1.0,0.2884448305821025,
420,23,131,	0.4434389140271493,0.08514335360556038,	0.5714285714285714,0.05970149253731343,
428,428,131,	1.0,0.020851433536055605,	1.0,0.07462686567164178,
7,244,131,	0.10526315789473684,0.019113814074717638,	0.08333333333333333,0.07462686567164178,
35,272,131,	0.12521150592216582,0.5143353605560382,
331,186,131,	0.7272727272727273,0.02780191138140747,
428,179,131,	1.0,0.01737619461337967,	1.0,0.05970149253731343,
47,284,131,	0.05272564789991063,0.10251954821894005,
94,416,131,	0.5,0.0017376194613379669,	1.0,0.029850746268656716,
179,331,131,	0.5,0.0017376194613379669,	0.6666666666666666,0.029850746268656716,
94,179,131,	0.5,0.0017376194613379669,	1.0,0.029850746268656716,
203,94,131,	0.7033898305084746,0.14422241529105126,
138,94,131,	0.398876404494382,0.06168549087749783,	0.5,0.05970149253731343,
108,345,131,	0.0210130502101305,0.08253692441355343,
138,428,131,	0.75,0.023457862728062554,	0.5714285714285714,0.05970149253731343,
297,460,131,	0.34328358208955223,0.01998262380538662,
49,286,131,	0.968503937007874,0.10686359687228497,	0.8947368421052632,0.2537313432835821,
331,244,131,	0.5714285714285714,0.0034752389226759338,
55,292,131,	0.016897081413210446,0.019113814074717638,
34,284,131,	0.016666666666666666,0.013900955690703735,
203,138,131,	0.8761467889908257,0.16594265855777585,
0,138,131,	0.8466257668711656,0.11989574283231973,	0.25,0.014925373134328358,
377,140,131,	0.07943661971830986,0.12250217202432667,	0.18461538461538463,0.1791044776119403,
47,269,131,	0.06724754244861483,0.26151172893136404,
47,271,131,	0.07336095539848891,0.26151172893136404,
43,361,131,	0.0125,0.010425716768027803,
162,399,131,	0.11313868613138686,0.16159860990443092,	0.12437810945273632,0.373134328358209,
124,361,131,	0.020426287744227355,0.01998262380538662,
420,460,131,	0.35,0.030408340573414423,
244,94,131,	1.0,0.0017376194613379669,	1.0,0.014925373134328358,
423,331,131,	0.6904761904761905,0.02519548218940052,
179,7,131,	0.056338028169014086,0.010425716768027803,	0.09090909090909091,0.04477611940298507,
94,375,131,	0.2303409881697982,0.2875760208514335,	0.23529411764705882,0.05970149253731343,
428,375,131,	0.014696876913655848,0.020851433536055605,	0.0684931506849315,0.07462686567164178,
7,186,131,	0.01606425702811245,0.0034752389226759338,
331,428,131,	0.5,0.0017376194613379669,	0.6666666666666666,0.029850746268656716,
416,179,131,	1.0,0.020851433536055605,	1.0,0.05970149253731343,
94,7,131,	0.75,0.0026064291920069507,	0.6666666666666666,0.029850746268656716,
20,257,131,	0.05223880597014925,0.04257167680278019,	0.07894736842105263,0.08955223880597014,
191,428,131,	1.0,0.020851433536055605,	1.0,0.07462686567164178,
244,428,131,	0.6428571428571429,0.007819287576020852,	1.0,0.029850746268656716,
416,7,131,	0.056338028169014086,0.010425716768027803,	0.09090909090909091,0.04477611940298507,
223,60,131,	0.01991150442477876,0.007819287576020852,
440,423,131,	0.7868852459016393,0.08340573414422242,
472,235,131,	0.38309859154929576,0.11815812337098175,	0.3333333333333333,0.029850746268656716,
423,375,131,	0.17819460726846426,0.26411815812337097,
94,94,131,	0.42130987292277616,0.37445699391833187,	0.19607843137254902,0.14925373134328357,
196,433,131,	0.01576182136602452,0.015638575152041704,
423,203,131,	0.7659574468085106,0.12510860121633363,
423,423,131,	1.0,0.2884448305821025,
94,331,131,	0.4031078610603291,0.3831450912250217,	0.21153846153846154,0.16417910447761194,
260,23,131,	0.6428571428571429,0.11728931364031277,	0.75,0.13432835820895522,
375,138,131,	0.11696869851729819,0.7402258905299739,	0.11895910780669144,0.9552238805970149,
428,191,131,	1.0,0.020851433536055605,	1.0,0.07462686567164178,
161,361,131,	0.05426356589147287,0.006081668114682885,
