64,428,	1.0,0.6773255813953488,	1.0,0.6773255813953488,
64,179,	1.0,0.7311046511627907,	1.0,0.7311046511627907,
64,416,	1.0,0.7311046511627907,	1.0,0.7311046511627907,
64,191,	1.0,0.6773255813953488,	1.0,0.6773255813953488,
381,460,	0.07865168539325842,0.010174418604651164,	0.10294117647058823,0.010174418604651164,
102,114,	0.10439164866810655,0.6322674418604651,	0.10439164866810655,0.6322674418604651,
64,420,183,	0.3333333333333333,0.0014534883720930232,	0.3333333333333333,0.0014534883720930232,
64,286,49,	0.5,0.0014534883720930232,	0.5,0.0014534883720930232,
64,94,331,	1.0,0.007267441860465116,	1.0,0.007267441860465116,
64,389,152,	0.013835929839851836,0.7383720930232558,	0.01667948666045909,0.5988372093023255,
102,114,191,	0.10196779964221825,0.41424418604651164,	0.10196779964221825,0.41424418604651164,
64,428,428,	1.0,0.6773255813953488,	1.0,0.6773255813953488,
64,118,355,	0.011437908496732025,0.10174418604651163,
64,196,280,	0.019409609694237002,0.8008720930232558,
64,223,460,	0.19140625,0.8546511627906976,	0.1937740468695348,0.8052325581395349,
64,390,153,	0.01560758082497213,0.040697674418604654,
64,416,179,	1.0,0.7311046511627907,	1.0,0.7311046511627907,
64,196,361,	0.01760497081528902,0.815406976744186,
381,144,64,	0.18595679012345678,0.7005813953488372,	0.19818731117824773,0.47674418604651164,
64,179,428,	1.0,0.5697674418604651,	1.0,0.5697674418604651,
64,179,416,	1.0,0.7311046511627907,	1.0,0.7311046511627907,
64,428,179,	1.0,0.5697674418604651,	1.0,0.5697674418604651,
64,55,292,	0.02105639990887493,0.940406976744186,	0.052134359692092375,0.21656976744186046,
64,420,460,	1.0,0.0014534883720930232,	1.0,0.0014534883720930232,
64,80,317,	0.018636586562040217,0.11046511627906977,	0.018636586562040217,0.11046511627906977,
64,191,179,	1.0,0.5697674418604651,	1.0,0.5697674418604651,
64,59,296,	0.013950123222320197,0.8968023255813954,	0.013998865570051049,0.8968023255813954,
64,301,64,	0.04319550930996714,0.9171511627906976,	0.04319550930996714,0.9171511627906976,
64,201,438,	0.03325901151988109,0.2601744186046512,
64,428,416,	1.0,0.5697674418604651,	1.0,0.5697674418604651,
281,44,64,	0.039172123479887744,0.9738372093023255,	0.05304434621417368,0.5406976744186046,
64,416,428,	1.0,0.5697674418604651,	1.0,0.5697674418604651,
102,114,179,	0.11122448979591837,0.4752906976744186,	0.11122448979591837,0.4752906976744186,
64,7,244,	0.240532241555783,0.6831395348837209,	0.24065540194572452,0.6831395348837209,
64,179,191,	1.0,0.5697674418604651,	1.0,0.5697674418604651,
202,439,64,	0.06815660168013948,0.625,	0.06815660168013948,0.625,
64,124,280,	0.01957713390759593,0.7994186046511628,
64,98,316,	0.010528294792254183,0.08139534883720931,
64,190,427,	0.019230769230769232,0.02180232558139535,	0.019230769230769232,0.02180232558139535,
64,378,141,	0.2084592145015106,0.2005813953488372,	0.20726172465960666,0.19912790697674418,
64,281,44,	0.011730205278592375,0.005813953488372093,	0.017543859649122806,0.005813953488372093,
64,43,433,	0.01778072448918088,0.8575581395348837,
266,29,64,	0.09253840526700804,0.36773255813953487,	0.09432544156332207,0.3648255813953488,
64,7,138,	0.27834245504300237,0.5174418604651163,	0.27834245504300237,0.5174418604651163,
64,4,241,	0.01336996336996337,0.10610465116279069,	0.01447876447876448,0.06540697674418605,
64,232,469,	0.016368416588923754,0.8415697674418605,	0.03175038887363894,0.5043604651162791,
64,124,361,	0.017814689193901164,0.8168604651162791,
64,43,280,	0.019409609694237002,0.8008720930232558,
64,190,444,	0.026060606060606062,0.0625,	0.026299694189602447,0.0625,
7,244,64,	0.3333333333333333,0.027616279069767442,
64,416,416,	1.0,0.7311046511627907,	1.0,0.7311046511627907,
64,179,179,	1.0,0.7311046511627907,	1.0,0.7311046511627907,
64,191,191,	1.0,0.6773255813953488,	1.0,0.6773255813953488,
64,98,355,	0.012757201646090535,0.09011627906976744,
286,49,64,	0.3713235294117647,0.5872093023255814,	0.34265734265734266,0.4273255813953488,
64,375,244,	0.184346035015448,0.5203488372093024,	0.18453608247422681,0.5203488372093024,
102,114,416,	0.11122448979591837,0.4752906976744186,	0.11122448979591837,0.4752906976744186,
102,339,64,	0.06917732353237338,0.998546511627907,
64,43,361,	0.01760497081528902,0.815406976744186,
64,124,433,	0.01793380629053375,0.8561046511627907,
3,240,64,	0.015831862312444836,0.8343023255813954,	0.012263396427619302,0.5348837209302325,
143,380,64,	0.02389855308079987,0.2136627906976744,	0.03279220779220779,0.14680232558139536,
64,191,428,	1.0,0.6773255813953488,	1.0,0.6773255813953488,
64,146,383,	0.04508150646430579,0.5828488372093024,	0.04508150646430579,0.5828488372093024,
64,31,268,	0.25,0.007267441860465116,	0.25,0.007267441860465116,
64,187,424,	0.05156136528685548,0.30959302325581395,	0.05156136528685548,0.30959302325581395,
64,101,338,	0.01231638418079096,0.15843023255813954,	0.012386363636363636,0.15843023255813954,
64,207,444,	0.05640489981958029,0.8633720930232558,	0.056717272987682615,0.8633720930232558,
64,191,416,	1.0,0.5697674418604651,	1.0,0.5697674418604651,
102,114,428,	0.10196779964221825,0.41424418604651164,	0.10196779964221825,0.41424418604651164,
64,137,374,	0.015428571428571429,0.11773255813953488,	0.015428571428571429,0.11773255813953488,
64,428,191,	1.0,0.6773255813953488,	1.0,0.6773255813953488,
64,196,433,	0.01778072448918088,0.8575581395348837,
64,3,240,	0.01238390092879257,0.005813953488372093,	0.027777777777777776,0.0014534883720930232,
64,188,425,	0.026385224274406333,0.05813953488372093,
64,351,114,	0.07093792931185212,0.8255813953488372,
443,206,64,	0.03807615230460922,0.055232558139534885,	0.06469500924214418,0.050872093023255814,
64,416,191,	1.0,0.5697674418604651,	1.0,0.5697674418604651,
64,79,355,	0.011437908496732025,0.10174418604651163,
64,379,142,	0.010684138028467488,0.8793604651162791,	0.013532471456629185,0.9113372093023255,
64,443,206,	0.018570338336301194,0.3183139534883721,	0.01715991047003233,0.2005813953488372,
