11,	0.0334075723830735,0.0351288056206089,	0.0334075723830735,0.0351288056206089,
12,	0.010589013898080741,0.03747072599531616,	0.010589013898080741,0.03747072599531616,
19,	0.23529411764705882,0.08430913348946135,	0.23529411764705882,0.08430913348946135,
87,	0.010101010101010102,0.00234192037470726,	0.014492753623188406,0.00234192037470726,
107,	0.07692307692307693,0.2529274004683841,	0.07692307692307693,0.2529274004683841,
226,	0.16101694915254236,0.08899297423887588,	0.16101694915254236,0.08899297423887588,
248,	0.0334075723830735,0.0351288056206089,	0.0334075723830735,0.0351288056206089,
249,	0.011912640635340834,0.04215456674473068,	0.011912640635340834,0.04215456674473068,
256,	0.2222222222222222,0.07962529274004684,	0.2222222222222222,0.07962529274004684,
306,	0.8009367681498829,0.8009367681498829,	0.8009367681498829,0.8009367681498829,
324,	0.010101010101010102,0.00234192037470726,	0.014705882352941176,0.00234192037470726,
344,	0.07692307692307693,0.2529274004683841,	0.07692307692307693,0.2529274004683841,
463,	0.16101694915254236,0.08899297423887588,	0.16101694915254236,0.08899297423887588,
181,418,	0.03095752339812815,0.10070257611241218,	0.028941355674028942,0.08899297423887588,
414,177,	0.010135135135135136,0.01405152224824356,	0.010135135135135136,0.01405152224824356,
390,153,306,	0.011438956596108617,0.5011709601873536,	0.016541353383458645,0.07728337236533958,
69,72,173,	0.06255392579810182,0.3395784543325527,	0.06277056277056277,0.3395784543325527,
69,344,107,	0.1221105527638191,0.5690866510538641,	0.1221105527638191,0.5690866510538641,
69,107,107,	0.12278820375335121,0.5362997658079626,	0.12278820375335121,0.5362997658079626,
344,349,69,	0.018495684340320593,0.0702576112412178,	0.018495684340320593,0.0702576112412178,
69,107,69,	0.3881019830028329,0.32084309133489464,	0.3881019830028329,0.32084309133489464,
69,12,249,	0.08088930936613056,0.40046838407494145,	0.08088930936613056,0.40046838407494145,
31,69,306,	0.015952143569292122,0.03747072599531616,	0.015952143569292122,0.03747072599531616,
344,69,306,	0.15963855421686746,0.24824355971896955,	0.15963855421686746,0.24824355971896955,
306,304,67,	0.015455140798952193,0.27634660421545665,	0.020486555697823303,0.03747072599531616,
390,153,69,	0.013988934126735568,0.6276346604215457,	0.024281466798810703,0.11475409836065574,
69,107,306,	0.306282722513089,0.27400468384074944,	0.306282722513089,0.27400468384074944,
69,306,268,	0.02193419740777667,0.05152224824355972,	0.02193419740777667,0.05152224824355972,
69,349,344,	0.016004742145820983,0.06323185011709602,	0.016004742145820983,0.06323185011709602,
69,69,306,	0.9141414141414141,0.8477751756440282,	0.9141414141414141,0.8477751756440282,
111,173,69,	0.07378939277478862,0.4496487119437939,	0.07404550713459314,0.4496487119437939,
69,247,10,	0.32934131736526945,0.1288056206088993,	0.34177215189873417,0.12646370023419204,
69,112,348,	0.16666666666666666,0.00234192037470726,	0.16666666666666666,0.00234192037470726,
69,69,31,	0.021454112038140644,0.04215456674473068,	0.021454112038140644,0.04215456674473068,
69,349,268,	0.02487163029525032,0.3629976580796253,	0.02487163029525032,0.3629976580796253,
31,268,69,	0.05528768884603021,0.4028103044496487,	0.05528768884603021,0.4028103044496487,
306,69,344,	0.15246636771300448,0.2388758782201405,	0.15246636771300448,0.2388758782201405,
107,107,344,	0.012460732984293194,0.2786885245901639,	0.012460732984293194,0.2786885245901639,
31,306,69,	0.022155085599194362,0.05152224824355972,	0.022155085599194362,0.05152224824355972,
111,348,69,	0.05964415689446017,0.6908665105386417,	0.05988631749898498,0.6908665105386417,
306,69,112,	0.016658954187875982,0.08430913348946135,	0.016682113067655237,0.08430913348946135,
69,306,31,	0.023162134944612285,0.053864168618266976,	0.023162134944612285,0.053864168618266976,
111,112,69,	0.125,0.00234192037470726,	0.125,0.00234192037470726,
306,107,344,	0.11334867663981588,0.4613583138173302,	0.11334867663981588,0.4613583138173302,
69,111,309,	0.04274210200289077,0.4847775175644028,	0.04287489643744822,0.4847775175644028,
69,410,348,	0.0705030487804878,0.4332552693208431,	0.07074569789674952,0.4332552693208431,
69,249,69,	0.09090909090909091,0.0585480093676815,	0.09090909090909091,0.0585480093676815,
344,107,306,	0.1,0.46604215456674475,	0.1,0.46604215456674475,
306,349,112,	0.015401118688223124,0.4707259953161593,	0.01545916012921089,0.4707259953161593,
306,460,223,	0.02405443899351163,0.3559718969555035,	0.023786869647954328,0.351288056206089,
306,249,12,	0.06610093791871371,0.34660421545667447,	0.06610093791871371,0.34660421545667447,
306,107,69,	0.3758169934640523,0.2693208430913349,	0.3758169934640523,0.2693208430913349,
72,173,69,	0.060391503540191585,0.3395784543325527,	0.06061872909698997,0.3395784543325527,
112,69,306,	0.01615798922800718,0.08430913348946135,	0.01618705035971223,0.08430913348946135,
69,111,348,	0.059347782053878875,0.6861826697892272,	0.05957706384709231,0.6861826697892272,
410,348,69,	0.07661612130885874,0.4496487119437939,	0.07683073229291716,0.4496487119437939,
349,112,69,	0.019538732664163665,0.5971896955503513,	0.01961236732810337,0.5971896955503513,
344,107,107,	0.01175761230027133,0.27400468384074944,	0.01175761230027133,0.27400468384074944,
107,344,306,	0.10844686648501363,0.46604215456674475,	0.10844686648501363,0.46604215456674475,
107,344,107,	0.012027138157894737,0.27400468384074944,	0.012027138157894737,0.27400468384074944,
249,249,69,	0.06857402361489555,0.35362997658079626,	0.06857402361489555,0.35362997658079626,
69,306,112,	0.020008699434536755,0.10772833723653395,	0.020043572984749455,0.10772833723653395,
69,69,349,	0.019956850053937433,0.08665105386416862,	0.019989195029713667,0.08665105386416862,
107,344,344,	0.012356020942408378,0.27634660421545665,	0.012356020942408378,0.27634660421545665,
31,112,69,	0.025755324418028726,0.36533957845433257,	0.025755324418028726,0.36533957845433257,
349,69,69,	0.021443514644351465,0.09601873536299765,	0.021477213200628602,0.09601873536299765,
107,306,69,	0.18086696562032886,0.28337236533957844,	0.18086696562032886,0.28337236533957844,
69,31,349,	0.026422764227642278,0.36533957845433257,	0.026454129218246566,0.36533957845433257,
69,23,260,	0.096,0.08430913348946135,	0.07386363636363637,0.06088992974238876,
306,31,69,	0.14285714285714285,0.05152224824355972,	0.14285714285714285,0.05152224824355972,
107,344,69,	0.13521288837744533,0.550351288056206,	0.13521288837744533,0.550351288056206,
306,349,349,	0.014932195642236782,0.45901639344262296,	0.014990439770554493,0.45901639344262296,
306,69,69,	0.9289473684210526,0.8266978922716628,	0.9289473684210526,0.8266978922716628,
112,349,306,	0.015126918536009445,0.48009367681498827,	0.015176191886289606,0.48009367681498827,
69,349,348,	0.16666666666666666,0.00234192037470726,	0.16666666666666666,0.00234192037470726,
306,69,349,	0.016603415559772294,0.08196721311475409,	0.0166270783847981,0.08196721311475409,
111,349,69,	0.1111111111111111,0.00234192037470726,	0.1111111111111111,0.00234192037470726,
69,60,297,	0.02660871408883706,0.5878220140515222,	0.01886376172090458,0.40046838407494145,
348,309,69,	0.16666666666666666,0.00234192037470726,	0.16666666666666666,0.00234192037470726,
268,31,306,	0.03986429177268872,0.33021077283372363,	0.03986429177268872,0.33021077283372363,
268,69,69,	0.022485207100591716,0.04449648711943794,	0.022485207100591716,0.04449648711943794,
69,460,223,	0.0321842836137886,0.4613583138173302,	0.03180327868852459,0.45433255269320844,
112,112,69,	0.018969983239372237,0.5831381733021077,	0.01904397705544933,0.5831381733021077,
344,69,69,	0.1793570219966159,0.24824355971896955,	0.1793570219966159,0.24824355971896955,
268,306,69,	0.024875621890547265,0.0585480093676815,	0.024875621890547265,0.0585480093676815,
69,18,255,	0.0205620287868403,0.0702576112412178,	0.01649928263988522,0.053864168618266976,
107,107,69,	0.12479108635097493,0.5245901639344263,	0.12479108635097493,0.5245901639344263,
306,344,69,	0.3790849673202614,0.2716627634660422,	0.3790849673202614,0.2716627634660422,
69,268,268,	0.04794317845516425,0.3793911007025761,	0.04794317845516425,0.3793911007025761,
306,306,306,	0.9,0.8009367681498829,	0.9,0.8009367681498829,
460,223,306,	0.024832543702009477,0.3559718969555035,	0.025041736227045076,0.351288056206089,
69,306,249,	0.037267080745341616,0.05620608899297424,	0.037267080745341616,0.05620608899297424,
112,268,69,	0.027131104498512165,0.3629976580796253,	0.027164388363126533,0.3629976580796253,
69,306,344,	0.1865671641791045,0.2927400468384075,	0.1865671641791045,0.2927400468384075,
69,12,12,	0.0754897276636407,0.3700234192037471,	0.0754897276636407,0.3700234192037471,
69,344,69,	0.38268156424581007,0.32084309133489464,	0.38268156424581007,0.32084309133489464,
69,349,31,	0.024750118990956686,0.36533957845433257,	0.024750118990956686,0.36533957845433257,
69,349,112,	0.019128988356267956,0.5925058548009368,	0.019191382841538346,0.5925058548009368,
249,306,69,	0.03492063492063492,0.05152224824355972,	0.03492063492063492,0.05152224824355972,
460,223,69,	0.03085931318246558,0.4566744730679157,	0.031199482702877465,0.4519906323185012,
69,349,306,	0.0997624703087886,0.09836065573770492,	0.0997624703087886,0.09836065573770492,
69,349,69,	0.12682926829268293,0.12177985948477751,	0.12682926829268293,0.12177985948477751,
348,111,69,	1.0,0.00234192037470726,	1.0,0.00234192037470726,
69,323,86,	0.020644511581067473,0.09601873536299765,	0.01380897583429229,0.02810304449648712,
60,297,69,	0.025616698292220113,0.5690866510538641,	0.018250539956803456,0.3957845433255269,
31,349,69,	0.02460994048576484,0.3583138173302108,	0.02460994048576484,0.3583138173302108,
263,26,69,	0.09903846153846153,0.24121779859484777,	0.09930486593843098,0.234192037470726,
344,107,344,	0.012232730263157895,0.2786885245901639,	0.012232730263157895,0.2786885245901639,
69,112,349,	0.019037780401416765,0.6042154566744731,	0.019099792715427895,0.6042154566744731,
306,60,297,	0.02108370229812355,0.468384074941452,	0.014980863860032804,0.32084309133489464,
112,348,69,	0.2,0.00234192037470726,	0.2,0.00234192037470726,
304,67,306,	0.01546932354483482,0.27634660421545665,	0.017937219730941704,0.03747072599531616,
69,112,268,	0.02413036665622062,0.36065573770491804,	0.02413036665622062,0.36065573770491804,
69,112,69,	0.12195121951219512,0.117096018735363,	0.12195121951219512,0.117096018735363,
107,69,306,	0.15970149253731344,0.2505854800936768,	0.15970149253731344,0.2505854800936768,
349,112,306,	0.015272947225162559,0.47306791569086654,	0.015322764165971326,0.47306791569086654,
69,410,173,	0.12597950572634117,0.4894613583138173,	0.12605548854041013,0.4894613583138173,
112,69,69,	0.019881783987103708,0.08665105386416862,	0.01991388589881593,0.08665105386416862,
69,410,309,	0.06092436974789916,0.3395784543325527,	0.06115563053563897,0.3395784543325527,
410,309,69,	0.06285218899003034,0.3395784543325527,	0.06309834638816363,0.3395784543325527,
69,31,69,	0.15469613259668508,0.06557377049180328,	0.15469613259668508,0.06557377049180328,
306,69,107,	0.1552511415525114,0.2388758782201405,	0.1552511415525114,0.2388758782201405,
349,349,306,	0.014540891644523176,0.4613583138173302,	0.014589350514700438,0.4613583138173302,
12,306,69,	0.03162650602409638,0.04918032786885246,	0.03162650602409638,0.04918032786885246,
112,306,69,	0.020398481973434534,0.10070257611241218,	0.020427553444180523,0.10070257611241218,
69,390,153,	0.014592687620269404,0.639344262295082,	0.02406015037593985,0.11241217798594848,
69,263,26,	0.08994708994708994,0.2388758782201405,	0.0891891891891892,0.23185011709601874,
304,67,69,	0.019777341191879502,0.35362997658079626,	0.02560819462227913,0.0468384074941452,
306,268,69,	0.14285714285714285,0.05152224824355972,	0.14285714285714285,0.05152224824355972,
344,344,107,	0.011858104713094161,0.27634660421545665,	0.011858104713094161,0.27634660421545665,
306,344,107,	0.10605249062667381,0.4637002341920375,	0.10605249062667381,0.4637002341920375,
69,69,268,	0.019002375296912115,0.03747072599531616,	0.019002375296912115,0.03747072599531616,
69,107,344,	0.13188010899182562,0.5667447306791569,	0.13188010899182562,0.5667447306791569,
69,268,349,	0.02538968343242809,0.3700234192037471,	0.025426456388799486,0.3700234192037471,
247,10,69,	0.3624161073825503,0.12646370023419204,	0.375886524822695,0.12412177985948478,
310,73,69,	0.041666666666666664,0.00234192037470726,
349,348,69,	0.16666666666666666,0.00234192037470726,	0.16666666666666666,0.00234192037470726,
72,348,69,	0.042379788101059496,0.48711943793911006,	0.0425010216591745,0.48711943793911006,
268,268,69,	0.050359712230215826,0.3770491803278688,	0.050359712230215826,0.3770491803278688,
69,112,306,	0.1021377672209026,0.10070257611241218,	0.1021377672209026,0.10070257611241218,
69,306,12,	0.033112582781456956,0.0468384074941452,	0.033112582781456956,0.0468384074941452,
344,306,69,	0.182648401826484,0.2810304449648712,	0.182648401826484,0.2810304449648712,
69,111,112,	0.16666666666666666,0.00234192037470726,	0.16666666666666666,0.00234192037470726,
410,173,306,	0.09885473176612417,0.3840749414519906,	0.09891435464414958,0.3840749414519906,
306,69,31,	0.01791044776119403,0.04215456674473068,	0.01791044776119403,0.04215456674473068,
69,69,344,	0.18090452261306533,0.2529274004683841,	0.18090452261306533,0.2529274004683841,
323,86,69,	0.02044790652385589,0.09836065573770492,	0.015873015873015872,0.02810304449648712,
12,249,69,	0.07332433648223122,0.38173302107728335,	0.07332433648223122,0.38173302107728335,
112,112,306,	0.014837689237026436,0.4613583138173302,	0.014888149939540508,0.4613583138173302,
69,112,107,	0.016317016317016316,0.06557377049180328,	0.016317016317016316,0.06557377049180328,
69,349,107,	0.018890200708382526,0.07494145199063232,	0.018890200708382526,0.07494145199063232,
111,348,306,	0.047194652623050434,0.5456674473067916,	0.04737698251321675,0.5456674473067916,
268,69,306,	0.01812688821752266,0.04215456674473068,	0.01812688821752266,0.04215456674473068,
69,72,348,	0.041767554479418885,0.4847775175644028,	0.04198782961460446,0.4847775175644028,
111,309,69,	0.04184354154032747,0.4847775175644028,	0.04207317073170732,0.4847775175644028,
69,31,112,	0.026355803345159655,0.36533957845433257,	0.02639147352393842,0.36533957845433257,
69,112,344,	0.014084507042253521,0.05620608899297424,	0.014084507042253521,0.05620608899297424,
349,69,306,	0.016963897346672467,0.09133489461358314,	0.01699346405228758,0.09133489461358314,
69,69,112,	0.019311064718162838,0.08665105386416862,	0.01934134866701516,0.08665105386416862,
344,107,69,	0.1280128548473487,0.5597189695550351,	0.1280128548473487,0.5597189695550351,
306,69,268,	0.016112789526686808,0.03747072599531616,	0.016112789526686808,0.03747072599531616,
306,112,69,	0.11597938144329897,0.1053864168618267,	0.11597938144329897,0.1053864168618267,
249,12,69,	0.07682000893255918,0.4028103044496487,	0.07682000893255918,0.4028103044496487,
306,349,69,	0.1134020618556701,0.10304449648711944,	0.1134020618556701,0.10304449648711944,
344,112,69,	0.01805728518057285,0.06791569086651054,	0.01805728518057285,0.06791569086651054,
31,69,69,	0.01995305164319249,0.03981264637002342,	0.01995305164319249,0.03981264637002342,
268,349,69,	0.02495232040686586,0.36768149882903983,	0.02495232040686586,0.36768149882903983,
23,260,69,	0.1048951048951049,0.0702576112412178,	0.07581227436823104,0.04918032786885246,
306,390,153,	0.01096147823363608,0.4918032786885246,	0.01635282457879088,0.07728337236533958,
306,112,349,	0.015201192250372579,0.477751756440281,	0.015256899259591653,0.477751756440281,
69,249,249,	0.0724373576309795,0.37236533957845436,	0.0724373576309795,0.37236533957845436,
31,268,306,	0.04294478527607362,0.32786885245901637,	0.04294478527607362,0.32786885245901637,
69,344,344,	0.1183127572016461,0.5386416861826698,	0.1183127572016461,0.5386416861826698,
349,268,69,	0.02733485193621868,0.36533957845433257,	0.02736842105263158,0.36533957845433257,
69,111,173,	0.07411858974358974,0.4332552693208431,	0.07429718875502007,0.4332552693208431,
69,72,309,	0.029243013140847676,0.7400468384074942,	0.03207624513219922,0.7330210772833724,
69,349,349,	0.018678918430368306,0.5807962529274004,	0.018742442563482467,0.5807962529274004,
69,268,112,	0.025269596008369546,0.36768149882903983,	0.025314414704933893,0.36768149882903983,
31,31,69,	0.04896593673965937,0.3770491803278688,	0.04896593673965937,0.3770491803278688,
69,304,67,	0.02045097011012061,0.36533957845433257,	0.02914798206278027,0.06088992974238876,
69,268,31,	0.04947695787390444,0.4098360655737705,	0.04947695787390444,0.4098360655737705,
69,268,69,	0.15428571428571428,0.06323185011709602,	0.15428571428571428,0.06323185011709602,
268,31,69,	0.05093131548311991,0.4098360655737705,	0.05093131548311991,0.4098360655737705,
69,112,31,	0.024193548387096774,0.36533957845433257,	0.024193548387096774,0.36533957845433257,
18,255,69,	0.015193370165745856,0.07728337236533958,	0.01268796992481203,0.06323185011709602,
306,306,69,	0.9184210526315789,0.8173302107728337,	0.9184210526315789,0.8173302107728337,
72,111,69,	1.0,0.00234192037470726,	1.0,0.00234192037470726,
69,69,69,	0.9526315789473684,0.8477751756440282,	0.9526315789473684,0.8477751756440282,
69,31,268,	0.053067484662576686,0.405152224824356,	0.053067484662576686,0.405152224824356,
69,31,306,	0.11170212765957446,0.04918032786885246,	0.11170212765957446,0.04918032786885246,
306,69,306,	0.7702702702702703,0.8009367681498829,	0.7702702702702703,0.8009367681498829,
306,72,309,	0.023342323072630893,0.5878220140515222,	0.025611897139316327,0.5807962529274004,
69,344,306,	0.306282722513089,0.27400468384074944,	0.306282722513089,0.27400468384074944,
268,112,69,	0.025456919060052218,0.36533957845433257,	0.025456919060052218,0.36533957845433257,
69,12,69,	0.10150375939849623,0.06323185011709602,	0.10150375939849623,0.06323185011709602,
69,69,107,	0.18461538461538463,0.2529274004683841,	0.18461538461538463,0.2529274004683841,
69,268,306,	0.11170212765957446,0.04918032786885246,	0.11170212765957446,0.04918032786885246,
60,297,306,	0.021308173433690236,0.4707259953161593,	0.015045791539467945,0.3231850117096019,
306,410,173,	0.10067526089625538,0.3840749414519906,	0.10073710073710074,0.3840749414519906,
306,31,268,	0.04468016714882674,0.3255269320843091,	0.04468016714882674,0.3255269320843091,
69,306,349,	0.018850987432675045,0.09836065573770492,	0.018884892086330936,0.09836065573770492,
112,349,69,	0.01929955290611028,0.6065573770491803,	0.019370278961932542,0.6065573770491803,
69,112,112,	0.018305284912902273,0.5807962529274004,	0.018366288972820853,0.5807962529274004,
72,309,69,	0.02901515856040175,0.7306791569086651,	0.03191159764535784,0.7236533957845434,
69,31,31,	0.04840155363011652,0.3793911007025761,	0.04840155363011652,0.3793911007025761,
344,344,69,	0.125,0.5199063231850117,	0.125,0.5199063231850117,
306,112,112,	0.014615958240119313,0.45901639344262296,	0.014669560661627125,0.45901639344262296,
112,31,69,	0.026027173023408085,0.37236533957845436,	0.026065573770491804,0.37236533957845436,
306,268,31,	0.04074505238649592,0.32786885245901637,	0.04074505238649592,0.32786885245901637,
349,31,69,	0.025636811832374692,0.36533957845433257,	0.025683240039512677,0.36533957845433257,
107,349,69,	0.018541409147095178,0.0702576112412178,	0.018541409147095178,0.0702576112412178,
69,249,12,	0.08104395604395605,0.41451990632318503,	0.08104395604395605,0.41451990632318503,
349,349,69,	0.018568232662192395,0.5831381733021077,	0.018636329616046703,0.5831381733021077,
69,306,306,	0.9040404040404041,0.8384074941451991,	0.9040404040404041,0.8384074941451991,
12,12,69,	0.06764574988874054,0.3559718969555035,	0.06764574988874054,0.3559718969555035,
69,306,69,	0.9617117117117117,1.0,	0.9617117117117117,1.0,
107,69,69,	0.1782178217821782,0.2529274004683841,	0.1782178217821782,0.2529274004683841,
306,111,348,	0.04710877476748888,0.5456674473067916,	0.04730004060089322,0.5456674473067916,
69,306,107,	0.18674698795180722,0.2903981264637002,	0.18674698795180722,0.2903981264637002,
107,112,69,	0.018125,0.06791569086651054,	0.018125,0.06791569086651054,
69,111,349,	0.2,0.00234192037470726,	0.2,0.00234192037470726,
349,306,69,	0.02036094400740398,0.10304449648711944,	0.020389249304911955,0.10304449648711944,
249,12,306,	0.0673076923076923,0.3442622950819672,	0.0673076923076923,0.3442622950819672,
410,173,69,	0.1289134438305709,0.4918032786885246,	0.128992628992629,0.4918032786885246,
344,344,344,	0.012122478837914098,0.2716627634660422,	0.012122478837914098,0.2716627634660422,
107,107,107,	0.01180896645417494,0.2646370023419204,	0.01180896645417494,0.2646370023419204,
72,309,306,	0.023320377568017768,0.5901639344262295,	0.025517524082803854,0.5831381733021077,
