231,49,	0.04221635883905013,0.045454545454545456,	0.043478260869565216,0.04833836858006042,
233,281,44,	0.18316831683168316,0.7357954545454546,
233,286,49,	0.8090452261306532,0.45738636363636365,	0.6744186046511628,0.08761329305135952,
233,381,144,	0.3416370106761566,0.2727272727272727,	0.29493087557603687,0.1933534743202417,
233,197,44,	0.182909604519774,0.7357954545454546,
233,202,439,	0.583743842364532,0.6732954545454546,	0.5862068965517241,0.0513595166163142,
231,186,49,	0.07174887892376682,0.045454545454545456,	0.07174887892376682,0.04833836858006042,
233,470,233,	0.22100313479623823,0.4005681818181818,	0.6596638655462185,0.4743202416918429,
233,197,434,	0.2,0.8210227272727273,
233,281,434,	0.2,0.8210227272727273,
233,3,240,	0.03510283191558092,0.9261363636363636,
231,423,49,	0.07174887892376682,0.045454545454545456,	0.07174887892376682,0.04833836858006042,
231,468,233,	0.40966010733452596,0.6505681818181818,	0.5811320754716981,0.4652567975830816,
156,393,233,	0.5355731225296443,0.7698863636363636,	0.5471014492753623,0.4561933534743202,
