187,137,	0.07692307692307693,0.04,	0.07692307692307693,0.04,
191,137,	1.0,0.664,	1.0,0.664,
179,137,	1.0,0.656,	1.0,0.656,
424,137,	1.0,0.008,	1.0,0.008,
401,137,	1.0,0.008,	1.0,0.008,
264,137,	0.6666666666666666,0.032,	0.6666666666666666,0.032,
428,137,	1.0,0.664,	1.0,0.664,
416,137,	1.0,0.656,	1.0,0.656,
164,137,	0.058823529411764705,0.008,	0.058823529411764705,0.008,
27,137,	1.0,0.016,	1.0,0.016,
379,142,137,	0.10272873194221509,0.512,	0.16666666666666666,0.112,
191,179,137,	1.0,0.52,	1.0,0.52,
112,112,137,	1.0,0.008,	1.0,0.008,
79,355,137,	0.5126903553299492,0.808,
187,424,137,	0.09803921568627451,0.04,	0.09803921568627451,0.04,
349,31,137,	0.03571428571428571,0.008,	0.03571428571428571,0.008,
179,179,137,	1.0,0.656,	1.0,0.656,
349,112,137,	1.0,0.008,	1.0,0.008,
410,173,137,	1.0,0.008,	1.0,0.008,
375,244,137,	0.3851851851851852,0.416,	0.3851851851851852,0.416,
59,296,137,	0.14185639229422067,0.648,	0.1426056338028169,0.648,
98,280,137,	0.43661971830985913,0.744,
375,138,137,	0.07608695652173914,0.84,	0.07608695652173914,0.84,
31,349,137,	0.2,0.008,	0.2,0.008,
80,317,137,	0.11818181818181818,0.104,	0.11818181818181818,0.104,
98,316,137,	0.43661971830985913,0.744,
146,383,137,	0.12280701754385964,0.112,	0.12280701754385964,0.112,
389,152,137,	0.13918305597579425,0.736,	0.09352517985611511,0.104,
124,361,137,	0.25958702064896755,0.704,
207,444,137,	0.21149897330595482,0.824,	0.21193415637860083,0.824,
43,316,137,	0.26158940397350994,0.632,
111,348,137,	0.047619047619047616,0.008,	0.047619047619047616,0.008,
390,153,137,	0.014492753623188406,0.008,
196,361,137,	0.24645892351274787,0.696,
191,191,137,	1.0,0.664,	1.0,0.664,
31,268,137,	0.1111111111111111,0.008,	0.1111111111111111,0.008,
112,31,137,	0.03571428571428571,0.008,	0.03571428571428571,0.008,
416,428,137,	1.0,0.52,	1.0,0.52,
223,460,137,	0.42487046632124353,0.656,	0.42487046632124353,0.656,
375,444,137,	0.09322033898305085,0.704,	0.09322033898305085,0.704,
378,141,137,	0.3333333333333333,0.104,	0.3333333333333333,0.104,
98,355,137,	0.43661971830985913,0.744,
163,400,137,	0.02823920265780731,0.816,
191,416,137,	1.0,0.52,	1.0,0.52,
196,433,137,	0.24645892351274787,0.696,
79,280,137,	0.5126903553299492,0.808,
137,374,137,	1.0,1.0,	1.0,1.0,
428,428,137,	1.0,0.664,	1.0,0.664,
331,94,137,	1.0,0.008,	1.0,0.008,
43,280,137,	0.26158940397350994,0.632,
79,316,137,	0.5126903553299492,0.808,
349,349,137,	1.0,0.008,	1.0,0.008,
201,438,137,	0.11594202898550725,0.064,
55,292,137,	0.19189765458422176,0.72,	0.18042813455657492,0.472,
428,191,137,	1.0,0.664,	1.0,0.664,
118,335,137,	0.55,0.792,
118,355,137,	0.55,0.792,
268,349,137,	0.25,0.008,	0.25,0.008,
124,433,137,	0.25958702064896755,0.704,
179,191,137,	1.0,0.52,	1.0,0.52,
428,179,137,	1.0,0.52,	1.0,0.52,
188,425,137,	0.08108108108108109,0.072,	0.07777777777777778,0.056,
43,335,137,	0.26158940397350994,0.632,
443,206,137,	0.10358565737051793,0.208,	0.05102040816326531,0.04,
98,335,137,	0.43661971830985913,0.744,
43,355,137,	0.26158940397350994,0.632,
268,112,137,	0.25,0.008,	0.25,0.008,
118,280,137,	0.55,0.792,
7,138,137,	0.23949579831932774,0.456,	0.24050632911392406,0.456,
301,64,137,	0.16374269005847952,0.224,	0.16374269005847952,0.224,
268,268,137,	0.125,0.008,	0.125,0.008,
7,244,137,	0.26459143968871596,0.544,	0.265625,0.544,
304,67,137,	0.020833333333333332,0.016,	0.030303030303030304,0.008,
112,349,137,	1.0,0.008,	1.0,0.008,
349,268,137,	0.5,0.008,	0.5,0.008,
428,416,137,	1.0,0.52,	1.0,0.52,
4,241,137,	0.11538461538461539,0.12,	0.11538461538461539,0.12,
416,179,137,	1.0,0.656,	1.0,0.656,
351,114,137,	0.1276595744680851,0.096,
416,416,137,	1.0,0.656,	1.0,0.656,
179,428,137,	1.0,0.52,	1.0,0.52,
268,31,137,	0.041666666666666664,0.008,	0.041666666666666664,0.008,
31,31,137,	0.045454545454545456,0.008,	0.045454545454545456,0.008,
118,316,137,	0.55,0.792,
207,138,137,	0.21085594989561587,0.808,	0.2112970711297071,0.808,
31,112,137,	0.2,0.008,	0.2,0.008,
179,416,137,	1.0,0.656,	1.0,0.656,
416,191,137,	1.0,0.52,	1.0,0.52,
79,335,137,	0.5126903553299492,0.808,
101,338,137,	0.576271186440678,0.816,	0.576271186440678,0.816,
191,428,137,	1.0,0.664,	1.0,0.664,
232,469,137,	0.16759776536312848,0.72,	0.245136186770428,0.504,
112,268,137,	0.5,0.008,	0.5,0.008,
