162,	0.15198618307426598,0.14426229508196722,	0.15198618307426598,0.14426229508196722,
171,	0.33419689119170987,0.21147540983606558,	0.33419689119170987,0.21147540983606558,
120,	0.45390070921985815,0.10491803278688525,	0.45390070921985815,0.10491803278688525,
375,	0.0886368006152663,0.7557377049180328,	0.0886368006152663,0.7557377049180328,
377,	0.08423326133909287,0.06393442622950819,	0.08423326133909287,0.06393442622950819,
308,	0.014598540145985401,0.003278688524590164,	0.014598540145985401,0.003278688524590164,
318,	0.4014084507042254,0.09344262295081968,	0.4014084507042254,0.09344262295081968,
324,	0.020202020202020204,0.003278688524590164,	0.03333333333333333,0.003278688524590164,
472,42,	0.15655577299412915,0.13114754098360656,	0.20606060606060606,0.05573770491803279,
0,162,	0.4485981308411215,0.07868852459016394,	0.4485981308411215,0.07868852459016394,
0,171,	0.5544554455445545,0.09180327868852459,	0.5544554455445545,0.09180327868852459,
186,318,	0.25,0.001639344262295082,	0.25,0.001639344262295082,
0,230,	0.6065573770491803,0.060655737704918035,	0.6065573770491803,0.060655737704918035,
0,375,	0.21511627906976744,0.12131147540983607,	0.21511627906976744,0.12131147540983607,
331,375,	0.07077785564120533,0.16557377049180327,	0.07077785564120533,0.16557377049180327,
375,318,	0.01092896174863388,0.003278688524590164,	0.01092896174863388,0.003278688524590164,
375,375,	0.06482525366403608,0.5655737704918032,	0.06482525366403608,0.5655737704918032,
399,375,	0.1299638989169675,0.05901639344262295,	0.1299638989169675,0.05901639344262295,
190,230,	0.7747747747747747,0.2819672131147541,	0.7747747747747747,0.2819672131147541,
467,171,	0.027777777777777776,0.001639344262295082,	0.027777777777777776,0.001639344262295082,
94,162,	0.167420814479638,0.12131147540983607,	0.167420814479638,0.12131147540983607,
244,80,	0.1415525114155251,0.05081967213114754,	0.1415525114155251,0.05081967213114754,
252,230,	0.8571428571428571,0.009836065573770493,	0.8571428571428571,0.009836065573770493,
237,375,	0.08223684210526316,0.08196721311475409,	0.08223684210526316,0.08196721311475409,
375,162,	0.11065006915629322,0.39344262295081966,	0.11065006915629322,0.39344262295081966,
387,150,	0.010526315789473684,0.006557377049180328,	0.011461318051575931,0.006557377049180328,
203,230,	0.4666666666666667,0.011475409836065573,	0.4666666666666667,0.011475409836065573,
94,171,	0.40816326530612246,0.13114754098360656,	0.40816326530612246,0.13114754098360656,
94,318,	0.2777777777777778,0.00819672131147541,	0.2777777777777778,0.00819672131147541,
297,150,	0.31353919239904987,0.43278688524590164,	0.3486682808716707,0.2360655737704918,
423,318,	0.25,0.001639344262295082,	0.25,0.001639344262295082,
423,171,	1.0,0.006557377049180328,	1.0,0.006557377049180328,
237,230,	0.24666666666666667,0.060655737704918035,	0.24666666666666667,0.060655737704918035,
331,162,	0.15898617511520738,0.11311475409836065,	0.15898617511520738,0.11311475409836065,
472,58,	0.02164644145621515,0.10819672131147541,	0.02702702702702703,0.03770491803278689,
399,171,	0.11842105263157894,0.014754098360655738,	0.11842105263157894,0.014754098360655738,
444,375,	0.17298578199052134,0.11967213114754098,	0.17298578199052134,0.11967213114754098,
162,162,	0.08191126279863481,0.03934426229508197,	0.08191126279863481,0.03934426229508197,
162,375,	0.06293706293706294,0.05901639344262295,	0.06293706293706294,0.05901639344262295,
94,230,	0.46842105263157896,0.14590163934426228,	0.46842105263157896,0.14590163934426228,
138,171,	0.09740259740259741,0.02459016393442623,	0.09740259740259741,0.02459016393442623,
94,375,	0.07306889352818371,0.1721311475409836,	0.07306889352818371,0.1721311475409836,
423,375,	0.13656387665198239,0.20327868852459016,	0.13656387665198239,0.20327868852459016,
423,162,	0.3333333333333333,0.001639344262295082,	0.3333333333333333,0.001639344262295082,
440,230,	0.07865168539325842,0.011475409836065573,	0.07865168539325842,0.011475409836065573,
186,375,	0.13656387665198239,0.20327868852459016,	0.13656387665198239,0.20327868852459016,
375,230,	0.1398789509078682,0.34098360655737703,	0.1398789509078682,0.34098360655737703,
162,230,	0.144,0.029508196721311476,	0.144,0.029508196721311476,
331,318,	0.23529411764705882,0.006557377049180328,	0.23529411764705882,0.006557377049180328,
423,230,	1.0,0.29508196721311475,	1.0,0.29508196721311475,
162,171,	0.18,0.04426229508196721,	0.18,0.04426229508196721,
297,23,	0.020202020202020204,0.006557377049180328,	0.017241379310344827,0.003278688524590164,
244,150,	0.5,0.001639344262295082,	1.0,0.001639344262295082,
138,80,	0.3333333333333333,0.022950819672131147,	0.3333333333333333,0.022950819672131147,
308,230,	0.671875,0.07049180327868852,	0.671875,0.07049180327868852,
420,23,	0.02976190476190476,0.01639344262295082,	0.034782608695652174,0.013114754098360656,
138,375,	0.07276995305164319,0.4065573770491803,	0.07276995305164319,0.4065573770491803,
190,162,	0.7601809954751131,0.2754098360655738,	0.7601809954751131,0.2754098360655738,
375,231,	0.14634146341463414,0.04918032786885246,	0.14634146341463414,0.04918032786885246,
244,375,	0.21666666666666667,0.23442622950819672,	0.21666666666666667,0.23442622950819672,
420,150,	0.24612736660929432,0.46885245901639344,	0.23448275862068965,0.2786885245901639,
260,23,	0.014204545454545454,0.00819672131147541,	0.01327433628318584,0.004918032786885246,
375,171,	0.16373477672530445,0.39672131147540984,	0.16373477672530445,0.39672131147540984,
186,162,	0.3333333333333333,0.001639344262295082,	0.3333333333333333,0.001639344262295082,
255,150,	0.29856115107913667,0.1360655737704918,	0.3005464480874317,0.09016393442622951,
138,230,	0.23076923076923078,0.1377049180327869,	0.23076923076923078,0.1377049180327869,
81,230,	0.022988505747126436,0.003278688524590164,	0.022988505747126436,0.003278688524590164,
190,375,	0.41846758349705304,0.34918032786885245,	0.41846758349705304,0.34918032786885245,
186,171,	1.0,0.006557377049180328,	1.0,0.006557377049180328,
427,375,	0.23272727272727273,0.10491803278688525,	0.23272727272727273,0.10491803278688525,
260,150,	0.36818181818181817,0.13278688524590163,	0.4148148148148148,0.09180327868852459,
190,171,	0.776255707762557,0.2786885245901639,	0.776255707762557,0.2786885245901639,
71,230,	0.5512820512820513,0.07049180327868852,	0.5512820512820513,0.07049180327868852,
138,318,	0.022988505747126436,0.006557377049180328,	0.022988505747126436,0.006557377049180328,
15,230,	0.07894736842105263,0.009836065573770493,	0.07894736842105263,0.009836065573770493,
427,230,	0.8227848101265823,0.10655737704918032,	0.8227848101265823,0.10655737704918032,
444,150,	1.0,0.001639344262295082,
318,230,	0.4,0.003278688524590164,	0.4,0.003278688524590164,
399,230,	0.25,0.02459016393442623,	0.25,0.02459016393442623,
331,230,	0.45077720207253885,0.14262295081967213,	0.45077720207253885,0.14262295081967213,
186,230,	1.0,0.29508196721311475,	1.0,0.29508196721311475,
331,171,	0.39378238341968913,0.12459016393442623,	0.39378238341968913,0.12459016393442623,
94,237,230,	0.22317596566523606,0.08524590163934426,	0.22317596566523606,0.08524590163934426,
129,366,230,	0.017412935323383085,0.011475409836065573,	0.017412935323383085,0.011475409836065573,
138,0,230,	0.5833333333333334,0.08032786885245902,	0.5833333333333334,0.08032786885245902,
423,423,230,	1.0,0.29508196721311475,	1.0,0.29508196721311475,
440,203,230,	1.0,0.013114754098360656,	1.0,0.013114754098360656,
260,60,230,	0.6590909090909091,0.09508196721311475,	0.671875,0.07049180327868852,
420,23,230,	0.572463768115942,0.12950819672131147,	0.5698924731182796,0.08688524590163935,
297,111,58,	0.017635270541082163,0.21639344262295082,	0.015440508628519528,0.11147540983606558,
297,239,230,	1.0,0.001639344262295082,	1.0,0.001639344262295082,
94,186,230,	0.5,0.022950819672131147,	0.5,0.022950819672131147,
237,0,230,	0.7948717948717948,0.10163934426229508,	0.7948717948717948,0.10163934426229508,
420,112,150,	0.09442491210447011,0.3081967213114754,	0.08631415241057543,0.1819672131147541,
331,186,230,	0.5333333333333333,0.02622950819672131,	0.5333333333333333,0.02622950819672131,
0,237,230,	1.0,0.21639344262295082,	1.0,0.21639344262295082,
244,94,230,	0.6666666666666666,0.003278688524590164,	0.6666666666666666,0.003278688524590164,
252,15,230,	1.0,0.12459016393442623,	1.0,0.12459016393442623,
138,138,230,	0.1346153846153846,0.04590163934426229,	0.1346153846153846,0.04590163934426229,
2,239,230,	1.0,0.001639344262295082,	1.0,0.001639344262295082,
375,94,230,	0.1192113709307657,0.4262295081967213,	0.1192113709307657,0.4262295081967213,
297,72,58,	0.011122994652406418,0.25573770491803277,	0.0116725768321513,0.12950819672131147,
297,7,230,	1.0,0.001639344262295082,	1.0,0.001639344262295082,
186,423,230,	1.0,0.29508196721311475,	1.0,0.29508196721311475,
138,186,230,	0.36134453781512604,0.07049180327868852,	0.36134453781512604,0.07049180327868852,
190,427,230,	0.8135593220338984,0.39344262295081966,	0.8135593220338984,0.39344262295081966,
423,186,230,	1.0,0.29508196721311475,	1.0,0.29508196721311475,
49,286,230,	0.9803921568627451,0.16393442622950818,	0.9873417721518988,0.12786885245901639,
0,94,230,	0.5135135135135135,0.06229508196721312,	0.5135135135135135,0.06229508196721312,
420,111,58,	0.01508055451479955,0.2639344262295082,	0.0142736009044658,0.16557377049180327,
331,7,230,	0.3333333333333333,0.003278688524590164,	0.3333333333333333,0.003278688524590164,
138,423,230,	0.36134453781512604,0.07049180327868852,	0.36134453781512604,0.07049180327868852,
171,467,230,	0.35537190082644626,0.21147540983606558,	0.35537190082644626,0.21147540983606558,
237,375,230,	0.3137254901960784,0.07868852459016394,	0.3137254901960784,0.07868852459016394,
151,388,230,	0.016260162601626018,0.006557377049180328,	0.016129032258064516,0.003278688524590164,
138,375,230,	0.4906303236797274,0.4721311475409836,	0.4906303236797274,0.4721311475409836,
387,60,230,	0.022388059701492536,0.004918032786885246,	0.016129032258064516,0.003278688524590164,
230,387,150,	0.01372353527652337,0.3836065573770492,	0.0354024233398768,0.8573770491803279,
255,183,230,	0.3609022556390977,0.07868852459016394,	0.3956043956043956,0.05901639344262295,
230,467,162,	0.25739041794087664,0.8278688524590164,	0.25739041794087664,0.8278688524590164,
331,237,230,	0.2236842105263158,0.08360655737704918,	0.2236842105263158,0.08360655737704918,
375,162,230,	0.1,0.013114754098360656,	0.1,0.013114754098360656,
444,375,230,	0.8426966292134831,0.12295081967213115,	0.8426966292134831,0.12295081967213115,
186,138,230,	1.0,0.003278688524590164,	1.0,0.003278688524590164,
423,94,230,	0.4838709677419355,0.02459016393442623,	0.4838709677419355,0.02459016393442623,
120,357,230,	0.66,0.10819672131147541,	0.66,0.10819672131147541,
299,62,230,	0.017632241813602016,0.011475409836065573,	0.018867924528301886,0.011475409836065573,
375,331,230,	0.12759643916913946,0.42295081967213116,	0.12759643916913946,0.42295081967213116,
171,408,230,	0.31130063965884863,0.23934426229508196,	0.31130063965884863,0.23934426229508196,
138,7,230,	0.73828125,0.30983606557377047,	0.73828125,0.30983606557377047,
94,423,230,	0.5,0.022950819672131147,	0.5,0.022950819672131147,
295,58,230,	0.0311284046692607,0.06557377049180328,	0.033582089552238806,0.014754098360655738,
57,294,230,	0.010250569476082005,0.014754098360655738,	0.11764705882352941,0.003278688524590164,
399,375,230,	0.9361702127659575,0.07213114754098361,	0.9361702127659575,0.07213114754098361,
203,440,230,	0.6666666666666666,0.2,	0.6666666666666666,0.2,
244,60,230,	1.0,0.001639344262295082,	1.0,0.001639344262295082,
297,150,230,	0.13636363636363635,0.004918032786885246,	0.14285714285714285,0.003278688524590164,
203,138,230,	0.6282051282051282,0.16065573770491803,	0.6282051282051282,0.16065573770491803,
244,331,230,	0.6666666666666666,0.003278688524590164,	0.6666666666666666,0.003278688524590164,
472,235,230,	0.3085399449035813,0.18360655737704917,	0.4368932038834951,0.07377049180327869,
0,375,230,	0.4188034188034188,0.08032786885245902,	0.4188034188034188,0.08032786885245902,
47,284,230,	0.04825737265415549,0.05901639344262295,
230,467,230,	1.0,1.0,	1.0,1.0,
138,331,230,	0.26506024096385544,0.036065573770491806,	0.26506024096385544,0.036065573770491806,
468,231,230,	0.6847826086956522,0.10327868852459017,	0.7777777777777778,0.05737704918032787,
162,399,162,	0.15198618307426598,0.14426229508196722,	0.15198618307426598,0.14426229508196722,
138,162,230,	0.7213114754098361,0.07213114754098361,	0.7213114754098361,0.07213114754098361,
230,138,230,	0.39460154241645246,0.5032786885245901,	0.39460154241645246,0.5032786885245901,
0,138,230,	0.8153846153846154,0.1737704918032787,	0.8153846153846154,0.1737704918032787,
20,257,230,	0.01730103806228374,0.00819672131147541,	0.01730103806228374,0.00819672131147541,
331,375,230,	0.08,0.04590163934426229,	0.08,0.04590163934426229,
260,23,230,	0.8068965517241379,0.1918032786885246,	0.7878787878787878,0.12786885245901639,
375,138,230,	0.08929820470972255,0.6278688524590164,	0.08929820470972255,0.6278688524590164,
308,71,230,	0.987012987012987,0.12459016393442623,	0.987012987012987,0.12459016393442623,
420,60,230,	0.5429769392033543,0.4245901639344262,	0.4889589905362776,0.2540983606557377,
444,60,230,	1.0,0.001639344262295082,	1.0,0.001639344262295082,
331,331,230,	0.38831615120274915,0.18524590163934426,	0.38831615120274915,0.18524590163934426,
297,112,150,	0.0975609756097561,0.25573770491803277,	0.09111880046136102,0.12950819672131147,
387,183,230,	0.02040816326530612,0.006557377049180328,	0.02127659574468085,0.006557377049180328,
444,7,230,	0.6627906976744186,0.09344262295081968,	0.6627906976744186,0.09344262295081968,
162,467,230,	0.3776824034334764,0.14426229508196722,	0.3776824034334764,0.14426229508196722,
420,150,230,	0.1276595744680851,0.009836065573770493,	0.16666666666666666,0.009836065573770493,
94,7,230,	0.4,0.003278688524590164,	0.4,0.003278688524590164,
375,186,230,	0.05263157894736842,0.013114754098360656,	0.05263157894736842,0.013114754098360656,
244,7,230,	0.7218543046357616,0.35737704918032787,	0.7218543046357616,0.35737704918032787,
94,94,230,	0.3972602739726027,0.1901639344262295,	0.3972602739726027,0.1901639344262295,
138,207,230,	0.632,0.25901639344262295,	0.632,0.25901639344262295,
375,440,230,	0.5444444444444444,0.16065573770491803,	0.5444444444444444,0.16065573770491803,
255,18,230,	1.0,0.16885245901639345,	1.0,0.11147540983606558,
466,229,230,	0.050243719535058115,0.21967213114754097,	0.060398078242964996,0.14426229508196722,
331,138,230,	0.12333333333333334,0.12131147540983607,	0.12333333333333334,0.12131147540983607,
230,399,230,	0.9474671669793621,0.8278688524590164,	0.9474671669793621,0.8278688524590164,
331,94,230,	0.4117647058823529,0.19508196721311474,	0.4117647058823529,0.19508196721311474,
108,345,230,	0.012165450121654502,0.09016393442622951,
420,72,58,	0.01015744032503809,0.32786885245901637,	0.010380919698009609,0.19836065573770492,
131,368,230,	0.050753507708297244,0.48032786885245904,	0.04051172707889126,0.03114754098360656,
409,172,230,	0.01155651859877212,0.31475409836065577,	0.012932501418037437,0.18688524590163935,
244,207,230,	0.5431472081218274,0.17540983606557378,	0.5431472081218274,0.17540983606557378,
375,375,230,	0.14734774066797643,0.12295081967213115,	0.14734774066797643,0.12295081967213115,
423,138,230,	1.0,0.003278688524590164,	1.0,0.003278688524590164,
375,237,230,	0.25567502986857826,0.35081967213114756,	0.25567502986857826,0.35081967213114756,
162,399,230,	0.23268206039076378,0.21475409836065573,	0.23268206039076378,0.21475409836065573,
162,138,230,	0.3153846153846154,0.20163934426229507,	0.3153846153846154,0.20163934426229507,
297,349,150,	0.10076045627376426,0.260655737704918,	0.0979689366786141,0.13442622950819672,
94,138,230,	0.13287904599659284,0.12786885245901639,	0.13287904599659284,0.12786885245901639,
186,94,230,	0.4838709677419355,0.02459016393442623,	0.4838709677419355,0.02459016393442623,
297,23,230,	0.7065217391304348,0.10655737704918032,	0.7457627118644068,0.07213114754098361,
297,207,230,	1.0,0.001639344262295082,
230,408,230,	0.8054662379421221,0.8213114754098361,	0.8054662379421221,0.8213114754098361,
375,467,230,	0.2286706349206349,0.7557377049180328,	0.2286706349206349,0.7557377049180328,
186,375,230,	0.36860068259385664,0.17704918032786884,	0.36860068259385664,0.17704918032786884,
94,375,230,	0.08123249299719888,0.047540983606557376,	0.08123249299719888,0.047540983606557376,
377,140,230,	0.11776447105788423,0.09672131147540984,	0.11776447105788423,0.09672131147540984,
444,183,230,	1.0,0.001639344262295082,	1.0,0.001639344262295082,
420,183,230,	0.38927738927738925,0.5475409836065573,	0.37453874538745385,0.33278688524590166,
399,138,230,	0.06451612903225806,0.009836065573770493,	0.06451612903225806,0.009836065573770493,
171,408,171,	0.33419689119170987,0.21147540983606558,	0.33419689119170987,0.21147540983606558,
331,423,230,	0.5333333333333333,0.02622950819672131,	0.5333333333333333,0.02622950819672131,
255,60,230,	0.38095238095238093,0.06557377049180328,	0.3684210526315789,0.04590163934426229,
96,333,230,	0.044444444444444446,0.07868852459016394,	0.6666666666666666,0.003278688524590164,
375,423,230,	0.05263157894736842,0.013114754098360656,	0.05263157894736842,0.013114754098360656,
15,252,230,	1.0,0.011475409836065573,	1.0,0.011475409836065573,
47,271,230,	0.03127792672028597,0.05737704918032787,
186,331,230,	0.48148148148148145,0.021311475409836064,	0.48148148148148145,0.021311475409836064,
420,349,150,	0.097,0.3180327868852459,	0.08823529411764706,0.18688524590163935,
138,94,230,	0.2682926829268293,0.036065573770491806,	0.2682926829268293,0.036065573770491806,
138,237,230,	0.42424242424242425,0.04590163934426229,	0.42424242424242425,0.04590163934426229,
0,331,230,	0.5131578947368421,0.06393442622950819,	0.5131578947368421,0.06393442622950819,
94,331,230,	0.39805825242718446,0.20163934426229507,	0.39805825242718446,0.20163934426229507,
375,399,230,	0.21061269146608316,0.6311475409836066,	0.21061269146608316,0.6311475409836066,
423,331,230,	0.48148148148148145,0.021311475409836064,	0.48148148148148145,0.021311475409836064,
420,207,230,	0.5,0.001639344262295082,
297,18,230,	0.3873239436619718,0.09016393442622951,	0.449438202247191,0.06557377049180328,
186,186,230,	1.0,0.29508196721311475,	1.0,0.29508196721311475,
244,375,230,	0.7184466019417476,0.24262295081967214,	0.7184466019417476,0.24262295081967214,
260,183,230,	0.5271317829457365,0.11147540983606558,	0.5172413793103449,0.07377049180327869,
230,467,171,	0.8697916666666666,0.8213114754098361,	0.8697916666666666,0.8213114754098361,
297,183,230,	0.47544642857142855,0.34918032786885245,	0.5086206896551724,0.19344262295081968,
420,18,230,	0.4207920792079208,0.13934426229508196,	0.45714285714285713,0.10491803278688525,
297,60,230,	1.0,0.5032786885245901,	1.0,0.26885245901639343,
423,375,230,	0.36860068259385664,0.17704918032786884,	0.36860068259385664,0.17704918032786884,
