324,55,	0.7272727272727273,0.009345794392523364,	0.5,0.0041841004184100415,
87,55,	1.0,0.009345794392523364,	1.0,0.0041841004184100415,
191,55,	1.0,0.7184579439252337,	1.0,0.7196652719665272,
416,55,	1.0,0.7336448598130841,	1.0,0.7280334728033473,
94,55,	0.125,0.002336448598130841,	0.2857142857142857,0.0041841004184100415,
428,55,	1.0,0.7184579439252337,	1.0,0.7196652719665272,
264,55,	0.2,0.005841121495327103,	0.16666666666666666,0.008368200836820083,
331,55,	0.125,0.002336448598130841,	0.2222222222222222,0.0041841004184100415,
301,3,	0.14950634696755993,0.12383177570093458,	0.16766467065868262,0.11715481171548117,
27,55,	0.21739130434782608,0.005841121495327103,	0.3333333333333333,0.008368200836820083,
179,55,	1.0,0.7336448598130841,	1.0,0.7280334728033473,
98,335,55,	0.043557642149191445,0.19509345794392524,
124,280,55,	0.07367922293295427,0.7266355140186916,
94,94,55,	0.6470588235294118,0.012850467289719626,	0.8571428571428571,0.012552301255230125,
207,444,3,	0.0625,0.016355140186915886,
428,331,55,	0.1111111111111111,0.0011682242990654205,	0.16666666666666666,0.0020920502092050207,
443,206,3,	0.03815580286168521,0.028037383177570093,	0.02252252252252252,0.010460251046025104,
390,153,55,	0.014492753623188406,0.005841121495327103,
94,244,55,	0.021164021164021163,0.004672897196261682,	0.010309278350515464,0.0020920502092050207,
379,142,55,	0.046254122820794726,0.6880841121495327,	0.07936507936507936,0.08368200836820083,
7,94,55,	1.0,0.004672897196261682,	1.0,0.0020920502092050207,
118,355,55,	0.04472222222222222,0.18808411214953272,
94,191,55,	0.08333333333333333,0.0011682242990654205,	0.2,0.0020920502092050207,
223,460,55,	0.39580602883355176,0.705607476635514,	0.44592592592592595,0.6297071129707112,
80,317,55,	0.021396396396396396,0.04439252336448598,	0.02962962962962963,0.03347280334728033,
207,244,55,	0.10227272727272728,0.010514018691588784,	0.13333333333333333,0.016736401673640166,
331,331,55,	0.6875,0.012850467289719626,	0.75,0.012552301255230125,
331,428,55,	0.08333333333333333,0.0011682242990654205,	0.14285714285714285,0.0020920502092050207,
79,355,55,	0.04187817258883249,0.1927570093457944,
331,244,55,	0.0223463687150838,0.004672897196261682,	0.010869565217391304,0.0020920502092050207,
191,331,55,	0.1111111111111111,0.0011682242990654205,	0.16666666666666666,0.0020920502092050207,
196,280,55,	0.07119628339140534,0.7161214953271028,
179,179,55,	1.0,0.7336448598130841,	1.0,0.7280334728033473,
7,138,55,	0.14046941678520625,0.4614485981308411,	0.14795244385733158,0.4686192468619247,
43,280,55,	0.07578796561604585,0.6179906542056075,
191,179,55,	1.0,0.5852803738317757,	1.0,0.5857740585774058,
416,331,55,	0.2222222222222222,0.002336448598130841,	0.3333333333333333,0.0041841004184100415,
7,244,55,	0.20393974507531865,0.616822429906542,	0.196053469127944,0.6443514644351465,
137,374,55,	0.06905263157894737,0.19158878504672897,	0.11866666666666667,0.18619246861924685,
7,444,55,	0.030927835051546393,0.010514018691588784,	0.0427807486631016,0.016736401673640166,
375,244,55,	0.22652582159624413,0.45093457943925236,	0.2154308617234469,0.4497907949790795,
179,191,55,	1.0,0.5852803738317757,	1.0,0.5857740585774058,
146,383,55,	0.08449304174950298,0.1985981308411215,	0.14336917562724014,0.16736401673640167,
179,428,55,	1.0,0.5852803738317757,	1.0,0.5857740585774058,
301,64,3,	0.12903225806451613,0.004672897196261682,	0.15384615384615385,0.008368200836820083,
428,179,55,	1.0,0.5852803738317757,	1.0,0.5857740585774058,
375,94,55,	0.4,0.002336448598130841,
79,316,55,	0.04408228693561315,0.1927570093457944,
331,94,55,	0.6666666666666666,0.018691588785046728,	0.7,0.014644351464435146,
428,416,55,	1.0,0.5852803738317757,	1.0,0.5857740585774058,
94,179,55,	0.125,0.002336448598130841,	0.2857142857142857,0.0041841004184100415,
7,331,55,	1.0,0.004672897196261682,	1.0,0.0020920502092050207,
196,433,55,	0.07266635859519409,0.7348130841121495,
389,152,55,	0.06656006396162302,0.7780373831775701,	0.12051282051282051,0.09832635983263599,
101,338,55,	0.05536723163841808,0.22897196261682243,	0.1007532956685499,0.22384937238493724,
55,292,55,	0.07536585365853658,0.7219626168224299,	0.3525073746312684,1.0,
416,428,55,	1.0,0.5852803738317757,	1.0,0.5857740585774058,
428,94,55,	0.1111111111111111,0.0011682242990654205,	0.25,0.0020920502092050207,
190,427,55,	0.019230769230769232,0.002336448598130841,	0.019230769230769232,0.0020920502092050207,
43,361,55,	0.07452265602735822,0.610981308411215,
179,416,55,	1.0,0.7336448598130841,	1.0,0.7280334728033473,
351,114,55,	0.11257406188281764,0.19976635514018692,
124,361,55,	0.07468102540091302,0.7453271028037384,
416,416,55,	1.0,0.7336448598130841,	1.0,0.7280334728033473,
179,331,55,	0.2222222222222222,0.002336448598130841,	0.3333333333333333,0.0041841004184100415,
331,179,55,	0.125,0.002336448598130841,	0.2222222222222222,0.0041841004184100415,
223,183,55,	1.0,0.0011682242990654205,
428,428,55,	1.0,0.7184579439252337,	1.0,0.7196652719665272,
420,183,55,	0.3333333333333333,0.0011682242990654205,
375,331,55,	0.4,0.002336448598130841,
207,427,55,	0.06363636363636363,0.016355140186915886,	0.08181818181818182,0.01882845188284519,
331,416,55,	0.125,0.002336448598130841,	0.2222222222222222,0.0041841004184100415,
378,141,55,	0.2901960784313726,0.08644859813084112,	0.3047619047619048,0.06694560669456066,
94,428,55,	0.08333333333333333,0.0011682242990654205,	0.2,0.0020920502092050207,
191,191,55,	1.0,0.7184579439252337,	1.0,0.7196652719665272,
43,433,55,	0.07500715717148583,0.6121495327102804,
124,433,55,	0.07446430685450456,0.7348130841121495,
55,240,3,	0.08687343818903424,0.6904205607476636,	0.2895069532237674,0.9581589958158996,
416,179,55,	1.0,0.7336448598130841,	1.0,0.7280334728033473,
94,331,55,	0.8,0.014018691588785047,	1.0,0.012552301255230125,
416,191,55,	1.0,0.5852803738317757,	1.0,0.5857740585774058,
428,191,55,	1.0,0.7184579439252337,	1.0,0.7196652719665272,
207,138,55,	0.08638272345530894,0.6728971962616822,	0.11238367931281316,0.6569037656903766,
196,361,55,	0.07128075419636698,0.7242990654205608,
301,64,55,	0.09447077409162717,0.3492990654205608,	0.1442986881937437,0.29916317991631797,
416,94,55,	0.18181818181818182,0.002336448598130841,	0.3333333333333333,0.0041841004184100415,
375,138,55,	0.026221131542676572,0.9112149532710281,	0.040473283876420324,0.9016736401673641,
31,268,55,	0.25,0.004672897196261682,	0.25,0.006276150627615063,
59,296,55,	0.06262663473936268,0.794392523364486,	0.109167671893848,0.7573221757322176,
4,241,55,	0.0167420814479638,0.04322429906542056,	0.03076923076923077,0.02510460251046025,
207,444,55,	0.09984496124031007,0.7523364485981309,	0.12504453152832204,0.7343096234309623,
94,416,55,	0.125,0.002336448598130841,	0.2857142857142857,0.0041841004184100415,
331,191,55,	0.08333333333333333,0.0011682242990654205,	0.14285714285714285,0.0020920502092050207,
443,206,55,	0.04693140794223827,0.1822429906542056,	0.033632286995515695,0.03138075313807531,
161,398,55,	0.09075770191507078,0.12733644859813084,
191,94,55,	0.1111111111111111,0.0011682242990654205,	0.25,0.0020920502092050207,
232,469,55,	0.06313416009019165,0.7850467289719626,	0.11508220157255182,0.3368200836820084,
179,94,55,	0.18181818181818182,0.002336448598130841,	0.3333333333333333,0.0041841004184100415,
118,316,55,	0.04649122807017544,0.18574766355140188,
191,416,55,	1.0,0.5852803738317757,	1.0,0.5857740585774058,
7,244,3,	0.06896551724137931,0.004672897196261682,	0.08333333333333333,0.008368200836820083,
191,428,55,	1.0,0.7184579439252337,	1.0,0.7196652719665272,
375,444,55,	0.04611951400942227,0.6518691588785047,	0.05610438024231128,0.6297071129707112,
