290,72,	0.09119496855345911,0.6236559139784946,
290,373,	0.08888888888888889,0.043010752688172046,
290,337,	0.15789473684210525,0.03225806451612903,
290,384,	0.06349206349206349,0.043010752688172046,
290,215,	0.047619047619047616,0.043010752688172046,
290,365,	0.2857142857142857,0.021505376344086023,
290,403,	0.23076923076923078,0.06451612903225806,
290,247,	0.02197802197802198,0.021505376344086023,
290,407,	0.07692307692307693,0.010752688172043012,
290,111,	0.03571428571428571,0.12903225806451613,
24,110,	0.36363636363636365,0.08602150537634409,	0.6666666666666666,0.14285714285714285,
290,410,	0.028735632183908046,0.053763440860215055,
24,347,	0.38095238095238093,0.08602150537634409,	0.8,0.14285714285714285,
290,12,72,	0.040059347181008904,0.2903225806451613,
290,31,72,	0.02593010146561443,0.24731182795698925,
24,173,72,	0.09027777777777778,0.27956989247311825,
290,150,295,	0.010174880763116057,0.6881720430107527,
24,116,353,	0.20588235294117646,0.15053763440860216,	0.3333333333333333,0.03571428571428571,
290,12,410,	0.018604651162790697,0.043010752688172046,
24,110,347,	0.9565217391304348,0.23655913978494625,	0.8571428571428571,0.21428571428571427,
290,150,279,	0.010001408649105507,0.7634408602150538,
24,166,403,	0.35714285714285715,0.26881720430107525,	1.0,0.03571428571428571,
290,31,410,	0.011904761904761904,0.03225806451612903,
290,248,72,	0.028985507246376812,0.06451612903225806,
290,2,72,	0.125,0.043010752688172046,
24,348,111,	0.06792452830188679,0.5806451612903226,	0.4,0.07142857142857142,
24,348,410,	0.08403361344537816,0.3225806451612903,	0.5,0.03571428571428571,
290,349,373,	0.0379746835443038,0.03225806451612903,
24,261,24,	0.4793814432989691,1.0,
290,344,72,	0.02443609022556391,0.13978494623655913,
290,112,111,	0.02064896755162242,0.22580645161290322,
24,278,41,	0.08928571428571429,0.16129032258064516,
290,249,72,	0.040372670807453416,0.27956989247311825,
24,75,73,	0.016313932980599646,0.3978494623655914,
290,107,72,	0.029850746268656716,0.17204301075268819,
24,327,90,	0.019001773498859894,0.8064516129032258,	0.01606425702811245,0.2857142857142857,
290,390,312,	0.013023255813953489,0.15053763440860216,
24,309,72,	0.04283604135893648,0.9354838709677419,	0.041666666666666664,0.07142857142857142,
24,154,391,	0.010490869058412122,0.8709677419354839,
290,83,73,	0.014797507788161994,0.40860215053763443,
24,158,395,	0.08,0.10752688172043011,
290,249,111,	0.036458333333333336,0.15053763440860216,
290,107,410,	0.02586206896551724,0.03225806451612903,
24,348,72,	0.062087186261558784,0.5053763440860215,
290,344,247,	0.03508771929824561,0.021505376344086023,
24,348,247,	0.11242603550295859,0.20430107526881722,
290,248,410,	0.02,0.010752688172043012,
24,211,448,	0.15,0.12903225806451613,
24,213,450,	0.08823529411764706,0.06451612903225806,
290,268,247,	0.028368794326241134,0.043010752688172046,
290,107,247,	0.043478260869565216,0.021505376344086023,
290,112,373,	0.05063291139240506,0.043010752688172046,
24,235,472,	0.0398936170212766,0.3225806451612903,
290,112,384,	0.02,0.021505376344086023,
24,173,247,	0.13392857142857142,0.16129032258064516,
24,147,384,	0.13043478260869565,0.25806451612903225,	0.15384615384615385,0.07142857142857142,
290,69,72,	0.0223463687150838,0.043010752688172046,
24,88,325,	0.030801911842804036,0.6236559139784946,	0.010416666666666666,0.03571428571428571,
24,310,73,	0.018296739853626082,0.5913978494623656,
24,452,215,	0.1978021978021978,0.3870967741935484,	0.5,0.10714285714285714,
24,353,116,	0.16129032258064516,0.10752688172043011,	0.25,0.03571428571428571,
24,309,111,	0.04741833508956796,0.4838709677419355,
290,349,72,	0.026041666666666668,0.4838709677419355,
290,12,247,	0.031914893617021274,0.03225806451612903,
24,185,422,	0.061855670103092786,0.06451612903225806,
290,248,111,	0.05714285714285714,0.06451612903225806,
290,249,410,	0.014492753623188406,0.03225806451612903,
24,123,360,	0.08641975308641975,0.07526881720430108,
290,268,111,	0.018108651911468814,0.0967741935483871,
290,268,72,	0.025612472160356347,0.24731182795698925,
290,239,72,	0.09411764705882353,0.08602150537634409,
24,173,111,	0.09259259259259259,0.3763440860215054,	0.3333333333333333,0.03571428571428571,
24,170,407,	0.08885017421602788,0.5483870967741935,	0.5,0.07142857142857142,
290,349,410,	0.011131725417439703,0.06451612903225806,
24,225,462,	0.06965174129353234,0.15053763440860216,
290,83,312,	0.0129136400322841,0.17204301075268819,
24,10,72,	0.08064516129032258,0.10752688172043011,
24,14,251,	0.1323529411764706,0.0967741935483871,
290,2,111,	0.047619047619047616,0.010752688172043012,
290,349,111,	0.01848249027237354,0.20430107526881722,
290,349,247,	0.024390243902439025,0.06451612903225806,
24,10,410,	0.11009174311926606,0.12903225806451613,
290,11,72,	0.02654867256637168,0.06451612903225806,
24,310,312,	0.01750700280112045,0.26881720430107525,
24,82,319,	0.02510460251046025,0.12903225806451613,
290,107,111,	0.03018867924528302,0.08602150537634409,
24,42,279,	0.010428410372040587,0.7956989247311828,
24,10,247,	0.125,0.46236559139784944,	0.1,0.03571428571428571,
24,309,247,	0.054878048780487805,0.0967741935483871,
290,11,410,	0.02,0.010752688172043012,
24,347,110,	0.9090909090909091,0.21505376344086022,	1.0,0.17857142857142858,
290,69,111,	0.020202020202020204,0.021505376344086023,
24,2,239,	1.0,0.010752688172043012,	1.0,0.03571428571428571,
24,371,134,	0.09554140127388536,0.16129032258064516,	0.041666666666666664,0.03571428571428571,
290,31,111,	0.015503875968992248,0.08602150537634409,
290,22,321,	0.01288659793814433,0.4838709677419355,
290,268,373,	0.02631578947368421,0.010752688172043012,
290,344,410,	0.015267175572519083,0.021505376344086023,
24,56,293,	0.010838494521200571,0.978494623655914,
290,11,111,	0.05172413793103448,0.06451612903225806,
290,390,73,	0.015471167369901548,0.3548387096774194,
290,239,111,	0.07462686567164178,0.053763440860215055,
290,112,410,	0.011450381679389313,0.06451612903225806,
24,309,410,	0.04157549234135667,0.20430107526881722,
290,344,111,	0.022222222222222223,0.06451612903225806,
290,53,24,	0.62,1.0,
290,306,111,	0.0196078431372549,0.021505376344086023,
24,75,312,	0.02634245187436677,0.27956989247311825,
24,216,453,	0.021021021021021023,0.15053763440860216,
290,31,247,	0.046052631578947366,0.07526881720430108,
24,214,451,	0.011718011718011718,0.6666666666666666,
24,346,109,	0.01637107776261937,0.5161290322580645,	0.0231023102310231,0.25,
290,60,295,	0.01694915254237288,0.010752688172043012,
24,85,322,	0.015748031496062992,0.06451612903225806,
290,306,72,	0.031578947368421054,0.06451612903225806,
24,201,438,	0.0196078431372549,0.06451612903225806,
290,112,247,	0.020491803278688523,0.053763440860215055,
290,112,72,	0.02702702702702703,0.4946236559139785,
290,31,384,	0.01639344262295082,0.010752688172043012,
24,136,373,	0.29906542056074764,0.34408602150537637,	0.6,0.10714285714285714,
290,12,111,	0.03588516746411483,0.16129032258064516,
24,173,410,	0.1683673469387755,0.3548387096774194,	0.5,0.03571428571428571,
290,183,295,	0.01732283464566929,0.11827956989247312,
24,1,238,	0.07,0.07526881720430108,
24,58,295,	0.010950332420805632,0.6021505376344086,	0.014084507042253521,0.03571428571428571,
290,268,410,	0.012711864406779662,0.03225806451612903,
24,10,111,	0.07589285714285714,0.1827956989247312,
