221,268,	0.07142857142857142,0.07777777777777778,	0.12727272727272726,0.25,
221,31,	0.08045977011494253,0.07777777777777778,	0.13725490196078433,0.25,
221,239,	0.08571428571428572,0.03333333333333333,	0.2,0.03571428571428571,
221,344,	0.031746031746031744,0.022222222222222223,
221,107,	0.05660377358490566,0.03333333333333333,
221,226,	0.25,0.022222222222222223,
221,12,	0.09523809523809523,0.06666666666666667,	0.2222222222222222,0.07142857142857142,
221,463,	0.2,0.022222222222222223,
221,349,	0.05913978494623656,0.12222222222222222,	0.10975609756097561,0.32142857142857145,
221,2,	0.12121212121212122,0.044444444444444446,	0.08333333333333333,0.03571428571428571,
221,249,	0.08823529411764706,0.06666666666666667,	0.14285714285714285,0.07142857142857142,
221,112,	0.0582010582010582,0.12222222222222222,	0.1111111111111111,0.32142857142857145,
221,31,112,	0.09787234042553192,0.25555555555555554,	0.1016949152542373,0.42857142857142855,
221,23,260,	0.07975460122699386,0.14444444444444443,	0.024390243902439025,0.07142857142857142,
221,111,173,	0.09055118110236221,0.25555555555555554,	0.11224489795918367,0.39285714285714285,
221,112,107,	0.03773584905660377,0.022222222222222223,
221,349,249,	0.061068702290076333,0.08888888888888889,	0.0392156862745098,0.07142857142857142,
221,60,260,	0.02834008097165992,0.07777777777777778,	0.016129032258064516,0.03571428571428571,
221,60,420,	0.027464788732394368,0.43333333333333335,	0.011764705882352941,0.17857142857142858,
221,23,297,	0.010973936899862825,0.08888888888888889,
221,11,349,	0.0106951871657754,0.022222222222222223,
221,141,378,	0.42105263157894735,0.08888888888888889,	0.5,0.17857142857142858,
221,344,112,	0.012145748987854251,0.03333333333333333,
221,107,107,	0.1780821917808219,0.28888888888888886,	0.14285714285714285,0.14285714285714285,
221,384,147,	0.8,0.044444444444444446,
221,176,413,	0.029787234042553193,0.07777777777777778,
221,112,31,	0.07051282051282051,0.24444444444444444,	0.08955223880597014,0.42857142857142855,
221,248,112,	0.011363636363636364,0.022222222222222223,
221,455,218,	0.02857142857142857,0.1,	0.01020408163265306,0.03571428571428571,
221,12,344,	0.0707070707070707,0.07777777777777778,
221,249,112,	0.03908794788273615,0.13333333333333333,	0.04672897196261682,0.17857142857142858,
221,344,12,	0.072,0.1,
221,268,349,	0.07516339869281045,0.25555555555555554,	0.08163265306122448,0.42857142857142855,
221,249,31,	0.045454545454545456,0.06666666666666667,	0.06451612903225806,0.14285714285714285,
221,239,2,	0.11688311688311688,0.1,	0.11764705882352941,0.07142857142857142,
221,112,349,	0.06202723146747353,0.45555555555555555,	0.05905511811023622,0.5357142857142857,
221,256,19,	0.6666666666666666,0.022222222222222223,	0.5,0.03571428571428571,
221,72,348,	0.03067484662576687,0.1111111111111111,	0.023809523809523808,0.07142857142857142,
221,410,173,	0.13953488372093023,0.26666666666666666,	0.14666666666666667,0.39285714285714285,
221,390,153,	0.029535864978902954,0.3888888888888889,
221,249,107,	0.08080808080808081,0.08888888888888889,
221,268,112,	0.07718120805369127,0.25555555555555554,	0.08391608391608392,0.42857142857142855,
221,112,12,	0.08527131782945736,0.12222222222222222,	0.057692307692307696,0.10714285714285714,
221,107,11,	0.0958904109589041,0.07777777777777778,	0.0625,0.03571428571428571,
221,463,226,	1.0,0.1,	1.0,0.03571428571428571,
221,31,249,	0.043478260869565216,0.022222222222222223,	0.045454545454545456,0.03571428571428571,
221,460,223,	0.07279693486590039,0.4222222222222222,	0.08387096774193549,0.4642857142857143,
221,31,12,	0.058823529411764705,0.03333333333333333,	0.08333333333333333,0.07142857142857142,
221,174,411,	0.11627906976744186,0.05555555555555555,	0.09523809523809523,0.07142857142857142,
221,175,412,	0.011251758087201125,0.26666666666666666,
221,30,267,	0.027777777777777776,0.022222222222222223,
221,326,89,	0.0975609756097561,0.08888888888888889,	0.23076923076923078,0.10714285714285714,
221,410,348,	0.10638297872340426,0.2777777777777778,	0.11009174311926606,0.42857142857142855,
221,249,349,	0.04153354632587859,0.14444444444444443,	0.05263157894736842,0.21428571428571427,
221,12,268,	0.016666666666666666,0.022222222222222223,	0.019230769230769232,0.03571428571428571,
221,11,112,	0.010471204188481676,0.022222222222222223,
221,344,249,	0.07692307692307693,0.1111111111111111,
221,31,268,	0.15,0.26666666666666666,	0.14634146341463414,0.42857142857142855,
221,11,248,	0.28,0.15555555555555556,	0.42857142857142855,0.10714285714285714,
221,23,420,	0.012942191544434857,0.16666666666666666,
221,249,11,	0.03278688524590164,0.022222222222222223,
221,349,268,	0.07308970099667775,0.24444444444444444,	0.0916030534351145,0.42857142857142855,
221,22,259,	0.010940919037199124,0.2777777777777778,
221,19,256,	0.8333333333333334,0.05555555555555555,	0.5,0.03571428571428571,
221,248,11,	0.24615384615384617,0.17777777777777778,	0.19047619047619047,0.14285714285714285,
221,107,249,	0.08823529411764706,0.1,
221,72,309,	0.05425531914893617,0.5666666666666667,	0.04285714285714286,0.42857142857142855,
221,11,107,	0.0821917808219178,0.06666666666666667,	0.09090909090909091,0.03571428571428571,
221,248,248,	0.21666666666666667,0.14444444444444443,	0.16666666666666666,0.10714285714285714,
221,263,26,	0.17222222222222222,0.34444444444444444,	0.25,0.5,
221,349,12,	0.07692307692307693,0.1111111111111111,	0.03773584905660377,0.07142857142857142,
221,268,31,	0.1452513966480447,0.28888888888888886,	0.14634146341463414,0.42857142857142855,
221,344,344,	0.1569767441860465,0.3,	0.08163265306122448,0.14285714285714285,
221,306,69,	0.7777777777777778,0.07777777777777778,	1.0,0.10714285714285714,
221,60,297,	0.04757185332011893,0.5333333333333333,	0.03543307086614173,0.32142857142857145,
221,12,249,	0.14563106796116504,0.3333333333333333,	0.16666666666666666,0.17857142857142858,
221,247,10,	0.5714285714285714,0.044444444444444446,	1.0,0.03571428571428571,
221,248,249,	0.02666666666666667,0.022222222222222223,
221,12,248,	0.0625,0.03333333333333333,	0.5,0.03571428571428571,
221,69,306,	1.0,0.07777777777777778,	1.0,0.10714285714285714,
221,107,248,	0.09375,0.06666666666666667,	0.07142857142857142,0.03571428571428571,
221,12,11,	0.03773584905660377,0.022222222222222223,
221,112,11,	0.1,0.03333333333333333,
221,414,177,	0.3125,0.05555555555555555,
221,53,290,	0.02766798418972332,0.07777777777777778,
221,248,349,	0.011428571428571429,0.022222222222222223,
221,112,344,	0.05084745762711865,0.03333333333333333,
221,323,86,	0.015873015873015872,0.022222222222222223,
221,344,248,	0.07228915662650602,0.06666666666666667,	0.03225806451612903,0.03571428571428571,
221,2,239,	0.09844559585492228,0.2111111111111111,	0.09333333333333334,0.25,
221,12,12,	0.15789473684210525,0.3333333333333333,	0.17857142857142858,0.17857142857142858,
221,112,249,	0.06201550387596899,0.08888888888888889,	0.04081632653061224,0.07142857142857142,
221,458,221,	0.37344398340248963,1.0,	1.0,0.35714285714285715,
221,111,348,	0.09172259507829977,0.45555555555555555,	0.09655172413793103,0.5,
221,83,153,	0.014698677119059285,0.3333333333333333,
221,328,91,	0.014982293652955598,0.6111111111111112,
221,177,414,	0.29411764705882354,0.05555555555555555,
221,236,473,	0.15384615384615385,0.06666666666666667,	0.08333333333333333,0.10714285714285714,
221,12,31,	0.024,0.03333333333333333,	0.018518518518518517,0.03571428571428571,
221,249,248,	0.05172413793103448,0.03333333333333333,	0.2,0.03571428571428571,
221,183,420,	0.018658892128279883,0.7111111111111111,	0.01112565445026178,0.6071428571428571,
221,404,167,	0.011737978038621734,0.34444444444444444,
221,12,349,	0.03597122302158273,0.1111111111111111,	0.0425531914893617,0.14285714285714285,
221,12,112,	0.03597122302158273,0.1111111111111111,	0.045454545454545456,0.14285714285714285,
221,349,31,	0.08013937282229965,0.25555555555555554,	0.09302325581395349,0.42857142857142855,
221,11,12,	0.05454545454545454,0.03333333333333333,	0.06666666666666667,0.03571428571428571,
221,372,135,	0.028846153846153848,0.03333333333333333,	0.06666666666666667,0.03571428571428571,
221,349,112,	0.06317411402157165,0.45555555555555555,	0.05905511811023622,0.5357142857142857,
221,12,107,	0.09278350515463918,0.1,
221,31,31,	0.14743589743589744,0.25555555555555554,	0.14814814814814814,0.42857142857142855,
221,248,12,	0.028169014084507043,0.022222222222222223,
221,18,255,	0.5,0.011111111111111112,
221,268,249,	0.05357142857142857,0.03333333333333333,	0.034482758620689655,0.03571428571428571,
221,226,463,	1.0,0.07777777777777778,	1.0,0.03571428571428571,
221,344,11,	0.07368421052631578,0.07777777777777778,	0.027777777777777776,0.03571428571428571,
221,112,248,	0.12121212121212122,0.044444444444444446,
221,31,349,	0.0942622950819672,0.25555555555555554,	0.096,0.42857142857142855,
221,183,297,	0.014846743295019157,0.34444444444444444,
221,111,26,	0.10714285714285714,0.2,	0.15789473684210525,0.32142857142857145,
221,315,78,	0.1111111111111111,0.12222222222222222,	1.0,0.03571428571428571,
221,83,320,	0.013011592145729832,0.6111111111111112,
221,349,344,	0.04838709677419355,0.03333333333333333,
221,349,248,	0.11764705882352941,0.044444444444444446,
221,349,107,	0.04838709677419355,0.03333333333333333,
221,268,268,	0.12637362637362637,0.25555555555555554,	0.14285714285714285,0.42857142857142855,
221,11,344,	0.0759493670886076,0.06666666666666667,	0.06666666666666667,0.03571428571428571,
221,249,249,	0.13333333333333333,0.3333333333333333,	0.09259259259259259,0.17857142857142858,
221,72,173,	0.041666666666666664,0.06666666666666667,	0.05405405405405406,0.07142857142857142,
221,249,12,	0.16444444444444445,0.4111111111111111,	0.14814814814814814,0.2857142857142857,
221,249,268,	0.03875968992248062,0.05555555555555555,	0.06666666666666667,0.14285714285714285,
221,304,67,	0.03225806451612903,0.3,	0.03571428571428571,0.10714285714285714,
221,337,100,	0.10638297872340426,0.1111111111111111,	0.10344827586206896,0.10714285714285714,
221,329,92,	0.012080536912751677,0.2,
221,344,107,	0.15469613259668508,0.3111111111111111,	0.09433962264150944,0.17857142857142858,
221,263,348,	0.09615384615384616,0.16666666666666666,	0.1076923076923077,0.25,
221,11,11,	0.2653061224489796,0.14444444444444443,	0.375,0.10714285714285714,
221,249,344,	0.05555555555555555,0.06666666666666667,
221,107,344,	0.19718309859154928,0.3111111111111111,	0.13333333333333333,0.14285714285714285,
221,349,349,	0.060092449922958396,0.43333333333333335,	0.05905511811023622,0.5357142857142857,
221,349,11,	0.0967741935483871,0.03333333333333333,
221,111,309,	0.0821917808219178,0.13333333333333333,	0.034482758620689655,0.07142857142857142,
221,112,112,	0.0593607305936073,0.43333333333333335,	0.05952380952380952,0.5357142857142857,
221,390,320,	0.014469453376205787,0.4,
221,406,169,	0.04819277108433735,0.044444444444444446,
221,11,249,	0.05555555555555555,0.03333333333333333,	0.0625,0.03571428571428571,
221,248,107,	0.07692307692307693,0.07777777777777778,	0.047619047619047616,0.03571428571428571,
221,181,418,	0.3333333333333333,0.03333333333333333,
221,192,429,	0.17647058823529413,0.06666666666666667,	0.3333333333333333,0.03571428571428571,
221,112,268,	0.06811145510835913,0.24444444444444444,	0.08888888888888889,0.42857142857142855,
221,373,136,	0.5,0.011111111111111112,	0.5,0.03571428571428571,
221,287,50,	0.026077097505668934,0.25555555555555554,	0.017857142857142856,0.10714285714285714,
221,16,253,	0.2926829268292683,0.5333333333333333,	0.25,0.5,
221,248,344,	0.07291666666666667,0.07777777777777778,	0.043478260869565216,0.03571428571428571,
221,410,309,	0.1,0.06666666666666667,	0.06451612903225806,0.07142857142857142,
221,407,170,	1.0,0.011111111111111112,
221,183,260,	0.019438444924406047,0.1,	0.011904761904761904,0.07142857142857142,
221,268,12,	0.06451612903225806,0.044444444444444446,	0.06451612903225806,0.07142857142857142,
221,107,12,	0.08080808080808081,0.08888888888888889,
221,70,307,	0.012170385395537525,0.06666666666666667,
