14,	0.05063291139240506,0.041666666666666664,	0.05063291139240506,0.041884816753926704,
173,	0.0106951871657754,0.16666666666666666,	0.010705921712947474,0.16753926701570682,
213,	0.01675977653631285,0.015625,	0.017045454545454544,0.015706806282722512,
348,	0.010833200573522384,0.3541666666666667,
353,158,	0.14285714285714285,0.046875,	0.11475409836065574,0.03664921465968586,
110,158,	0.29411764705882354,0.026041666666666668,	0.29411764705882354,0.02617801047120419,
396,158,	0.09523809523809523,0.010416666666666666,
347,158,	0.5,0.026041666666666668,	0.5,0.02617801047120419,
116,158,	0.13846153846153847,0.046875,	0.1111111111111111,0.03664921465968586,
159,158,	0.08333333333333333,0.010416666666666666,
309,410,158,	0.09489704565801253,0.5520833333333334,	0.09961685823754789,0.5445026178010471,
170,111,158,	0.10535117056856187,0.328125,	0.10623946037099494,0.3298429319371728,
85,322,158,	0.015748031496062992,0.03125,
123,360,158,	0.03690036900369004,0.052083333333333336,
452,373,158,	0.2802547770700637,0.22916666666666666,	0.2866666666666667,0.225130890052356,
309,72,158,	0.040803247169408245,0.9947916666666666,	0.044100398780201736,0.9842931937172775,
10,72,158,	0.13636363636363635,0.140625,	0.13636363636363635,0.14136125654450263,
1,238,158,	0.0847457627118644,0.078125,
346,109,158,	0.012015018773466833,0.75,	0.013849092645654251,0.6073298429319371,
185,422,158,	0.023255813953488372,0.052083333333333336,	0.01282051282051282,0.005235602094240838,
14,251,158,	0.2023121387283237,0.18229166666666666,
348,247,158,	0.19801980198019803,0.4166666666666667,	0.20153061224489796,0.41361256544502617,
452,247,158,	0.29411764705882354,0.3645833333333333,	0.3,0.3612565445026178,
348,407,158,	0.10714285714285714,0.265625,	0.10991379310344827,0.2670157068062827,
348,111,158,	0.07645525629887055,0.9166666666666666,	0.07655293088363954,0.9162303664921466,
173,407,158,	0.1036036036036036,0.11979166666666667,	0.10407239819004525,0.12041884816753927,
136,410,158,	0.2653061224489796,0.203125,	0.2653061224489796,0.20418848167539266,
309,263,158,	0.03333333333333333,0.010416666666666666,	0.03508771929824561,0.010471204188481676,
136,373,158,	0.26332288401253917,0.4375,	0.2709030100334448,0.42408376963350786,
235,472,158,	0.022781366882012922,0.3489583333333333,	0.020527859237536656,0.25654450261780104,
309,247,158,	0.17543859649122806,0.15625,	0.18518518518518517,0.15706806282722513,
75,73,158,	0.012213740458015267,0.5833333333333334,	0.01148705096073517,0.2879581151832461,
348,72,158,	0.06883365200764818,0.75,	0.06881616939364774,0.7486910994764397,
10,373,158,	0.25,0.171875,	0.23622047244094488,0.15706806282722513,
75,312,158,	0.019837232960325534,0.609375,	0.042483660130718956,0.06806282722513089,
371,134,158,	0.06129807692307692,0.265625,	0.06129807692307692,0.2670157068062827,
327,90,158,	0.011697660467906419,0.8125,	0.012453300124533,0.7853403141361257,
173,111,158,	0.11587591240875912,0.6614583333333334,	0.11570247933884298,0.6596858638743456,
309,111,158,	0.06970387243735764,0.796875,	0.07414634146341463,0.7958115183246073,
309,373,158,	0.16666666666666666,0.10416666666666667,	0.17699115044247787,0.10471204188481675,
40,277,158,	0.19594594594594594,0.15104166666666666,
10,111,158,	0.19545454545454546,0.4479166666666667,	0.1976470588235294,0.4397905759162304,
348,373,158,	0.22878228782287824,0.3229166666666667,	0.23754789272030652,0.32460732984293195,
173,410,158,	0.19880418535127056,0.6927083333333334,	0.19640179910044978,0.6858638743455497,
136,247,158,	0.2827586206896552,0.21354166666666666,	0.29411764705882354,0.2094240837696335,
173,72,158,	0.08139534883720931,0.4375,	0.08089668615984405,0.43455497382198954,
310,312,158,	0.010242354298903635,0.7395833333333334,	0.0547945205479452,0.020942408376963352,
348,348,158,	0.25,0.005208333333333333,	0.25,0.005235602094240838,
225,462,158,	0.08215962441314555,0.18229166666666666,
111,111,158,	0.14285714285714285,0.005208333333333333,	0.14285714285714285,0.005235602094240838,
111,410,158,	0.3333333333333333,0.005208333333333333,	0.3333333333333333,0.005235602094240838,
348,263,158,	0.08695652173913043,0.010416666666666666,	0.08695652173913043,0.010471204188481676,
82,319,158,	0.01557632398753894,0.078125,	0.02066115702479339,0.02617801047120419,
348,215,158,	0.24233128834355827,0.4114583333333333,	0.24233128834355827,0.41361256544502617,
452,410,158,	0.3,0.265625,	0.31097560975609756,0.2670157068062827,
116,353,158,	0.3522727272727273,0.16145833333333334,	0.3488372093023256,0.15706806282722513,
166,403,158,	0.3208955223880597,0.22395833333333334,	0.35964912280701755,0.21465968586387435,
452,215,158,	0.3288409703504043,0.6354166666666666,	0.33240997229916897,0.6282722513089005,
147,384,158,	0.10513447432762836,0.22395833333333334,	0.10893854748603352,0.20418848167539266,
201,438,158,	0.0196078431372549,0.11458333333333333,
83,320,158,	0.018518518518518517,0.005208333333333333,
26,111,158,	0.021739130434782608,0.010416666666666666,	0.021739130434782608,0.010471204188481676,
452,111,158,	0.25956284153005466,0.4947916666666667,	0.26912181303116145,0.4973821989528796,
111,348,158,	1.0,0.005208333333333333,	1.0,0.005235602094240838,
136,215,158,	0.2826086956521739,0.203125,	0.2826086956521739,0.20418848167539266,
136,72,158,	0.1523809523809524,0.08333333333333333,	0.15384615384615385,0.08376963350785341,
213,450,158,	0.14814814814814814,0.14583333333333334,
10,410,158,	0.19791666666666666,0.19791666666666666,	0.19895287958115182,0.19895287958115182,
170,407,158,	0.10560146923783287,0.5989583333333334,	0.10710900473933649,0.5916230366492147,
173,348,158,	1.0,0.005208333333333333,	1.0,0.005235602094240838,
75,320,158,	0.08,0.020833333333333332,
136,111,158,	0.23703703703703705,0.3333333333333333,	0.23703703703703705,0.33507853403141363,
147,247,158,	0.061224489795918366,0.078125,	0.061946902654867256,0.07329842931937172,
452,72,158,	0.16535433070866143,0.109375,	0.17647058823529413,0.1099476439790576,
10,247,158,	0.19850187265917604,0.5520833333333334,	0.20392156862745098,0.5445026178010471,
309,215,158,	0.1510791366906475,0.109375,	0.15789473684210525,0.1099476439790576,
10,215,158,	0.24,0.25,	0.24,0.2513089005235602,
158,395,158,	0.9365853658536586,1.0,	1.0,0.15706806282722513,
170,410,158,	0.09428571428571429,0.171875,	0.0953757225433526,0.17277486910994763,
278,41,158,	0.1187800963081862,0.3854166666666667,	0.17391304347826086,0.041884816753926704,
173,247,158,	0.1711229946524064,0.16666666666666666,	0.17391304347826086,0.16753926701570682,
10,384,158,	0.08015267175572519,0.109375,	0.0784313725490196,0.10471204188481675,
26,263,158,	0.2857142857142857,0.010416666666666666,	0.2857142857142857,0.010471204188481676,
88,325,158,	0.02027633231652611,0.5885416666666666,	0.021145165122356854,0.46596858638743455,
348,410,158,	0.11212814645308924,0.765625,	0.1117061973986228,0.7643979057591623,
376,139,158,	0.18125,0.15104166666666666,
173,373,158,	0.20666666666666667,0.16145833333333334,	0.21379310344827587,0.16230366492146597,
173,215,158,	0.22285714285714286,0.203125,	0.22285714285714286,0.20418848167539266,
310,320,158,	0.018957345971563982,0.020833333333333332,
211,448,158,	0.16516516516516516,0.2864583333333333,	0.3,0.015706806282722512,
182,419,158,	0.012738853503184714,0.010416666666666666,
353,116,158,	0.3522727272727273,0.16145833333333334,	0.3488372093023256,0.15706806282722513,
216,453,158,	0.011111111111111112,0.13541666666666666,
