288,130,	0.04285714285714286,0.002803738317757009,
405,104,	0.49482596425211667,0.983177570093458,
288,183,	0.10426540284360189,0.020560747663551402,
104,375,	0.03404255319148936,0.007476635514018692,
104,331,	0.41541950113378684,0.8560747663551402,	0.32,0.8,
168,104,	0.49413970932958273,0.9850467289719627,
104,94,	0.39338399642378186,0.822429906542056,	0.34782608695652173,0.8,
104,96,333,	0.07144086761921156,0.7757009345794392,
104,297,60,	1.0,0.23551401869158878,	1.0,0.2,
104,77,314,	0.08893109998273183,0.48130841121495327,	0.1,1.0,
104,444,7,	0.012454710144927536,0.0514018691588785,	0.018867924528301886,0.1,
104,375,94,	0.05982905982905983,0.026168224299065422,
104,94,190,	0.8554216867469879,0.06635514018691589,	0.5,0.1,
104,427,0,	0.2712765957446808,0.5242990654205607,	0.2727272727272727,0.6,
104,331,94,	0.252030519320699,0.9570093457943926,	0.1694915254237288,1.0,
104,237,0,	0.6726943942133815,0.6953271028037383,	0.6363636363636364,0.7,
104,94,331,	0.24163918982571833,0.9588785046728971,	0.16393442622950818,1.0,
104,427,331,	0.05594956658786446,0.06635514018691589,	0.07142857142857142,0.1,
104,138,190,	0.9979013641133263,0.888785046728972,	1.0,0.9,
104,108,345,	0.03509423068992536,0.7953271028037383,
104,138,207,	0.9635666347075743,0.9392523364485982,	0.9090909090909091,1.0,
104,427,190,	1.0,0.9327102803738317,	1.0,1.0,
104,237,190,	1.0,0.5242990654205607,	1.0,0.6,
104,427,94,	0.05399239543726236,0.06635514018691589,	0.06666666666666667,0.1,
104,444,375,	0.2120253164556962,0.9392523364485982,	0.18867924528301888,1.0,
405,104,375,	0.03272727272727273,0.008411214953271028,
104,472,235,	0.32647462277091904,0.22242990654205608,
288,51,104,	0.4876873661670236,0.8514018691588785,
168,104,94,	0.30404769375588325,0.905607476635514,
104,230,467,	0.057838376291869005,0.8682242990654205,	0.030508474576271188,0.9,
104,71,308,	1.0,0.7504672897196262,	1.0,0.7,
104,331,331,	0.24687199230028875,0.9588785046728971,	0.16393442622950818,1.0,
104,78,315,	0.18313953488372092,0.23551401869158878,	0.2727272727272727,0.3,
104,138,331,	0.011558854718981973,0.10186915887850467,
104,244,7,	0.3618421052631579,0.0514018691588785,	0.5,0.1,
442,205,104,	0.37900552486187844,0.9616822429906542,	1.0,1.0,
104,94,375,	0.1412639405204461,0.07102803738317758,	0.14285714285714285,0.1,
104,427,308,	1.0,0.5663551401869159,	1.0,0.6,
104,427,375,	0.2847761194029851,0.891588785046729,	0.21428571428571427,0.9,
104,171,408,	0.3252122554448136,0.8233644859813084,	0.20408163265306123,1.0,
104,297,183,	0.20304568527918782,0.037383177570093455,	0.5,0.1,
104,444,190,	1.0,0.011214953271028037,
104,71,190,	1.0,0.5663551401869159,	1.0,0.6,
104,331,375,	0.11825726141078838,0.05327102803738318,	0.14285714285714285,0.1,
104,444,207,	0.8112,0.9476635514018692,	0.7692307692307693,1.0,
104,138,375,	0.11307031077804716,0.9588785046728971,	0.09345794392523364,1.0,
104,331,190,	0.8554216867469879,0.06635514018691589,	0.5,0.1,
104,409,172,	0.015842281288505546,0.3364485981308411,
104,94,94,	0.24450811843361986,0.9570093457943926,	0.1724137931034483,1.0,
104,341,104,	0.19924683327627524,0.5439252336448598,	1.0,1.0,
104,427,207,	1.0,0.011214953271028037,
104,200,437,	0.39175769612711026,0.7373831775700934,	0.375,0.9,
104,120,357,	0.3617200674536256,0.8018691588785046,	0.16279069767441862,0.7,
104,420,183,	0.13176696894751305,0.8962616822429906,	0.08490566037735849,0.9,
168,104,331,	0.31157178217821785,0.9411214953271028,
104,466,229,	0.18890356671070013,0.9355140186915888,	0.11904761904761904,1.0,
104,162,399,	0.35680304471931495,0.7009345794392523,	0.15789473684210525,0.6,
104,375,138,	0.02219151875863535,0.9757009345794393,	0.011534025374855825,1.0,
104,131,368,	0.021495839094252994,0.7700934579439253,
405,104,94,	0.3049087476400252,0.905607476635514,
405,104,331,	0.3127329192546584,0.9411214953271028,
104,260,23,	0.8353413654618473,0.19439252336448598,	1.0,0.2,
104,244,207,	1.0,0.0514018691588785,	1.0,0.1,
104,375,331,	0.0794044665012407,0.029906542056074768,
168,104,375,	0.032490974729241874,0.008411214953271028,
