346,	0.011231748408835642,0.02982107355864811,
182,182,	0.8888888888888888,0.007952286282306162,	0.8888888888888888,0.009791921664626682,
219,182,	0.6,0.002982107355864811,
346,182,	0.13333333333333333,0.0019880715705765406,	0.14285714285714285,0.002457002457002457,
182,56,	1.0,0.016898608349900597,	1.0,0.025297619047619048,
429,111,182,	0.4745254745254745,0.4721669980119284,	0.48847926267281105,0.5208845208845209,
310,312,182,	0.12538540596094552,0.4850894632206759,
310,73,182,	0.0939377389404697,0.5129224652087475,	0.02564102564102564,0.0012285012285012285,
429,348,182,	1.0,0.0019880715705765406,	1.0,0.002457002457002457,
349,31,182,	0.017241379310344827,0.0019880715705765406,	0.020618556701030927,0.002577319587628866,
10,247,182,	0.125,0.009940357852882704,	0.125,0.012300123001230012,
26,268,182,	0.5833333333333334,0.006958250497017893,	0.6,0.007371007371007371,
211,448,182,	0.21739130434782608,0.004970178926441352,	0.16666666666666666,0.0012300123001230013,
348,410,182,	0.15580478933010003,0.510934393638171,	0.15674740484429064,0.5565110565110565,
173,247,182,	0.06557377049180328,0.003976143141153081,	0.06557377049180328,0.004914004914004914,
429,72,182,	0.6,0.002982107355864811,	0.75,0.0036855036855036856,
136,410,182,	0.011363636363636364,0.002982107355864811,	0.01293103448275862,0.0036900369003690036,
26,72,182,	0.46120689655172414,0.10636182902584493,	0.4467005076142132,0.10810810810810811,
349,112,182,	0.3333333333333333,0.0019880715705765406,	0.3333333333333333,0.002577319587628866,
429,192,182,	0.36199095022624433,0.6361829025844931,	0.36112892880051317,0.6916461916461917,
173,111,182,	0.15498869874071683,0.47713717693836977,	0.15571955719557196,0.5184275184275184,
166,403,182,	0.34210526315789475,0.012922465208747515,	0.32432432432432434,0.014760147601476014,
75,153,182,	0.022988505747126436,0.003976143141153081,
158,395,182,	0.20833333333333334,0.004970178926441352,
346,109,182,	0.03952829567165162,0.5964214711729622,	0.04731945059813912,0.6560196560196561,
173,373,182,	0.19047619047619047,0.003976143141153081,	0.25,0.002457002457002457,
26,263,182,	0.3455110765643218,0.8836978131212724,	0.3524296675191816,0.8464373464373465,
268,31,182,	0.1111111111111111,0.007952286282306162,	0.11290322580645161,0.0085995085995086,
26,263,56,	0.25271739130434784,0.09244532803180915,	0.11538461538461539,0.026905829596412557,
170,407,182,	0.2619047619047619,0.010934393638170975,	0.2619047619047619,0.013530135301353014,
198,435,182,	0.05076741440377804,0.4274353876739563,
31,31,182,	0.11428571428571428,0.007952286282306162,	0.11666666666666667,0.0085995085995086,
268,112,182,	0.1111111111111111,0.0019880715705765406,	0.1111111111111111,0.002457002457002457,
219,456,182,	0.7531305903398927,0.41848906560636184,	0.7489361702127659,0.43296432964329645,
348,111,182,	0.12668055292558228,0.6650099403578529,	0.12909482758620688,0.7358722358722358,
26,72,56,	0.06557377049180328,0.4254473161033797,	0.0504831394202327,0.38266068759342303,
348,384,182,	0.25,0.0019880715705765406,	0.25,0.002457002457002457,
348,263,182,	0.14849833147942157,0.5308151093439364,	0.1474898659183037,0.581081081081081,
452,215,182,	0.28125,0.008946322067594433,	0.23333333333333334,0.008610086100861008,
26,410,56,	0.09351851851851851,0.10039761431411531,	0.05441354292623942,0.06726457399103139,
182,293,182,	0.16788916055419723,0.614314115308151,	0.5789473684210527,0.02692778457772338,
173,72,182,	0.10377358490566038,0.02186878727634195,	0.0970873786407767,0.02457002457002457,
26,31,182,	0.5833333333333334,0.006958250497017893,	0.6,0.007371007371007371,
353,116,182,	1.0,0.004970178926441352,	1.0,0.0036900369003690036,
31,112,182,	0.14285714285714285,0.0019880715705765406,	0.14285714285714285,0.002457002457002457,
26,111,182,	0.3754066363044893,0.5735586481113321,	0.39037433155080214,0.6277641277641277,
182,419,182,	0.05430021553222555,0.7763419483101391,	0.15648662291771834,0.758873929008568,
348,72,182,	0.09572301425661914,0.04671968190854871,	0.09336099585062241,0.05528255528255528,
268,268,182,	0.06666666666666667,0.007952286282306162,	0.06862745098039216,0.0085995085995086,
213,450,182,	0.125,0.0019880715705765406,
136,72,182,	0.14285714285714285,0.0019880715705765406,	0.14285714285714285,0.0024600246002460025,
173,268,182,	0.13541666666666666,0.012922465208747515,	0.12195121951219512,0.012285012285012284,
396,159,182,	1.0,0.013916500994035786,	1.0,0.013530135301353014,
173,215,182,	0.45454545454545453,0.004970178926441352,	0.45454545454545453,0.006142506142506142,
26,111,56,	0.08447265625,0.17196819085487078,	0.05538074260541221,0.13153961136023917,
178,415,182,	0.044445715593181556,0.7723658051689861,	0.07263107263107263,0.5565110565110565,
349,268,182,	0.01818181818181818,0.0019880715705765406,	0.021739130434782608,0.002577319587628866,
348,268,182,	0.15306122448979592,0.014910536779324055,	0.13253012048192772,0.013513513513513514,
348,348,182,	0.6666666666666666,0.0019880715705765406,	0.6666666666666666,0.002457002457002457,
26,410,182,	0.456359102244389,0.36381709741550694,	0.4694767441860465,0.3968058968058968,
473,236,182,	0.5861486486486487,0.34493041749502984,	0.5736434108527132,0.09090909090909091,
75,312,182,	0.09013965298349556,0.4234592445328032,
68,305,182,	0.047737963877112495,0.8170974155069582,	0.07058823529411765,0.616891064871481,
309,373,182,	0.2857142857142857,0.0019880715705765406,	0.6666666666666666,0.002457002457002457,
429,410,182,	0.4883720930232558,0.3548707753479125,	0.4984025559105431,0.3832923832923833,
429,247,182,	0.3488372093023256,0.014910536779324055,	0.3488372093023256,0.018427518427518427,
348,247,182,	0.08943089430894309,0.010934393638170975,	0.08943089430894309,0.013513513513513514,
235,472,182,	0.021235521235521235,0.010934393638170975,
182,109,182,	0.23402909550917142,0.36779324055666,	0.30592734225621415,0.19583843329253367,
327,90,182,	0.21739130434782608,0.004970178926441352,	0.25,0.006142506142506142,
147,384,182,	1.0,0.003976143141153081,	1.0,0.004914004914004914,
26,192,182,	0.7068965517241379,0.16302186878727634,	0.7035175879396985,0.171990171990172,
136,373,182,	0.5714285714285714,0.011928429423459244,	0.6666666666666666,0.00984009840098401,
31,268,182,	0.07547169811320754,0.007952286282306162,	0.07777777777777778,0.0085995085995086,
116,353,182,	1.0,0.004970178926441352,	1.0,0.0036900369003690036,
354,117,182,	0.12129716245712503,0.7733598409542743,	0.11953295072234316,0.742014742014742,
348,373,182,	0.2857142857142857,0.007952286282306162,	0.4166666666666667,0.006142506142506142,
173,410,182,	0.2412831241283124,0.5159045725646123,	0.24321447578499203,0.5614250614250614,
390,153,182,	0.014492753623188406,0.002982107355864811,
278,41,182,	0.06267452683834937,0.40159045725646125,	0.06061117676852946,0.4394124847001224,
173,263,182,	0.19818731117824773,0.3260437375745527,	0.19522184300341297,0.35135135135135137,
182,419,346,	0.06919027325144146,0.27435387673956263,
75,73,182,	0.10395010395010396,0.34791252485089463,
309,72,182,	0.05667144906743185,0.07852882703777336,	0.04467912266450041,0.06756756756756757,
348,31,182,	0.23076923076923078,0.005964214711729622,	0.21739130434782608,0.006142506142506142,
159,396,182,	1.0,0.011928429423459244,	1.0,0.01107011070110701,
429,263,182,	0.7655502392344498,0.15904572564612326,	0.7657142857142857,0.16461916461916462,
88,325,182,	0.2857142857142857,0.003976143141153081,	0.3333333333333333,0.0012285012285012285,
173,31,182,	0.3333333333333333,0.005964214711729622,	0.29411764705882354,0.006142506142506142,
182,419,56,	0.10358138537422261,0.4801192842942346,
348,192,182,	0.21705046545810877,0.4403578528827038,	0.21700717835450029,0.4828009828009828,
371,134,182,	0.056910569105691054,0.006958250497017893,	0.056910569105691054,0.008610086100861008,
348,215,182,	0.2727272727272727,0.008946322067594433,	0.25,0.009828009828009828,
173,192,182,	0.2510822510822511,0.2882703777335984,	0.24730127576054955,0.3095823095823096,
452,410,182,	0.010224948875255624,0.004970178926441352,	0.012135922330097087,0.006150061500615006,
