101,	0.08791208791208792,0.0463768115942029,	0.08791208791208792,0.0463768115942029,
80,230,	0.23529411764705882,0.011594202898550725,	0.23529411764705882,0.011594202898550725,
80,375,	0.03664921465968586,0.020289855072463767,	0.03664921465968586,0.020289855072463767,
80,461,	0.035994194484760524,0.35942028985507246,	0.03766707168894289,0.35942028985507246,
207,375,	0.04884318766066838,0.16521739130434782,	0.048927038626609444,0.16521739130434782,
80,318,	0.375,0.008695652173913044,	0.375,0.008695652173913044,
264,80,	0.08641975308641975,0.020289855072463767,	0.08641975308641975,0.020289855072463767,
375,230,	0.012777404169468728,0.05507246376811594,	0.012777404169468728,0.05507246376811594,
80,25,	0.03907539900935608,0.20579710144927535,	0.03907539900935608,0.20579710144927535,
80,331,	0.09368635437881874,0.26666666666666666,	0.09368635437881874,0.26666666666666666,
80,81,	0.012605042016806723,0.008695652173913044,	0.012605042016806723,0.008695652173913044,
80,120,	0.2857142857142857,0.005797101449275362,	0.2857142857142857,0.005797101449275362,
80,377,	0.5,0.002898550724637681,	0.5,0.002898550724637681,
80,262,	0.032821824381926684,0.22318840579710145,	0.032821824381926684,0.22318840579710145,
80,171,	0.2222222222222222,0.005797101449275362,	0.2222222222222222,0.005797101449275362,
375,171,	0.010148849797023005,0.043478260869565216,	0.010148849797023005,0.043478260869565216,
27,80,	0.3684210526315789,0.020289855072463767,	0.3684210526315789,0.020289855072463767,
4,257,	0.01056043496445002,0.2927536231884058,	0.010039717563989409,0.263768115942029,
80,162,	0.18604651162790697,0.02318840579710145,	0.18604651162790697,0.02318840579710145,
416,80,	1.0,0.06956521739130435,	1.0,0.06956521739130435,
179,80,	1.0,0.06956521739130435,	1.0,0.06956521739130435,
207,162,	0.10053859964093358,0.16231884057971013,	0.10071942446043165,0.16231884057971013,
80,224,	0.033448367401114946,0.3652173913043478,	0.03472030862496556,0.3652173913043478,
80,94,	0.087890625,0.2608695652173913,	0.087890625,0.2608695652173913,
223,150,	0.019801980198019802,0.0463768115942029,	0.019801980198019802,0.0463768115942029,
7,162,	0.03225806451612903,0.020289855072463767,	0.032407407407407406,0.020289855072463767,
7,171,	0.13656387665198239,0.08985507246376812,	0.13716814159292035,0.08985507246376812,
7,230,	0.08128544423440454,0.1246376811594203,	0.08128544423440454,0.1246376811594203,
74,80,	0.5,0.002898550724637681,	0.5,0.002898550724637681,
207,230,	0.09636363636363636,0.1536231884057971,	0.0965391621129326,0.1536231884057971,
7,375,	0.04215747055176689,0.19710144927536233,	0.04220980757293606,0.19710144927536233,
311,80,	0.02,0.002898550724637681,	0.02,0.002898550724637681,
80,138,80,	0.36989247311827955,0.4985507246376812,	0.36989247311827955,0.4985507246376812,
112,349,80,	0.03333333333333333,0.017391304347826087,	0.03333333333333333,0.017391304347826087,
363,126,80,	0.047058823529411764,0.011594202898550725,
196,433,80,	0.014001077005923533,0.07536231884057971,
349,268,80,	0.04938271604938271,0.011594202898550725,	0.04938271604938271,0.011594202898550725,
118,316,80,	0.01591806515301086,0.3739130434782609,
80,187,424,	0.010561000337952011,0.7246376811594203,	0.010561000337952011,0.7246376811594203,
410,348,80,	0.0390625,0.014492753623188406,	0.0390625,0.014492753623188406,
286,49,80,	0.6,0.008695652173913044,	0.6,0.008695652173913044,
390,153,375,	0.024154589371980676,0.014492753623188406,
381,144,80,	0.05263157894736842,0.014492753623188406,	0.1111111111111111,0.002898550724637681,
390,320,80,	0.02877697841726619,0.011594202898550725,
80,230,467,	0.025122549019607844,0.11884057971014493,	0.025122549019607844,0.11884057971014493,
31,31,80,	0.08433734939759036,0.020289855072463767,	0.08433734939759036,0.020289855072463767,
207,444,80,	0.04007480630510286,0.43478260869565216,	0.04014989293361884,0.43478260869565216,
202,439,80,	0.01,0.008695652173913044,	0.010169491525423728,0.008695652173913044,
80,17,254,	0.01584208210221915,0.7304347826086957,
80,49,286,	0.8048780487804879,0.28695652173913044,	0.9789473684210527,0.26956521739130435,
148,385,80,	0.10174418604651163,0.6086956521739131,	0.10174418604651163,0.6086956521739131,
43,280,80,	0.032679738562091505,0.057971014492753624,
80,331,331,	0.07384341637010676,0.7217391304347827,	0.07384341637010676,0.7217391304347827,
268,31,80,	0.08235294117647059,0.020289855072463767,	0.08235294117647059,0.020289855072463767,
80,457,220,	0.011980676328502415,0.7188405797101449,	0.011980676328502415,0.7188405797101449,
416,416,80,	1.0,0.06956521739130435,	1.0,0.06956521739130435,
428,191,80,	1.0,0.06956521739130435,	1.0,0.06956521739130435,
79,355,80,	0.01915271435819381,0.43768115942028984,
80,377,140,	0.038461538461538464,0.005797101449275362,	0.038461538461538464,0.005797101449275362,
118,355,80,	0.01790671848972793,0.3739130434782609,
191,428,80,	1.0,0.06956521739130435,	1.0,0.06956521739130435,
223,31,80,	0.3333333333333333,0.002898550724637681,	0.3333333333333333,0.002898550724637681,
378,141,80,	0.2391304347826087,0.12753623188405797,	0.2391304347826087,0.12753623188405797,
192,429,80,	0.3333333333333333,0.002898550724637681,	0.3333333333333333,0.002898550724637681,
31,112,80,	0.041666666666666664,0.011594202898550725,	0.041666666666666664,0.011594202898550725,
80,165,402,	0.013387297633872976,0.6231884057971014,	0.01352803590618876,0.6202898550724638,
80,317,80,	0.05584612788932006,0.9594202898550724,	0.05584612788932006,0.9594202898550724,
472,235,80,	0.16666666666666666,0.002898550724637681,
410,173,80,	0.05405405405405406,0.017391304347826087,	0.05405405405405406,0.017391304347826087,
349,349,80,	0.01694915254237288,0.008695652173913044,	0.01694915254237288,0.008695652173913044,
304,67,80,	0.045454545454545456,0.002898550724637681,
223,349,80,	0.1111111111111111,0.002898550724637681,	0.1111111111111111,0.002898550724637681,
55,292,80,	0.02216538789428815,0.07536231884057971,	0.02702702702702703,0.028985507246376812,
80,57,294,	0.011143410852713179,0.6666666666666666,
80,297,60,	1.0,0.5072463768115942,	1.0,0.3710144927536232,
111,173,80,	0.029411764705882353,0.014492753623188406,	0.029411764705882353,0.014492753623188406,
80,317,375,	0.06591986212839293,0.4434782608695652,	0.06591986212839293,0.4434782608695652,
83,320,80,	0.015037593984962405,0.011594202898550725,	0.023809523809523808,0.002898550724637681,
349,31,80,	0.03333333333333333,0.011594202898550725,	0.03333333333333333,0.011594202898550725,
268,112,80,	0.04081632653061224,0.011594202898550725,	0.04081632653061224,0.011594202898550725,
80,244,80,	0.25,0.017391304347826087,	0.25,0.017391304347826087,
390,153,80,	0.038314176245210725,0.028985507246376812,	0.023809523809523808,0.002898550724637681,
223,183,80,	1.0,0.002898550724637681,	1.0,0.002898550724637681,
31,349,80,	0.030612244897959183,0.008695652173913044,	0.030612244897959183,0.008695652173913044,
416,179,80,	1.0,0.06956521739130435,	1.0,0.06956521739130435,
179,179,80,	1.0,0.06956521739130435,	1.0,0.06956521739130435,
389,152,80,	0.01618249171378436,0.7217391304347827,	0.021317212853961185,0.3884057971014493,
188,425,80,	0.03650586701434159,0.8115942028985508,	0.08117913832199547,0.518840579710145,
420,183,80,	0.3333333333333333,0.002898550724637681,	0.3333333333333333,0.002898550724637681,
7,244,375,	0.0307198532783127,0.19420289855072465,	0.03079044117647059,0.19420289855072465,
190,427,80,	0.019230769230769232,0.002898550724637681,	0.019230769230769232,0.002898550724637681,
124,280,80,	0.034383954154727794,0.06956521739130435,
301,64,80,	0.069164265129683,0.06956521739130435,	0.069164265129683,0.06956521739130435,
80,444,80,	0.21212121212121213,0.020289855072463767,	0.21212121212121213,0.020289855072463767,
80,299,62,	0.0336892765829448,0.6492753623188405,	0.03378702962369896,0.6115942028985507,
80,96,333,	0.011693906859057648,0.4956521739130435,	0.3333333333333333,0.002898550724637681,
31,268,80,	0.1206896551724138,0.020289855072463767,	0.1206896551724138,0.020289855072463767,
428,428,80,	1.0,0.06956521739130435,	1.0,0.06956521739130435,
191,191,80,	1.0,0.06956521739130435,	1.0,0.06956521739130435,
80,94,331,	0.06044340723453909,0.7507246376811594,	0.06044340723453909,0.7507246376811594,
80,20,257,	0.03137254901960784,0.3710144927536232,	0.03447214527546937,0.32463768115942027,
207,317,80,	0.030013642564802184,0.12753623188405797,	0.03021978021978022,0.12753623188405797,
223,112,80,	0.13333333333333333,0.005797101449275362,	0.13333333333333333,0.005797101449275362,
80,32,269,	0.013792738994873963,0.7565217391304347,
80,466,229,	0.011872863346576735,0.744927536231884,	0.012432512754470257,0.7275362318840579,
111,348,80,	0.02390438247011952,0.017391304347826087,	0.02390438247011952,0.017391304347826087,
112,31,80,	0.04201680672268908,0.014492753623188406,	0.04201680672268908,0.014492753623188406,
223,460,80,	0.1951219512195122,0.0927536231884058,	0.20512820512820512,0.0927536231884058,
80,260,23,	0.16833333333333333,0.5855072463768116,	0.21380090497737556,0.5478260869565217,
201,438,80,	0.05006906077348066,0.42028985507246375,
112,268,80,	0.05063291139240506,0.011594202898550725,	0.05063291139240506,0.011594202898550725,
80,129,366,	0.014153416040538179,0.7043478260869566,	0.014343899415618913,0.7043478260869566,
80,331,94,	0.07352941176470588,0.7246376811594203,	0.07352941176470588,0.7246376811594203,
187,424,80,	0.21333333333333335,0.0463768115942029,	0.21333333333333335,0.0463768115942029,
7,317,80,	0.027054108216432865,0.0782608695652174,	0.027135678391959798,0.0782608695652174,
98,335,80,	0.01853334858711818,0.46956521739130436,	1.0,0.011594202898550725,
349,112,80,	0.028409090909090908,0.014492753623188406,	0.028409090909090908,0.014492753623188406,
268,349,80,	0.04807692307692308,0.014492753623188406,	0.04807692307692308,0.014492753623188406,
79,316,80,	0.01770210846769647,0.45507246376811594,
268,268,80,	0.11864406779661017,0.020289855072463767,	0.11864406779661017,0.020289855072463767,
80,94,94,	0.05419580419580419,0.7188405797101449,	0.05419580419580419,0.7188405797101449,
80,375,138,	0.017267408945083978,0.5304347826086957,	0.017267408945083978,0.5304347826086957,
80,162,399,	0.018375027673234446,0.24057971014492754,	0.018375027673234446,0.24057971014492754,
443,206,80,	0.020055325034578148,0.5043478260869565,	0.0273972602739726,0.3188405797101449,
7,244,80,	0.10484273589615577,0.6086956521739131,	0.10531594784353059,0.6086956521739131,
80,151,388,	0.02344307410049944,0.6666666666666666,	0.031081081081081083,0.26666666666666666,
101,338,80,	0.01755485893416928,0.08115942028985507,	0.01755485893416928,0.08115942028985507,
4,241,80,	0.026758035568608257,0.9507246376811594,	0.055707955264823805,0.7652173913043478,
223,268,80,	0.3333333333333333,0.005797101449275362,	0.3333333333333333,0.005797101449275362,
83,153,80,	0.012232415902140673,0.011594202898550725,
179,416,80,	1.0,0.06956521739130435,	1.0,0.06956521739130435,
80,420,183,	0.07555680857062307,0.7768115942028986,	0.07113583138173302,0.7043478260869566,
112,112,80,	0.02185792349726776,0.011594202898550725,	0.02185792349726776,0.011594202898550725,
80,244,7,	0.3870967741935484,0.06956521739130435,	0.3870967741935484,0.06956521739130435,
