463,53,	0.06451612903225806,0.011111111111111112,
414,53,	0.06976744186046512,0.016666666666666666,
268,53,	0.04680851063829787,0.06111111111111111,
384,261,	0.06896551724137931,0.011111111111111112,
249,53,	0.06707317073170732,0.06111111111111111,
107,53,	0.028846153846153848,0.016666666666666666,
226,53,	0.0625,0.011111111111111112,
177,53,	0.0975609756097561,0.022222222222222223,
2,53,	0.0967741935483871,0.016666666666666666,	1.0,0.02631578947368421,
112,53,	0.04251012145748988,0.11666666666666667,
69,53,	0.04878048780487805,0.011111111111111112,
31,53,	0.04721030042918455,0.06111111111111111,
111,261,	0.05612244897959184,0.06111111111111111,
337,261,	0.36363636363636365,0.022222222222222223,
239,53,	0.125,0.016666666666666666,	0.5,0.02631578947368421,
349,53,	0.04526748971193416,0.12222222222222222,
215,261,	0.11428571428571428,0.022222222222222223,
344,53,	0.029411764705882353,0.016666666666666666,
12,53,	0.075,0.06666666666666667,
373,261,	0.13793103448275862,0.022222222222222223,
403,261,	0.1,0.016666666666666666,
247,261,	0.037037037037037035,0.011111111111111112,
306,53,	0.04878048780487805,0.011111111111111112,
72,261,	0.1310483870967742,0.3611111111111111,
407,261,	0.022222222222222223,0.005555555555555556,
410,261,	0.044444444444444446,0.022222222222222223,
107,112,53,	0.05504587155963303,0.1,	0.08333333333333333,0.02631578947368421,
107,31,53,	0.06944444444444445,0.05555555555555555,
344,349,53,	0.04984423676012461,0.08888888888888889,	0.06666666666666667,0.02631578947368421,
53,24,261,	0.3991130820399113,1.0,
344,344,53,	0.15789473684210525,0.23333333333333334,	0.041666666666666664,0.02631578947368421,
31,31,53,	0.08754208754208755,0.28888888888888886,	0.12903225806451613,0.10526315789473684,
112,349,53,	0.04184782608695652,0.42777777777777776,	0.06862745098039216,0.18421052631578946,
249,112,53,	0.07238605898123325,0.15,	0.06666666666666667,0.02631578947368421,
247,173,53,	0.14,0.07777777777777778,
384,147,53,	0.38461538461538464,0.08333333333333333,
263,309,53,	0.5625,0.05,
22,259,53,	0.032093362509117436,0.24444444444444444,
349,72,261,	0.023551877784850413,0.20555555555555555,
372,135,53,	0.11926605504587157,0.07222222222222222,
112,12,53,	0.040787623066104076,0.16111111111111112,	0.03571428571428571,0.02631578947368421,
407,348,53,	0.05263157894736842,0.027777777777777776,
12,107,53,	0.07009345794392523,0.08333333333333333,
249,12,53,	0.16332378223495703,0.31666666666666665,	0.25,0.02631578947368421,
111,136,53,	0.1743119266055046,0.10555555555555556,
107,349,53,	0.056105610561056105,0.09444444444444444,	0.08333333333333333,0.02631578947368421,
107,12,53,	0.08571428571428572,0.11666666666666667,
248,11,53,	0.23076923076923078,0.1,	0.09090909090909091,0.02631578947368421,
349,410,261,	0.01804123711340206,0.03888888888888889,
177,414,53,	0.3076923076923077,0.13333333333333333,	0.6666666666666666,0.05263157894736842,
107,72,261,	0.03142857142857143,0.06111111111111111,
344,112,53,	0.05604719764011799,0.10555555555555556,	0.06666666666666667,0.02631578947368421,
72,10,53,	0.07894736842105263,0.18333333333333332,
460,223,53,	0.06756756756756757,0.3333333333333333,	0.2,0.05263157894736842,
83,73,261,	0.024110218140068886,0.4666666666666667,
349,306,53,	0.03153153153153153,0.03888888888888889,
112,249,53,	0.03956343792633015,0.16111111111111112,	0.024390243902439025,0.02631578947368421,
249,268,53,	0.10059171597633136,0.09444444444444444,	0.3333333333333333,0.02631578947368421,
344,268,53,	0.05228758169934641,0.044444444444444446,
349,349,53,	0.041179744017807454,0.4111111111111111,	0.06451612903225806,0.15789473684210525,
72,452,53,	0.08310249307479224,0.16666666666666666,	0.16666666666666666,0.02631578947368421,
268,12,53,	0.05056179775280899,0.1,
239,2,53,	0.11,0.06111111111111111,	0.5,0.02631578947368421,
112,306,53,	0.03271028037383177,0.03888888888888889,
112,69,53,	0.0425531914893617,0.044444444444444446,
268,111,261,	0.020785219399538105,0.05,
12,249,53,	0.15873015873015872,0.3333333333333333,	0.05555555555555555,0.02631578947368421,
175,412,53,	0.02925531914893617,0.3055555555555556,
31,268,53,	0.08948194662480377,0.31666666666666665,	0.16666666666666666,0.13157894736842105,
31,12,53,	0.05413105413105413,0.10555555555555556,	0.3333333333333333,0.02631578947368421,
12,12,53,	0.16231884057971013,0.3111111111111111,	0.25,0.02631578947368421,
60,297,53,	0.08564231738035265,0.5666666666666667,	0.5,0.02631578947368421,
349,111,261,	0.024009603841536616,0.1111111111111111,
306,306,53,	0.7837837837837838,0.16111111111111112,
112,72,261,	0.023854362837413684,0.2111111111111111,
463,226,53,	0.5116279069767442,0.12222222222222222,
112,268,53,	0.055290753098188754,0.32222222222222224,	0.07272727272727272,0.10526315789473684,
23,260,53,	0.14864864864864866,0.06111111111111111,	1.0,0.02631578947368421,
12,344,53,	0.07476635514018691,0.08888888888888889,
287,50,53,	0.030598052851182198,0.12222222222222222,	0.03260869565217391,0.07894736842105263,
53,290,53,	0.5625,1.0,
344,31,53,	0.05844155844155844,0.05,
12,111,261,	0.07777777777777778,0.07777777777777778,
2,239,53,	0.1282051282051282,0.08333333333333333,	0.5,0.05263157894736842,
249,249,53,	0.14516129032258066,0.3,	0.0625,0.02631578947368421,
12,112,53,	0.08136482939632546,0.17222222222222222,	0.07692307692307693,0.02631578947368421,
410,173,53,	0.14072494669509594,0.36666666666666664,	0.21052631578947367,0.10526315789473684,
268,349,53,	0.05263157894736842,0.2833333333333333,	0.09523809523809523,0.10526315789473684,
31,249,53,	0.05235602094240838,0.1111111111111111,	0.08333333333333333,0.02631578947368421,
183,420,53,	0.03910806174957118,0.6333333333333333,
268,410,261,	0.015384615384615385,0.016666666666666666,
337,100,53,	0.19047619047619047,0.1111111111111111,	0.16666666666666666,0.02631578947368421,
72,136,53,	0.09787234042553192,0.12777777777777777,
323,86,53,	0.034545454545454546,0.10555555555555556,	0.017857142857142856,0.02631578947368421,
263,348,53,	0.05240174672489083,0.06666666666666667,	0.25,0.02631578947368421,
31,344,53,	0.03553299492385787,0.03888888888888889,
390,153,53,	0.037544169611307424,0.4722222222222222,	0.021739130434782608,0.02631578947368421,
111,170,53,	0.12195121951219512,0.027777777777777776,
111,26,53,	0.06227106227106227,0.09444444444444444,	0.0625,0.02631578947368421,
404,167,53,	0.011029411764705883,0.15,
12,349,53,	0.08333333333333333,0.16666666666666666,	0.058823529411764705,0.02631578947368421,
112,111,261,	0.027090694935217905,0.12777777777777777,
248,248,53,	0.23809523809523808,0.08333333333333333,	0.16666666666666666,0.02631578947368421,
306,349,53,	0.06329113924050633,0.027777777777777776,
403,166,53,	0.6111111111111112,0.06111111111111111,	1.0,0.02631578947368421,
107,249,53,	0.07377049180327869,0.1,
344,12,53,	0.07468879668049792,0.1,
326,89,53,	0.12962962962962962,0.07777777777777778,
268,344,53,	0.04411764705882353,0.05,
349,268,53,	0.05394990366088632,0.3111111111111111,	0.07547169811320754,0.10526315789473684,
181,418,53,	0.25274725274725274,0.12777777777777777,
111,348,53,	0.07256637168141593,0.45555555555555555,	0.1111111111111111,0.07894736842105263,
249,107,53,	0.06532663316582915,0.07222222222222222,
31,111,261,	0.01834862385321101,0.044444444444444446,
268,268,53,	0.08128834355828221,0.29444444444444445,	0.11764705882352941,0.10526315789473684,
31,112,53,	0.055248618784530384,0.2777777777777778,	0.1,0.10526315789473684,
192,429,53,	0.3076923076923077,0.044444444444444446,	1.0,0.05263157894736842,
69,69,53,	0.7837837837837838,0.16111111111111112,
349,12,53,	0.041379310344827586,0.16666666666666666,	0.03571428571428571,0.02631578947368421,
349,31,53,	0.05487228003784295,0.32222222222222224,	0.03896103896103896,0.07894736842105263,
83,320,53,	0.023069207622868605,0.6388888888888888,
215,348,53,	0.14285714285714285,0.07222222222222222,
410,309,53,	0.08547008547008547,0.2777777777777778,	0.09090909090909091,0.05263157894736842,
249,72,261,	0.05865921787709497,0.11666666666666667,
112,31,53,	0.05451127819548872,0.32222222222222224,	0.04938271604938271,0.10526315789473684,
111,309,53,	0.061946902654867256,0.3888888888888889,	0.05263157894736842,0.05263157894736842,
384,309,53,	0.0763888888888889,0.06111111111111111,
455,218,53,	0.043478260869565216,0.06111111111111111,
390,320,53,	0.02887426900584795,0.4388888888888889,	0.021739130434782608,0.02631578947368421,
112,107,53,	0.025830258302583026,0.07777777777777778,	0.017241379310344827,0.02631578947368421,
69,306,53,	0.7857142857142857,0.18333333333333332,	1.0,0.02631578947368421,
112,112,53,	0.04129955947136564,0.4166666666666667,	0.05825242718446602,0.15789473684210525,
349,69,53,	0.05025125628140704,0.05555555555555555,
328,91,53,	0.030303030303030304,0.4166666666666667,	0.018518518518518517,0.05263157894736842,
215,452,53,	0.8181818181818182,0.1,	1.0,0.02631578947368421,
406,169,53,	0.04712041884816754,0.05,
31,72,261,	0.023529411764705882,0.1,
72,170,53,	0.09090909090909091,0.03888888888888889,
226,463,53,	0.4772727272727273,0.11666666666666667,
119,356,53,	0.013333333333333334,0.03333333333333333,
268,31,53,	0.09744408945686901,0.3388888888888889,	0.15151515151515152,0.13157894736842105,
12,31,53,	0.10810810810810811,0.1111111111111111,
268,72,261,	0.022339027595269383,0.09444444444444444,
310,73,53,	0.07142857142857142,0.011111111111111112,
183,297,53,	0.05965697240865026,0.4444444444444444,	0.1,0.02631578947368421,
410,136,53,	0.2553191489361702,0.06666666666666667,
349,249,53,	0.04341926729986431,0.17777777777777778,	0.025,0.02631578947368421,
268,249,53,	0.046153846153846156,0.1,
72,173,53,	0.09177215189873418,0.32222222222222224,	0.2857142857142857,0.05263157894736842,
247,309,53,	0.07392996108949416,0.10555555555555556,
31,107,53,	0.044534412955465584,0.06111111111111111,
38,275,53,	0.023944549464398234,0.2111111111111111,
247,10,53,	0.42105263157894735,0.13333333333333333,	1.0,0.02631578947368421,
72,348,53,	0.07825295723384895,0.4777777777777778,	0.18181818181818182,0.05263157894736842,
107,344,53,	0.17647058823529413,0.25,	0.047619047619047616,0.02631578947368421,
12,268,53,	0.09944751381215469,0.1,	0.3333333333333333,0.02631578947368421,
263,26,53,	0.17058823529411765,0.32222222222222224,	0.25,0.10526315789473684,
150,387,53,	0.010142127777011177,0.8166666666666667,
373,136,53,	0.48484848484848486,0.08888888888888889,
373,173,53,	0.15,0.05,
349,112,53,	0.04284919309961046,0.42777777777777776,	0.0625,0.15789473684210525,
176,413,53,	0.0425531914893617,0.05555555555555555,
215,173,53,	0.15625,0.05555555555555555,
373,348,53,	0.13725490196078433,0.07777777777777778,
344,111,261,	0.041916167664670656,0.03888888888888889,
410,452,53,	0.1875,0.1,
249,111,261,	0.0783132530120482,0.07222222222222222,
349,344,53,	0.028056112224448898,0.07777777777777778,	0.019230769230769232,0.02631578947368421,
111,452,53,	0.12138728323699421,0.11666666666666667,
12,72,261,	0.06460674157303371,0.12777777777777777,
18,255,53,	0.04285714285714286,0.1,	0.013333333333333334,0.02631578947368421,
60,420,53,	0.039619651347068144,0.4166666666666667,
72,309,53,	0.0663594470046083,0.8,	0.12396694214876033,0.39473684210526316,
344,249,53,	0.06198347107438017,0.08333333333333333,
344,107,53,	0.15845070422535212,0.25,	0.04,0.02631578947368421,
97,334,53,	0.01932367149758454,0.044444444444444446,	1.0,0.02631578947368421,
107,107,53,	0.15613382899628253,0.23333333333333334,	0.045454545454545456,0.02631578947368421,
373,309,53,	0.07407407407407407,0.07777777777777778,
72,26,53,	0.6153846153846154,0.044444444444444446,	0.8571428571428571,0.15789473684210525,
268,107,53,	0.047058823529411764,0.06666666666666667,
31,349,53,	0.05165289256198347,0.2777777777777778,	0.08888888888888889,0.10526315789473684,
410,10,53,	0.18478260869565216,0.09444444444444444,
349,107,53,	0.03046594982078853,0.09444444444444444,	0.01818181818181818,0.02631578947368421,
249,349,53,	0.07714285714285714,0.15,	0.05,0.02631578947368421,
410,348,53,	0.09775641025641026,0.3388888888888889,	0.17647058823529413,0.07894736842105263,
83,73,53,	0.045454545454545456,0.022222222222222223,
249,31,53,	0.09826589595375723,0.09444444444444444,
215,309,53,	0.09714285714285714,0.09444444444444444,	0.5,0.02631578947368421,
414,177,53,	0.2916666666666667,0.11666666666666667,	0.6666666666666666,0.05263157894736842,
69,349,53,	0.05405405405405406,0.022222222222222223,
304,67,53,	0.03296703296703297,0.23333333333333334,	0.01,0.02631578947368421,
69,112,53,	0.06097560975609756,0.027777777777777776,
70,307,53,	0.01694915254237288,0.03888888888888889,
111,10,53,	0.13924050632911392,0.12222222222222222,
249,344,53,	0.07881773399014778,0.08888888888888889,
112,410,261,	0.015424164524421594,0.03333333333333333,
72,147,53,	0.06626506024096386,0.12222222222222222,
247,348,53,	0.11188811188811189,0.08888888888888889,
344,72,261,	0.03170028818443804,0.06111111111111111,
315,78,53,	0.136986301369863,0.1111111111111111,
268,112,53,	0.05679287305122494,0.2833333333333333,	0.08108108108108109,0.07894736842105263,
112,344,53,	0.02263374485596708,0.06111111111111111,	0.017857142857142856,0.02631578947368421,
407,309,53,	0.04,0.03888888888888889,
407,170,53,	0.47058823529411764,0.044444444444444446,
11,248,53,	0.25675675675675674,0.10555555555555556,	0.14285714285714285,0.02631578947368421,
11,11,53,	0.20270270270270271,0.08333333333333333,	0.09090909090909091,0.02631578947368421,
306,69,53,	0.825,0.18333333333333332,	1.0,0.02631578947368421,
107,268,53,	0.06164383561643835,0.05,
31,410,261,	0.015384615384615385,0.016666666666666666,
306,112,53,	0.1,0.044444444444444446,
111,173,53,	0.09037900874635568,0.34444444444444444,	0.11538461538461539,0.07894736842105263,
83,153,53,	0.026416052832105665,0.5777777777777777,
107,111,261,	0.043209876543209874,0.03888888888888889,
