454,	0.11486486486486487,0.11486486486486487,
217,217,	1.0,0.11486486486486487,
133,156,	0.8333333333333334,0.8783783783783784,	0.8666666666666667,1.0,
454,217,	0.85,0.11486486486486487,
454,454,	1.0,0.11486486486486487,
66,303,217,	0.02564102564102564,0.10135135135135136,
133,370,217,	0.5316455696202531,0.5675675675675675,
153,310,217,	0.391304347826087,0.060810810810810814,
312,83,217,	0.42857142857142855,0.04054054054054054,
320,75,217,	1.0,0.006756756756756757,
73,83,217,	0.52,0.08783783783783784,	1.0,0.5384615384615384,
73,390,217,	0.75,0.02027027027027027,
153,390,217,	0.19708029197080293,0.9121621621621622,	0.8888888888888888,0.6153846153846154,
217,454,217,	1.0,1.0,	1.0,1.0,
153,83,217,	0.1496437054631829,0.8513513513513513,	0.8125,1.0,
312,75,217,	0.2037037037037037,0.2972972972972973,	0.9090909090909091,0.7692307692307693,
320,83,217,	0.1206896551724138,0.7567567567567568,	0.75,0.6923076923076923,
320,310,217,	0.4186046511627907,0.12162162162162163,
320,390,217,	0.16558018252933507,0.8581081081081081,	0.8888888888888888,0.6153846153846154,
312,310,217,	0.16393442622950818,0.2702702702702703,	0.9090909090909091,0.7692307692307693,
73,310,217,	0.13029315960912052,0.2702702702702703,	0.9090909090909091,0.7692307692307693,
73,75,217,	0.15503875968992248,0.2702702702702703,	0.9166666666666666,0.8461538461538461,
