191,4,	1.0,0.10096153846153846,	1.0,0.10294117647058823,
325,154,	0.0108499095840868,0.028846153846153848,
112,4,	0.07407407407407407,0.009615384615384616,	0.07407407407407407,0.00980392156862745,
416,4,	1.0,0.10096153846153846,	1.0,0.10294117647058823,
50,38,	0.03389830508474576,0.019230769230769232,	0.03389830508474576,0.0196078431372549,
4,76,	0.016191210485736313,0.10096153846153846,	0.012386457473162676,0.07352941176470588,
27,4,	0.5,0.03365384615384615,	0.5,0.03431372549019608,
4,313,	0.020911127707244213,0.1346153846153846,
207,299,	0.09090909090909091,0.004807692307692308,	0.1,0.005291005291005291,
349,4,	0.08333333333333333,0.009615384615384616,	0.08333333333333333,0.00980392156862745,
80,299,	0.11465892597968069,0.3798076923076923,	0.12750455373406194,0.37037037037037035,
264,4,	0.0958904109589041,0.03365384615384615,	0.0958904109589041,0.03431372549019608,
311,4,	0.034482758620689655,0.004807692307692308,	0.034482758620689655,0.004901960784313725,
74,4,	0.5,0.004807692307692308,	0.5,0.004901960784313725,
117,154,	0.15,0.014423076923076924,	0.2,0.015873015873015872,
378,38,	0.1095890410958904,0.038461538461538464,	0.1509433962264151,0.0392156862745098,
268,4,	0.1111111111111111,0.014423076923076924,	0.1111111111111111,0.014705882352941176,
428,4,	1.0,0.10096153846153846,	1.0,0.10294117647058823,
31,4,	0.10714285714285714,0.014423076923076924,	0.10714285714285714,0.014705882352941176,
80,20,	0.6095890410958904,0.42788461538461536,	0.6397058823529411,0.4264705882352941,
223,38,	0.028846153846153848,0.04326923076923077,	0.02922077922077922,0.04411764705882353,
179,4,	1.0,0.10096153846153846,	1.0,0.10294117647058823,
90,173,4,	0.3333333333333333,0.014423076923076924,	0.3333333333333333,0.014705882352941176,
124,361,4,	0.051685393258426963,0.11057692307692307,
304,67,4,	0.02962962962962963,0.019230769230769232,
443,206,4,	0.026063829787234042,0.47115384615384615,	0.04135079255685734,0.29411764705882354,
4,241,4,	0.029191616766467067,0.375,	0.12256442489000628,0.9558823529411765,
351,114,4,	0.09900990099009901,0.04807692307692308,
201,438,4,	0.08161512027491409,0.4567307692307692,
378,141,4,	0.4084507042253521,0.13942307692307693,	0.4084507042253521,0.14215686274509803,
109,346,4,	0.16666666666666666,0.004807692307692308,	0.2,0.004901960784313725,
351,339,4,	0.08695652173913043,0.009615384615384616,
268,349,4,	0.109375,0.03365384615384615,	0.109375,0.03431372549019608,
179,179,4,	1.0,0.10096153846153846,	1.0,0.10294117647058823,
74,311,4,	0.47692307692307695,0.14903846153846154,	0.47692307692307695,0.15196078431372548,
83,153,4,	0.012605042016806723,0.014423076923076924,
109,173,4,	0.05,0.004807692307692308,	0.0625,0.004901960784313725,
31,112,4,	0.08450704225352113,0.028846153846153848,	0.08450704225352113,0.029411764705882353,
196,398,4,	0.047872340425531915,0.08653846153846154,
301,64,4,	0.09036144578313253,0.07211538461538461,	0.09036144578313253,0.07352941176470588,
137,374,4,	0.12,0.07211538461538461,	0.12,0.07352941176470588,
223,183,4,	1.0,0.004807692307692308,	1.0,0.004901960784313725,
7,138,4,	0.25149700598802394,0.20192307692307693,	0.25301204819277107,0.20588235294117646,
90,348,4,	0.16666666666666666,0.009615384615384616,	0.16666666666666666,0.00980392156862745,
43,361,4,	0.045714285714285714,0.07692307692307693,
349,349,4,	0.03508771929824561,0.019230769230769232,	0.03508771929824561,0.0196078431372549,
118,316,4,	0.025925925925925925,0.40384615384615385,
59,296,4,	0.03288490284005979,0.10576923076923077,	0.03303303303303303,0.10784313725490197,
223,349,4,	0.14285714285714285,0.004807692307692308,	0.14285714285714285,0.004901960784313725,
179,416,4,	1.0,0.10096153846153846,	1.0,0.10294117647058823,
80,317,4,	0.08146453089244851,0.8557692307692307,	0.09010875194199897,0.8529411764705882,
349,112,4,	0.04032258064516129,0.02403846153846154,	0.04032258064516129,0.024509803921568627,
202,439,4,	0.013333333333333334,0.019230769230769232,	0.013559322033898305,0.0196078431372549,
223,460,4,	0.16393442622950818,0.09615384615384616,	0.16806722689075632,0.09803921568627451,
390,153,4,	0.043859649122807015,0.04807692307692308,	0.023809523809523808,0.004901960784313725,
379,142,4,	0.023552502453385672,0.11538461538461539,	0.06944444444444445,0.049019607843137254,
416,416,4,	1.0,0.10096153846153846,	1.0,0.10294117647058823,
428,191,4,	1.0,0.10096153846153846,	1.0,0.10294117647058823,
109,348,4,	0.05263157894736842,0.004807692307692308,	0.07142857142857142,0.004901960784313725,
187,424,4,	0.18333333333333332,0.052884615384615384,	0.18333333333333332,0.05392156862745098,
188,425,4,	0.07955641272902604,0.7932692307692307,	0.1686746987951807,0.6176470588235294,
381,144,4,	0.07692307692307693,0.02403846153846154,	0.1111111111111111,0.004901960784313725,
31,31,4,	0.1232876712328767,0.04326923076923077,	0.1232876712328767,0.04411764705882353,
191,428,4,	1.0,0.10096153846153846,	1.0,0.10294117647058823,
112,349,4,	0.05172413793103448,0.028846153846153848,	0.05172413793103448,0.029411764705882353,
111,346,4,	0.3333333333333333,0.009615384615384616,	0.3333333333333333,0.00980392156862745,
286,49,4,	0.6,0.014423076923076924,	0.5,0.00980392156862745,
80,244,4,	0.4166666666666667,0.02403846153846154,	0.4166666666666667,0.024509803921568627,
79,355,4,	0.027470886831890116,0.4423076923076923,
80,138,4,	0.8739495798319328,0.5,	0.8739495798319328,0.5098039215686274,
31,349,4,	0.09090909090909091,0.028846153846153848,	0.09090909090909091,0.029411764705882353,
223,268,4,	0.3333333333333333,0.009615384615384616,	0.3333333333333333,0.00980392156862745,
196,433,4,	0.02506265664160401,0.09615384615384616,
101,338,4,	0.0225140712945591,0.11538461538461539,	0.0225140712945591,0.11764705882352941,
416,179,4,	1.0,0.10096153846153846,	1.0,0.10294117647058823,
325,348,4,	0.14285714285714285,0.009615384615384616,	0.2,0.004901960784313725,
410,346,4,	0.5,0.004807692307692308,	0.5,0.004901960784313725,
410,348,4,	0.04310344827586207,0.02403846153846154,	0.04310344827586207,0.024509803921568627,
112,112,4,	0.03816793893129771,0.02403846153846154,	0.03816793893129771,0.024509803921568627,
428,428,4,	1.0,0.10096153846153846,	1.0,0.10294117647058823,
268,31,4,	0.125,0.04326923076923077,	0.125,0.04411764705882353,
410,173,4,	0.06504065040650407,0.038461538461538464,	0.06504065040650407,0.0392156862745098,
111,348,4,	0.03286384976525822,0.03365384615384615,	0.03286384976525822,0.03431372549019608,
349,268,4,	0.06097560975609756,0.02403846153846154,	0.06097560975609756,0.024509803921568627,
375,244,4,	0.029411764705882353,0.07692307692307693,	0.02962962962962963,0.0784313725490196,
98,335,4,	0.02871341800110436,0.5,	1.0,0.004901960784313725,
112,31,4,	0.07058823529411765,0.028846153846153848,	0.07058823529411765,0.029411764705882353,
232,469,4,	0.03727714748784441,0.11057692307692307,	0.05829596412556054,0.06372549019607843,
223,112,4,	0.16666666666666666,0.009615384615384616,	0.16666666666666666,0.00980392156862745,
111,173,4,	0.02824858757062147,0.02403846153846154,	0.02824858757062147,0.024509803921568627,
223,31,4,	0.3333333333333333,0.004807692307692308,	0.3333333333333333,0.004901960784313725,
161,433,4,	0.02654867256637168,0.014423076923076924,
268,112,4,	0.08823529411764706,0.028846153846153848,	0.08823529411764706,0.029411764705882353,
207,444,4,	0.08009153318077804,0.5048076923076923,	0.08056872037914692,0.5,
7,317,4,	0.11372549019607843,0.13942307692307693,	0.1141732283464567,0.14215686274509803,
325,173,4,	0.42857142857142855,0.014423076923076924,	0.5,0.004901960784313725,
148,385,4,	0.141602634467618,0.6201923076923077,	0.14236902050113895,0.6127450980392157,
79,316,4,	0.02622673434856176,0.44711538461538464,
264,27,4,	0.20588235294117646,0.0673076923076923,	0.20588235294117646,0.06862745098039216,
43,280,4,	0.05161290322580645,0.07692307692307693,
410,327,4,	0.014150943396226415,0.014423076923076924,	0.014150943396226415,0.014705882352941176,
410,88,4,	0.02127659574468085,0.014423076923076924,	0.02127659574468085,0.014705882352941176,
112,268,4,	0.075,0.028846153846153848,	0.075,0.029411764705882353,
3,240,4,	0.0149812734082397,0.019230769230769232,	0.017857142857142856,0.00980392156862745,
50,287,4,	0.08270676691729323,0.052884615384615384,	0.07692307692307693,0.049019607843137254,
390,320,4,	0.03529411764705882,0.014423076923076924,
55,292,4,	0.045454545454545456,0.10096153846153846,	0.039525691699604744,0.049019607843137254,
83,320,4,	0.019230769230769232,0.014423076923076924,	0.023809523809523808,0.004901960784313725,
124,280,4,	0.0584958217270195,0.10096153846153846,
192,429,4,	0.25,0.004807692307692308,	0.25,0.004901960784313725,
375,138,4,	0.01610644257703081,0.11057692307692307,	0.01610644257703081,0.11274509803921569,
118,355,4,	0.027450980392156862,0.40384615384615385,
31,268,4,	0.13636363636363635,0.04326923076923077,	0.13636363636363635,0.04411764705882353,
191,191,4,	1.0,0.10096153846153846,	1.0,0.10294117647058823,
349,31,4,	0.05813953488372093,0.02403846153846154,	0.05813953488372093,0.024509803921568627,
7,244,4,	0.13962635201573254,0.6826923076923077,	0.13813813813813813,0.6764705882352942,
102,114,4,	0.010638297872340425,0.004807692307692308,	0.010638297872340425,0.004901960784313725,
268,268,4,	0.13636363636363635,0.04326923076923077,	0.13636363636363635,0.04411764705882353,
420,183,4,	0.3333333333333333,0.004807692307692308,	0.3333333333333333,0.004901960784313725,
161,398,4,	0.08108108108108109,0.014423076923076924,
146,383,4,	0.08771929824561403,0.04807692307692308,	0.08771929824561403,0.049019607843137254,
190,427,4,	0.019230769230769232,0.004807692307692308,	0.019230769230769232,0.004901960784313725,
389,152,4,	0.03897490656700481,0.7019230769230769,	0.07438715131022823,0.43137254901960786,
