42,	0.029497299542999584,0.37967914438502676,	0.029595664860358483,0.37967914438502676,
68,	0.011194029850746268,0.016042780748663103,	0.012658227848101266,0.016042780748663103,
452,150,	0.02610966057441253,0.10695187165775401,	0.025495750708215296,0.0962566844919786,
88,80,	0.01639344262295082,0.0106951871657754,	0.01639344262295082,0.0106951871657754,
116,42,	0.02806122448979592,0.058823529411764705,	0.028645833333333332,0.058823529411764705,
185,331,	0.011560693641618497,0.0427807486631016,	0.011560693641618497,0.0427807486631016,
136,150,	0.030211480362537766,0.10695187165775401,	0.030349013657056147,0.10695187165775401,
75,42,	1.0,0.0053475935828877,
116,185,	0.03773584905660377,0.0106951871657754,	0.03773584905660377,0.0106951871657754,
185,461,	0.01079913606911447,0.16042780748663102,	0.011210762331838564,0.16042780748663102,
147,150,	0.04526748971193416,0.11764705882352941,	0.04526748971193416,0.11764705882352941,
185,224,	0.010388739946380697,0.1657754010695187,	0.010719225449515906,0.1657754010695187,
185,94,	0.011019283746556474,0.0427807486631016,	0.011019283746556474,0.0427807486631016,
173,150,	0.018625561978163133,0.15508021390374332,	0.018637532133676093,0.15508021390374332,
235,375,	0.012195121951219513,0.10695187165775401,	0.012217470983506415,0.10695187165775401,
353,185,	0.031746031746031744,0.0106951871657754,	0.031746031746031744,0.0106951871657754,
170,150,	0.019428571428571427,0.09090909090909091,	0.019473081328751432,0.09090909090909091,
348,42,	0.16666666666666666,0.0053475935828877,	0.16666666666666666,0.0053475935828877,
10,150,	0.026905829596412557,0.12834224598930483,	0.02696629213483146,0.12834224598930483,
185,25,	0.011111111111111112,0.0855614973262032,	0.011111111111111112,0.0855614973262032,
185,318,	1.0,0.0053475935828877,	1.0,0.0053475935828877,
348,150,	0.01818181818181818,0.26737967914438504,	0.018269947800149143,0.2620320855614973,
353,42,	0.023255813953488372,0.0481283422459893,	0.023872679045092837,0.0481283422459893,
235,230,	0.03090507726269316,0.0748663101604278,	0.030973451327433628,0.0748663101604278,
309,150,	0.018901209677419355,0.40106951871657753,	0.019083969465648856,0.34759358288770054,
346,257,	0.011976047904191617,0.03208556149732621,	0.2222222222222222,0.0106951871657754,
327,80,	0.0502283105022831,0.058823529411764705,	0.04830917874396135,0.053475935828877004,
348,410,185,	0.1070615034168565,0.5026737967914439,	0.10804597701149425,0.5026737967914439,
346,109,185,	0.012300952059988204,0.7807486631016043,	0.015401540154015401,0.5989304812834224,
88,325,185,	0.022850020772746157,0.5882352941176471,	0.019587977034785545,0.31016042780748665,
173,373,185,	0.17557251908396945,0.12299465240641712,	0.18548387096774194,0.12299465240641712,
353,116,185,	0.21951219512195122,0.0962566844919786,	0.21951219512195122,0.0962566844919786,
136,373,185,	0.2827868852459016,0.3689839572192513,	0.3036649214659686,0.31016042780748665,
216,453,185,	0.014122137404580152,0.19786096256684493,
75,73,185,	0.01204617701187887,0.3850267379679144,	0.011689691817215728,0.17647058823529413,
211,448,185,	0.13812154696132597,0.13368983957219252,	0.16666666666666666,0.0053475935828877,
182,419,185,	0.014492753623188406,0.0481283422459893,
147,111,185,	0.0787037037037037,0.09090909090909091,	0.0787037037037037,0.09090909090909091,
353,353,185,	0.19767441860465115,0.09090909090909091,	0.19767441860465115,0.09090909090909091,
452,373,185,	0.2357142857142857,0.17647058823529413,	0.24166666666666667,0.15508021390374332,
147,384,185,	0.1411764705882353,0.25668449197860965,	0.1640625,0.22459893048128343,
309,384,185,	0.07954545454545454,0.0748663101604278,	0.09090909090909091,0.06417112299465241,
310,312,185,	0.012190706095353047,0.5401069518716578,
309,111,185,	0.06340895869691682,0.5828877005347594,	0.06939854593522803,0.5614973262032086,
10,215,185,	0.1267605633802817,0.1443850267379679,	0.1267605633802817,0.1443850267379679,
348,407,185,	0.08527131782945736,0.11764705882352941,	0.08536585365853659,0.11229946524064172,
309,373,185,	0.10493827160493827,0.09090909090909091,	0.1111111111111111,0.08021390374331551,
123,360,185,	0.047697368421052634,0.15508021390374332,
10,410,185,	0.11666666666666667,0.11229946524064172,	0.11666666666666667,0.11229946524064172,
173,215,185,	0.17391304347826086,0.10695187165775401,	0.17391304347826086,0.10695187165775401,
348,247,185,	0.12814070351758794,0.2727272727272727,	0.125,0.25668449197860965,
452,111,185,	0.1437308868501529,0.25133689839572193,	0.14733542319749215,0.25133689839572193,
116,116,185,	0.2222222222222222,0.0962566844919786,	0.2222222222222222,0.0962566844919786,
201,438,185,	0.021568627450980392,0.058823529411764705,
170,111,185,	0.05263157894736842,0.12299465240641712,	0.052752293577981654,0.12299465240641712,
173,410,185,	0.20964360587002095,0.5347593582887701,	0.21008403361344538,0.5347593582887701,
136,410,185,	0.21495327102803738,0.12299465240641712,	0.21495327102803738,0.12299465240641712,
452,410,185,	0.14193548387096774,0.11764705882352941,	0.14666666666666667,0.11764705882352941,
309,247,185,	0.091324200913242,0.10695187165775401,	0.08695652173913043,0.0962566844919786,
452,247,185,	0.12554112554112554,0.15508021390374332,	0.12385321100917432,0.1443850267379679,
173,72,185,	0.0755813953488372,0.34759358288770054,	0.07575757575757576,0.34759358288770054,
136,215,185,	0.22535211267605634,0.1711229946524064,	0.22535211267605634,0.1711229946524064,
235,472,185,	0.03432228039557882,0.3155080213903743,	0.03451776649746193,0.18181818181818182,
10,111,185,	0.11904761904761904,0.26737967914438504,	0.11904761904761904,0.26737967914438504,
82,319,185,	0.017994858611825194,0.0748663101604278,	0.031446540880503145,0.026737967914438502,
452,72,185,	0.0915032679738562,0.0748663101604278,	0.0821917808219178,0.06417112299465241,
85,322,185,	0.018518518518518517,0.06417112299465241,
225,462,185,	0.0668693009118541,0.11764705882352941,	0.058823529411764705,0.0053475935828877,
147,72,185,	0.12903225806451613,0.06417112299465241,	0.12903225806451613,0.06417112299465241,
170,407,185,	0.0896551724137931,0.34759358288770054,	0.08179012345679013,0.28342245989304815,
348,373,185,	0.17903930131004367,0.2192513368983957,	0.19806763285024154,0.2192513368983957,
371,134,185,	0.07852564102564102,0.2620320855614973,	0.07852564102564102,0.2620320855614973,
75,312,185,	0.023288051011921263,0.44919786096256686,
110,347,185,	0.7272727272727273,0.0427807486631016,	0.7272727272727273,0.0427807486631016,
10,72,185,	0.08187134502923976,0.0748663101604278,	0.08187134502923976,0.0748663101604278,
10,384,185,	0.016483516483516484,0.016042780748663103,	0.017241379310344827,0.016042780748663103,
147,247,185,	0.018867924528301886,0.016042780748663103,	0.02097902097902098,0.016042780748663103,
26,410,185,	0.13793103448275862,0.0213903743315508,	0.13793103448275862,0.0213903743315508,
136,247,185,	0.23255813953488372,0.10695187165775401,	0.22058823529411764,0.08021390374331551,
310,73,185,	0.01008533747090768,0.7647058823529411,
348,215,185,	0.1684981684981685,0.24598930481283424,	0.1684981684981685,0.24598930481283424,
348,111,185,	0.07173913043478261,0.7058823529411765,	0.0717835450027609,0.6951871657754011,
429,192,185,	1.0,0.0106951871657754,	1.0,0.0106951871657754,
348,263,185,	0.11320754716981132,0.03208556149732621,	0.13333333333333333,0.03208556149732621,
278,41,185,	0.10610079575596817,0.21390374331550802,	0.19298245614035087,0.058823529411764705,
348,72,185,	0.05995203836930456,0.5347593582887701,	0.06203007518796992,0.5294117647058824,
173,111,185,	0.10222222222222223,0.4919786096256685,	0.10233592880978866,0.4919786096256685,
347,110,185,	0.6363636363636364,0.0374331550802139,	0.6363636363636364,0.0374331550802139,
354,117,185,	0.05263157894736842,0.0427807486631016,	0.041666666666666664,0.03208556149732621,
166,403,185,	0.4044943820224719,0.1925133689839572,	0.37662337662337664,0.15508021390374332,
26,263,185,	0.34615384615384615,0.0481283422459893,	0.3333333333333333,0.03208556149732621,
10,247,185,	0.1444866920152091,0.40641711229946526,	0.13267326732673268,0.3582887700534759,
185,422,185,	0.13443565780014377,1.0,	1.0,0.5935828877005348,
10,373,185,	0.26666666666666666,0.10695187165775401,	0.21428571428571427,0.08021390374331551,
26,72,185,	0.028037383177570093,0.0481283422459893,	0.02857142857142857,0.0481283422459893,
1,238,185,	0.08196721311475409,0.18716577540106952,
116,353,185,	0.24719101123595505,0.11764705882352941,	0.24719101123595505,0.11764705882352941,
309,410,185,	0.09238451935081149,0.39572192513368987,	0.100418410041841,0.3850267379679144,
309,263,185,	0.05913978494623656,0.058823529411764705,	0.0603448275862069,0.0374331550802139,
309,215,185,	0.08695652173913043,0.0748663101604278,	0.07096774193548387,0.058823529411764705,
309,72,185,	0.043945068664169785,0.9411764705882353,	0.04575757575757576,0.8074866310160428,
396,159,185,	0.2777777777777778,0.08021390374331551,	0.2777777777777778,0.08021390374331551,
173,247,185,	0.10795454545454546,0.10160427807486631,	0.10857142857142857,0.10160427807486631,
327,90,185,	0.01194288186932064,0.7379679144385026,	0.01133877063855182,0.6096256684491979,
348,384,185,	0.1,0.10695187165775401,	0.10152284263959391,0.10695187165775401,
158,395,185,	0.07432432432432433,0.058823529411764705,
452,215,185,	0.20630372492836677,0.3850267379679144,	0.19879518072289157,0.35294117647058826,
173,384,185,	0.057692307692307696,0.03208556149732621,	0.05825242718446602,0.03208556149732621,
14,251,185,	0.14130434782608695,0.06951871657754011,
213,450,185,	0.1643835616438356,0.06417112299465241,
26,111,185,	0.0684931506849315,0.026737967914438502,	0.06944444444444445,0.026737967914438502,
147,410,185,	0.034482758620689655,0.026737967914438502,	0.034482758620689655,0.026737967914438502,
173,263,185,	0.15151515151515152,0.026737967914438502,	0.16129032258064516,0.026737967914438502,
136,111,185,	0.2198952879581152,0.22459893048128343,	0.2198952879581152,0.22459893048128343,
159,396,185,	0.29508196721311475,0.0962566844919786,	0.29508196721311475,0.0962566844919786,
136,72,185,	0.11450381679389313,0.08021390374331551,	0.11450381679389313,0.08021390374331551,
