217,66,	1.0,0.14215686274509803,
153,432,	0.029411764705882353,0.004901960784313725,
153,326,	0.019230769230769232,0.029411764705882353,	0.10526315789473684,0.6666666666666666,
454,66,	0.9354838709677419,0.14215686274509803,
320,148,	0.02857142857142857,0.004901960784313725,
66,303,66,	0.19227144203581528,1.0,	1.0,1.0,
153,83,66,	0.20251572327044026,0.7892156862745098,	1.0,0.3333333333333333,
73,390,66,	1.0,0.00980392156862745,
153,310,66,	0.14285714285714285,0.00980392156862745,
73,75,66,	0.0810126582278481,0.3137254901960784,
73,83,66,	0.034482758620689655,0.004901960784313725,
153,390,66,	0.24893314366998578,0.8578431372549019,	1.0,1.0,
312,75,66,	0.10983606557377049,0.3284313725490196,
320,310,66,	0.0625,0.004901960784313725,
312,310,66,	0.08902077151335312,0.29411764705882354,
320,83,66,	0.15345528455284552,0.7401960784313726,	0.3333333333333333,0.3333333333333333,
73,310,66,	0.08170731707317073,0.3284313725490196,
312,83,66,	0.4,0.0196078431372549,
1,238,66,	0.09375,0.029411764705882353,
320,75,66,	0.5,0.00980392156862745,
320,390,66,	0.182883939038687,0.7647058823529411,	0.5,0.3333333333333333,
