218,6,	0.26666666666666666,0.008097165991902834,	0.26666666666666666,0.01098901098901099,
218,404,	0.015151515151515152,0.0020242914979757085,
218,38,	0.25,0.020242914979757085,	0.22857142857142856,0.02185792349726776,
324,105,	1.0,0.012145748987854251,	1.0,0.01639344262295082,
142,4,	0.4090909090909091,0.018218623481781375,	0.3157894736842105,0.01639344262295082,
142,59,	0.246104245029554,0.9271255060728745,	0.21455457967377667,0.9344262295081968,
87,105,	1.0,0.012145748987854251,	1.0,0.01639344262295082,
142,379,	0.010395010395010396,0.010121457489878543,
218,326,	0.6637931034482759,0.15587044534412955,	0.7101449275362319,0.1346153846153846,
105,76,	0.3968609865470852,0.7165991902834008,	0.375,0.7213114754098361,
105,87,	0.23076923076923078,0.018218623481781375,	0.26666666666666666,0.02185792349726776,
105,324,	0.6,0.018218623481781375,	0.6153846153846154,0.02197802197802198,
105,313,	0.41097424412094063,0.742914979757085,	0.3895184135977337,0.7554945054945055,
105,334,97,	0.011904761904761904,0.0020242914979757085,
105,108,345,	0.034642567489282815,0.6052631578947368,
105,167,404,	0.0330188679245283,0.01417004048582996,	0.16666666666666666,0.0027472527472527475,
218,455,105,	0.38797364085667213,0.9534412955465587,	0.43306010928961747,0.8661202185792349,
105,342,105,	0.08221283134844411,0.4331983805668016,	0.10798816568047337,0.5983606557377049,
105,419,182,	0.09505703422053231,0.05060728744939271,	0.11290322580645161,0.019230769230769232,
142,94,59,	0.5467625899280576,0.15384615384615385,	0.5048543689320388,0.14207650273224043,
218,108,345,	0.043795620437956206,0.18218623481781376,
105,60,297,	0.375,0.024291497975708502,	0.25,0.008241758241758242,
105,293,56,	0.031192660550458717,0.03441295546558704,	0.04642857142857143,0.03571428571428571,
142,59,76,	0.15363735070575463,0.5728744939271255,	0.13577863577863578,0.5765027322404371,
142,138,59,	0.5,0.024291497975708502,	0.5,0.02459016393442623,
105,296,59,	0.1252079866888519,0.6093117408906883,	0.10719530102790015,0.5983606557377049,
105,109,346,	0.11290322580645161,0.02834008097165992,	0.13559322033898305,0.02197802197802198,
142,179,59,	0.2651331719128329,0.8866396761133604,	0.2317596566523605,0.8852459016393442,
142,191,59,	0.26578472639807577,0.8947368421052632,	0.23245924875974486,0.8961748633879781,
105,109,56,	0.03773584905660377,0.012145748987854251,	0.043478260869565216,0.005494505494505495,
105,350,113,	0.20270270270270271,0.030364372469635626,	0.2727272727272727,0.03296703296703297,
105,296,105,	0.5405405405405406,0.44534412955465585,	0.5506756756756757,0.4453551912568306,
218,183,59,	0.07575757575757576,0.010121457489878543,	0.078125,0.01366120218579235,
105,142,59,	0.5079365079365079,0.06477732793522267,	0.46938775510204084,0.06284153005464481,
105,293,346,	0.01764705882352941,0.012145748987854251,	0.011363636363636364,0.005494505494505495,
105,76,76,	0.27181208053691275,0.819838056680162,	0.24897624897624898,0.8306010928961749,
142,379,105,	0.09852941176470588,0.5425101214574899,	0.10512950736414424,0.5655737704918032,
142,416,59,	0.2651331719128329,0.8866396761133604,	0.2317596566523605,0.8852459016393442,
105,296,379,	0.015238095238095238,0.016194331983805668,
142,223,326,	0.3236151603498542,0.4493927125506073,	0.31746031746031744,0.38461538461538464,
105,342,59,	0.5789473684210527,0.022267206477732792,	0.5,0.02185792349726776,
105,89,326,	0.6345291479820628,0.5728744939271255,	0.6808510638297872,0.5274725274725275,
142,59,313,	0.16657852987837124,0.6376518218623481,	0.14705882352941177,0.6456043956043956,
105,313,313,	0.27518104015799866,0.8461538461538461,	0.25779967159277506,0.8626373626373627,
218,460,59,	0.3993095512082854,0.7024291497975709,	0.3694968553459119,0.6420765027322405,
142,331,59,	0.3870967741935484,0.09716599190283401,	0.330188679245283,0.09562841530054644,
105,313,76,	0.2731543624161074,0.8238866396761133,	0.2502050861361772,0.8333333333333334,
105,134,371,	0.36585365853658536,0.1214574898785425,	0.38016528925619836,0.12637362637362637,
105,76,313,	0.27796161482461945,0.8502024291497976,	0.255663430420712,0.8681318681318682,
142,428,59,	0.26578472639807577,0.8947368421052632,	0.23245924875974486,0.8961748633879781,
