452,163,	0.17857142857142858,0.004152823920265781,	0.16,0.004788507581803671,
94,163,	0.5454545454545454,0.023255813953488372,	0.5454545454545454,0.026897214217098942,
310,163,	0.17289719626168223,0.010243632336655593,
111,163,	0.18405511811023623,0.0517718715393134,	0.18405511811023623,0.052795031055900624,
348,163,	0.223841059602649,0.04678848283499446,	0.2247340425531915,0.05603448275862069,
110,163,	0.21428571428571427,0.0024916943521594683,	0.21428571428571427,0.004030452306314375,
192,163,	0.07758620689655173,0.0024916943521594683,	0.07894736842105263,0.0030221625251846875,
90,163,	0.46296296296296297,0.0069213732004429675,	0.46296296296296297,0.007480550568521843,
0,163,	0.5714285714285714,0.007751937984496124,	0.5714285714285714,0.0110062893081761,
179,163,	1.0,0.1184939091915836,	1.0,0.1389159363842908,
324,163,	0.8571428571428571,0.0049833887043189366,	0.8571428571428571,0.005081874647092038,
75,163,	0.2129032258064516,0.009136212624584718,
235,163,	0.2265625,0.016057585825027684,	0.2265625,0.0197884680996247,
247,163,	0.1366906474820144,0.005260243632336656,	0.12781954887218044,0.005708529214237743,
124,163,	0.8201754385964912,0.1035437430786268,	0.7916666666666666,0.025341780593531177,
98,163,	0.7441860465116279,0.044296788482835,
79,163,	0.7373737373737373,0.040420819490586936,
215,163,	0.1111111111111111,0.0033222591362126247,	0.1111111111111111,0.00473186119873817,
153,163,	0.03225806451612903,0.0027685492801771874,
80,163,	0.8,0.0011074197120708748,	0.8,0.0011594202898550724,
418,163,	0.4074074074074074,0.006090808416389812,	0.325,0.004140127388535032,
375,163,	0.5577299412915852,0.15780730897009967,	0.5577299412915852,0.18118245390972665,
1,163,	0.39344262295081966,0.006644518272425249,
396,163,	0.20512820512820512,0.0022148394241417496,	0.20512820512820512,0.005266622778143515,
100,163,	0.2222222222222222,0.0022148394241417496,	0.2222222222222222,0.00404040404040404,
411,163,	0.7564102564102564,0.016334440753045402,	0.7564102564102564,0.020701754385964912,
138,163,	0.28438948995363217,0.05094130675526024,	0.28438948995363217,0.05891770733269292,
301,163,	0.8269230769230769,0.023809523809523808,	0.8269230769230769,0.02867622540846949,
187,163,	0.20077220077220076,0.014396456256921373,	0.20077220077220076,0.014840182648401826,
78,163,	0.3442622950819672,0.005813953488372093,	0.3442622950819672,0.0067243035542747355,
378,163,	0.6326530612244898,0.00858250276854928,	0.6326530612244898,0.008849557522123894,
31,163,	0.3563766388557807,0.08277962347729789,	0.3563766388557807,0.08441558441558442,
2,163,	0.48128342245989303,0.024916943521594685,	0.48128342245989303,0.025452488687782805,
280,163,	1.0,0.0016611295681063123,	1.0,0.001488095238095238,
311,163,	0.5384615384615384,0.005813953488372093,	0.5384615384615384,0.006735086593970494,
164,163,	0.296875,0.005260243632336656,	0.296875,0.005422374429223744,
423,163,	1.0,0.08970099667774087,	1.0,0.10909090909090909,
147,163,	0.1794871794871795,0.001937984496124031,	0.1794871794871795,0.002478753541076487,
256,163,	0.35,0.003875968992248062,	0.35,0.005520504731861199,
71,163,	0.42028985507246375,0.008028792912513842,	0.42028985507246375,0.010276399716513111,
35,163,	0.42258883248730966,0.09219269102990033,	0.42258883248730966,0.10968379446640317,
286,163,	0.1564625850340136,0.00636766334440753,	0.1568627450980392,0.005410889414947582,
27,163,	0.5660377358490566,0.008305647840531562,	0.5660377358490566,0.009445843828715366,
118,163,	0.7071823204419889,0.035437430786267994,
427,163,	0.546875,0.009689922480620155,	0.546875,0.012402551381998583,
420,163,	0.5607235142118863,0.060077519379844964,	0.5,0.03273998728544183,
107,163,	0.3643122676579926,0.027131782945736434,	0.3643122676579926,0.033007746716066017,
141,163,	0.24031007751937986,0.00858250276854928,	0.24031007751937986,0.010441226002020883,
136,163,	0.20353982300884957,0.00636766334440753,	0.20353982300884957,0.00968421052631579,
26,163,	0.2867132867132867,0.011351052048726468,	0.312,0.014023732470334413,
440,163,	0.1118421052631579,0.004706533776301218,	0.1118421052631579,0.007532122286220647,
302,163,	0.7692307692307693,0.005537098560354375,
297,163,	0.5535714285714286,0.0429125138427464,	0.5390625,0.021932612841703752,
50,163,	0.6240601503759399,0.022978959025470654,	0.6240601503759399,0.026500638569604086,
320,163,	0.029940119760479042,0.0027685492801771874,
268,163,	0.3528009535160906,0.08194905869324474,	0.3528009535160906,0.08356860530773574,
390,163,	0.3045267489711934,0.020487264673311186,
344,163,	0.35555555555555557,0.026578073089700997,	0.35555555555555557,0.03233411923206467,
401,163,	0.75,0.0024916943521594683,	0.75,0.002577319587628866,
252,163,	0.9375,0.004152823920265781,	0.9375,0.0049586776859504135,
109,163,	0.05063291139240506,0.0011074197120708748,	0.058823529411764705,0.0011309018942606728,
361,163,	1.0,0.0016611295681063123,	1.0,0.001488095238095238,
384,163,	0.09782608695652174,0.0024916943521594683,	0.0875,0.0027602523659305996,
48,163,	0.5806451612903226,0.0049833887043189366,	0.5806451612903226,0.008057296329453895,
337,163,	0.42592592592592593,0.00636766334440753,	0.42857142857142855,0.005052206130010104,
239,163,	0.3172690763052209,0.021871539313399777,	0.3172690763052209,0.02627203192550715,
236,163,	0.08536585365853659,0.001937984496124031,	0.08536585365853659,0.003133393017009848,
460,163,	0.20326223337515684,0.08970099667774087,	0.19948186528497408,0.10373863253620748,
19,163,	0.358974358974359,0.003875968992248062,	0.358974358974359,0.005520504731861199,
255,163,	0.5428571428571428,0.005260243632336656,	0.5238095238095238,0.0036041939711664484,
456,163,	0.175,0.001937984496124031,	0.13513513513513514,0.0016789791806581598,
7,163,	0.6941489361702128,0.07225913621262459,	0.6941489361702128,0.07448630136986302,
346,163,	0.2903225806451613,0.0024916943521594683,	0.2903225806451613,0.0031185031185031187,
309,163,	0.2101522842639594,0.057308970099667775,	0.2054794520547945,0.06141248720573183,
161,163,	0.8034188034188035,0.02602436323366556,	0.7954545454545454,0.028409090909090908,
159,163,	0.20512820512820512,0.0022148394241417496,	0.20512820512820512,0.003695150115473441,
232,163,	0.9,0.0024916943521594683,	0.9,0.0030010003334444814,
166,163,	0.17647058823529413,0.0033222591362126247,	0.17647058823529413,0.005029337803855826,
88,163,	0.24864130434782608,0.050664451827242524,	0.24931880108991825,0.062436028659160696,
207,163,	0.7328431372549019,0.08277962347729789,	0.7328431372549019,0.0853310502283105,
64,163,	0.2978723404255319,0.007751937984496124,	0.2978723404255319,0.009469056476158269,
328,163,	0.3482142857142857,0.01079734219269103,
173,163,	0.2371638141809291,0.026854928017718716,	0.2371638141809291,0.03363384188626907,
15,163,	0.1111111111111111,0.004152823920265781,	0.1111111111111111,0.005031868500503187,
260,163,	0.5052631578947369,0.026578073089700997,	0.47058823529411764,0.015701668302257114,
226,163,	0.43548387096774194,0.007475083056478406,	0.43548387096774194,0.009093971034018189,
116,163,	0.31666666666666665,0.005260243632336656,	0.3220338983050847,0.00753669178897263,
424,163,	0.5,0.0011074197120708748,	0.5,0.0013545546901456147,
433,163,	1.0,0.001937984496124031,	1.0,0.001488095238095238,
399,163,	0.1896551724137931,0.003045404208194906,	0.1896551724137931,0.0036496350364963502,
321,163,	1.0,0.0013842746400885937,
123,163,	0.1891891891891892,0.005813953488372093,	0.20754716981132076,0.0046315789473684215,
190,163,	0.6776315789473685,0.02851605758582503,	0.6776315789473685,0.03312962367320682,
398,163,	1.0,0.0016611295681063123,	1.0,0.001488095238095238,
22,163,	0.42736842105263156,0.0562015503875969,	0.5555555555555556,0.003368137420006736,
18,163,	0.13076923076923078,0.009413067552602437,	0.13076923076923078,0.011451667228022903,
69,163,	0.3707865168539326,0.009136212624584718,	0.3707865168539326,0.01111485348602223,
72,163,	0.21358267716535434,0.060077519379844964,	0.21280788177339902,0.07275176827214551,
73,163,	0.046296296296296294,0.0027685492801771874,	0.07142857142857142,0.001,
407,163,	0.4691358024691358,0.010520487264673311,	0.4625,0.012462108454024925,
360,163,	0.36363636363636365,0.0022148394241417496,
175,163,	0.29411764705882354,0.0013842746400885937,	0.29411764705882354,0.0016789791806581598,
237,163,	0.14583333333333334,0.007751937984496124,	0.14583333333333334,0.009890498057223597,
10,163,	0.27522935779816515,0.008305647840531562,	0.27522935779816515,0.012259910093992644,
253,163,	0.25,0.0011074197120708748,	0.26666666666666666,0.001937984496124031,
354,163,	0.28,0.015503875968992248,	0.3,0.01775147928994083,
416,163,	1.0,0.1184939091915836,	1.0,0.1389159363842908,
196,163,	0.819327731092437,0.1079734219269103,	0.8415841584158416,0.027588445309964297,
117,163,	0.55,0.006090808416389812,	0.59375,0.006797853309481216,
146,163,	0.8070175438596491,0.02547065337763012,	0.8070175438596491,0.03067689229743248,
308,163,	0.6444444444444445,0.008028792912513842,	0.6444444444444445,0.009705488621151271,
112,163,	0.330188679245283,0.12596899224806202,	0.3301818181818182,0.1295662100456621,
289,163,	0.7631578947368421,0.008028792912513842,	0.7631578947368421,0.010869565217391304,
463,163,	0.421875,0.007475083056478406,	0.421875,0.010119940029985007,
244,163,	0.5670103092783505,0.04568106312292359,	0.5670103092783505,0.05406290956749672,
186,163,	1.0,0.08970099667774087,	1.0,0.10909090909090909,
315,163,	0.38461538461538464,0.009689922480620155,	0.37777777777777777,0.011451667228022903,
11,163,	0.4172661870503597,0.016057585825027684,	0.4172661870503597,0.01953519703603907,
83,163,	0.20763723150357996,0.02408637873754153,
295,163,	0.06666666666666667,0.0022148394241417496,
219,163,	0.3181818181818182,0.001937984496124031,	0.3,0.002531645569620253,
183,163,	0.27829457364341087,0.09939091915836101,	0.27829457364341087,0.12091613337824184,
248,163,	0.45112781954887216,0.016611295681063124,	0.45112781954887216,0.020208824520040417,
249,163,	0.47530864197530864,0.04263565891472868,	0.47530864197530864,0.05186931626810374,
223,163,	0.7529880478087649,0.05232558139534884,	0.7529880478087649,0.06134371957156767,
74,163,	0.5681818181818182,0.0069213732004429675,	0.5681818181818182,0.007893905904641616,
285,163,	0.5294117647058824,0.0049833887043189366,	0.5294117647058824,0.008057296329453895,
264,163,	0.5555555555555556,0.013842746400885935,	0.5555555555555556,0.014269406392694063,
325,163,	0.5806451612903226,0.009966777408637873,	0.6470588235294118,0.00701530612244898,
238,163,	0.3333333333333333,0.0016611295681063123,
473,163,	0.375,0.0016611295681063123,
428,163,	1.0,0.11572535991140642,	1.0,0.1393797932644215,
429,163,	0.25806451612903225,0.0022148394241417496,	0.23333333333333334,0.002479631597591215,
403,163,	0.1935483870967742,0.0033222591362126247,	0.17857142857142858,0.003943217665615142,
213,163,	0.2857142857142857,0.0011074197120708748,	0.2857142857142857,0.0019074868860276585,
372,163,	0.18604651162790697,0.004429678848283499,	0.18823529411764706,0.005997001499250375,
191,163,	1.0,0.11572535991140642,	1.0,0.1393797932644215,
306,163,	0.375,0.009136212624584718,	0.375,0.01111485348602223,
12,163,	0.4735202492211838,0.042081949058693245,	0.4735202492211838,0.05119568878410239,
414,163,	0.5245901639344263,0.008859357696566999,	0.5245901639344263,0.01199400299850075,
170,163,	0.215,0.023809523809523808,	0.215,0.034317637669592976,
177,163,	0.5079365079365079,0.008859357696566999,	0.5079365079365079,0.01199400299850075,
162,163,	0.2727272727272727,0.0049833887043189366,	0.2727272727272727,0.005888125613346418,
472,163,	0.5121951219512195,0.011627906976744186,	0.43478260869565216,0.003202049311559398,
410,163,	0.16155088852988692,0.02768549280177187,	0.16155088852988692,0.028538812785388126,
16,163,	0.5,0.0024916943521594683,	0.5,0.003548895899053628,
174,163,	0.6447368421052632,0.027131782945736434,	0.6447368421052632,0.033007746716066017,
365,163,	0.22727272727272727,0.0013842746400885937,
128,163,	0.17391304347826086,0.0011074197120708748,	0.17391304347826086,0.001745962461807071,
58,163,	0.20454545454545456,0.0024916943521594683,	0.20454545454545456,0.003591380686352753,
263,163,	0.20477815699658702,0.016611295681063124,	0.18250950570342206,0.016167059616032334,
312,163,	0.0546448087431694,0.0027685492801771874,
353,163,	0.3076923076923077,0.005537098560354375,	0.3125,0.007933359777865925,
60,163,	0.25069637883008355,0.07475083056478406,	0.25069637883008355,0.09093971034018188,
317,163,	0.23333333333333334,0.005813953488372093,	0.23333333333333334,0.007009345794392523,
52,163,	0.7777777777777778,0.007751937984496124,	0.7777777777777778,0.010494752623688156,
331,163,	0.5094339622641509,0.022425249169435217,	0.5094339622641509,0.025936599423631124,
43,163,	0.8166666666666667,0.08139534883720931,	0.875,0.014004668222740914,
181,163,	0.32456140350877194,0.010243632336655593,	0.32456140350877194,0.012462108454024925,
96,163,	0.1409090909090909,0.00858250276854928,
203,163,	0.8235294117647058,0.007751937984496124,	0.8235294117647058,0.00984182776801406,
287,163,	0.7361878453038674,0.14756367663344408,	0.7361878453038674,0.17952172448635903,
23,163,	0.7425742574257426,0.04152823920265781,	0.7425742574257426,0.05052206130010104,
84,163,	0.21239669421487603,0.07115171650055371,	0.2857142857142857,0.0034118048447628795,
347,163,	0.23076923076923078,0.0024916943521594683,	0.23076923076923078,0.006401137980085348,
49,163,	0.6451612903225806,0.005537098560354375,	0.6451612903225806,0.006404098623118796,
349,163,	0.3347794649313087,0.12818383167220376,	0.3347826086956522,0.13184931506849315,
373,163,	0.17796610169491525,0.005813953488372093,	0.14814814814814814,0.006309148264984227,
444,163,	0.45132743362831856,0.014119601328903655,	0.45132743362831856,0.01695478723404255,
327,163,	0.22767419038272815,0.06423034330011074,	0.22473118279569892,0.07063197026022305,
87,163,	0.8571428571428571,0.0049833887043189366,	0.8571428571428571,0.005081874647092038,
249,12,163,	0.4394250513347023,0.0592469545957918,	0.4394250513347023,0.07207814078814416,
297,349,163,	0.5436893203883495,0.046511627906976744,	0.5068493150684932,0.023521932612841703,
348,390,163,	0.19218241042345277,0.032668881506090805,
10,31,163,	0.22784810126582278,0.019933554817275746,	0.22784810126582278,0.029423784225582346,
373,309,163,	0.15289256198347106,0.010243632336655593,	0.14473684210526316,0.013012618296529969,
111,452,163,	0.2976190476190476,0.013842746400885935,	0.2976190476190476,0.014116318464144552,
348,112,163,	0.2153316106804479,0.06921373200442968,	0.2158894645941278,0.08289124668435013,
420,249,163,	0.578125,0.030730897009966777,	0.5130434782608696,0.018753973299427844,
107,112,163,	0.2751842751842752,0.031007751937984496,	0.2751842751842752,0.037723139104075445,
348,344,163,	0.24778761061946902,0.031007751937984496,	0.24833702882483372,0.03713527851458886,
344,349,163,	0.26356589147286824,0.02823920265780731,	0.26356589147286824,0.03435500168406871,
7,420,163,	0.7057728119180633,0.10492801771871539,	0.7025862068965517,0.0930365296803653,
249,107,163,	0.3890577507598784,0.035437430786267994,	0.3890577507598784,0.04311215897608622,
31,348,163,	0.42857142857142855,0.0016611295681063123,	0.42857142857142855,0.0016939582156973462,
416,428,163,	1.0,0.09413067552602436,	1.0,0.11035378123985719,
416,416,163,	1.0,0.1184939091915836,	1.0,0.1389159363842908,
249,349,163,	0.3561320754716981,0.04180509413067553,	0.35697399527186763,0.050858875042101716,
112,111,163,	0.19451219512195123,0.08831672203765227,	0.19402074435631483,0.09075342465753425,
173,344,163,	0.24778761061946902,0.015503875968992248,	0.24778761061946902,0.019417475728155338,
179,428,163,	1.0,0.09413067552602436,	1.0,0.11035378123985719,
113,350,163,	0.13590772316950853,0.15005537098560354,	0.14717948717948717,0.19333108790838666,
107,344,163,	0.41363636363636364,0.050387596899224806,	0.41363636363636364,0.0613001010441226,
112,390,163,	0.20349761526232116,0.035437430786267994,
112,410,163,	0.184966838614591,0.0694905869324474,	0.18436578171091444,0.07134703196347032,
191,191,163,	1.0,0.11572535991140642,	1.0,0.1393797932644215,
31,390,163,	0.20738636363636365,0.020210409745293468,
268,60,163,	0.22210300429184548,0.057308970099667775,	0.22210300429184548,0.05844155844155844,
7,244,163,	0.7725321888412017,0.14950166112956811,	0.7725321888412017,0.1541095890410959,
12,410,163,	0.2773722627737226,0.021040974529346623,	0.2773722627737226,0.025597844392051195,
173,349,163,	0.20147058823529412,0.037929125138427465,	0.20147058823529412,0.04750346740638003,
31,460,163,	0.2197106690777577,0.06727574750830564,	0.2197106690777577,0.06860530773574251,
72,452,163,	0.1917808219178082,0.01937984496124031,	0.19003115264797507,0.02054563826204109,
59,296,163,	0.8055555555555556,0.12846068660022147,	0.8073555166374781,0.15371790596865623,
138,191,163,	0.44871794871794873,0.03875968992248062,	0.44871794871794873,0.04482869036183157,
239,2,163,	0.3312883435582822,0.029900332225913623,	0.3312883435582822,0.035916195543731294,
377,140,163,	0.08796296296296297,0.010520487264673311,	0.08796296296296297,0.01247537754432042,
112,60,163,	0.23501997336884153,0.0977297895902547,	0.23451032644903397,0.1004566210045662,
112,460,163,	0.22667429879793932,0.10963455149501661,	0.22623138602520046,0.1127283105022831,
124,361,163,	0.8201754385964912,0.1035437430786268,	0.8227848101265823,0.021673891297099034,
312,309,163,	0.047619047619047616,0.0022148394241417496,
309,60,163,	0.20698254364089774,0.06893687707641195,	0.20496323529411764,0.07608324803821222,
131,368,163,	0.4338952972493345,0.13538205980066445,	0.3582089552238806,0.007628734901462174,
72,75,163,	0.21204819277108433,0.024363233665559248,
331,375,163,	0.07112970711297072,0.004706533776301218,	0.07112970711297072,0.005443483829650976,
375,244,163,	0.666030534351145,0.09662236987818383,	0.666030534351145,0.11093452002542911,
136,112,163,	0.19662921348314608,0.009689922480620155,	0.1977401129943503,0.014736842105263158,
207,444,163,	0.7382645803698435,0.143687707641196,	0.7382645803698435,0.1481164383561644,
111,173,163,	0.21288921071687184,0.08139534883720931,	0.21231884057971015,0.08272162619988707,
249,31,163,	0.32601880877742945,0.028792912513842746,	0.32601880877742945,0.035028629168070056,
249,183,163,	0.3532219570405728,0.04097452934662237,	0.3532219570405728,0.0498484338160997,
297,460,163,	0.5472222222222223,0.054540420819490586,	0.5511363636363636,0.030832803560076286,
12,249,163,	0.4433198380566802,0.0606312292358804,	0.4433198380566802,0.07376220949814752,
410,268,163,	0.45454545454545453,0.0013842746400885937,	0.45454545454545453,0.0014269406392694063,
94,420,163,	0.35502958579881655,0.016611295681063124,	0.30666666666666664,0.01472942683317323,
162,399,163,	0.5774058577405857,0.03820598006644518,	0.5774058577405857,0.045142296368989206,
309,83,163,	0.19019607843137254,0.05370985603543743,	0.3,0.0010235414534288639,
297,344,163,	0.65625,0.01744186046511628,	0.6086956521739131,0.008900190718372537,
186,423,163,	1.0,0.08970099667774087,	1.0,0.10909090909090909,
268,112,163,	0.31129032258064515,0.10686600221483943,	0.3122977346278317,0.10897797854319594,
153,349,163,	0.03459119496855346,0.003045404208194906,
107,249,163,	0.3393939393939394,0.031007751937984496,	0.3393939393939394,0.037723139104075445,
153,31,163,	0.030821917808219176,0.0024916943521594683,
111,170,163,	0.22088353413654618,0.04568106312292359,	0.21983914209115282,0.04630152456239413,
348,349,163,	0.21428571428571427,0.06893687707641195,	0.21484037963761865,0.08255968169761273,
268,268,163,	0.34782608695652173,0.11295681063122924,	0.34782608695652173,0.11518915866741954,
10,112,163,	0.1957894736842105,0.02574750830564784,	0.1962025316455696,0.0380057212913772,
31,31,163,	0.3465859982713915,0.1110188261351052,	0.3465859982713915,0.1132128740824393,
420,349,163,	0.5404040404040404,0.0592469545957918,	0.4861111111111111,0.03337571519389701,
111,75,163,	0.1813953488372093,0.03239202657807309,	0.23529411764705882,0.001129305477131564,
153,183,163,	0.036312849162011177,0.0035991140642303433,
320,111,163,	0.034055727554179564,0.003045404208194906,
344,344,163,	0.39211136890951276,0.04678848283499446,	0.39211136890951276,0.05692152239811384,
320,460,163,	0.034383954154727794,0.0033222591362126247,
344,183,163,	0.2741514360313316,0.029069767441860465,	0.2741514360313316,0.03536544291007073,
249,112,163,	0.35764705882352943,0.042081949058693245,	0.3584905660377358,0.05119568878410239,
2,239,163,	0.3364485981308411,0.03986710963455149,	0.3372365339578454,0.04072398190045249,
295,309,163,	0.11267605633802817,0.004429678848283499,
215,348,163,	0.1346153846153846,0.005813953488372093,	0.1346153846153846,0.008280757097791799,
214,451,163,	0.20119225037257824,0.07475083056478406,	0.20135236664162284,0.09143636983964518,
320,349,163,	0.030864197530864196,0.0027685492801771874,
225,462,163,	0.2563176895306859,0.019656699889258028,	0.22641509433962265,0.004484304932735426,
268,83,163,	0.17248062015503876,0.024640088593576966,
268,111,163,	0.17909002904162633,0.05121816168327796,	0.17909002904162633,0.05223037831733484,
344,111,163,	0.26605504587155965,0.02408637873754153,	0.26605504587155965,0.029302795554058604,
297,31,163,	0.5,0.03045404208194906,	0.43859649122807015,0.01589319771137953,
31,183,163,	0.2648305084745763,0.06921373200442968,	0.2648305084745763,0.07058159232072275,
112,183,163,	0.26298909557408595,0.11351052048726468,	0.2625160462130937,0.11672374429223745,
7,138,163,	0.770197486535009,0.11877076411960133,	0.770197486535009,0.12243150684931507,
349,107,163,	0.2708333333333333,0.05398671096345515,	0.2698191933240612,0.055365296803652965,
249,60,163,	0.37630662020905925,0.029900332225913623,	0.37630662020905925,0.036375884136072754,
349,12,163,	0.28291621327529926,0.07198228128460686,	0.2821350762527233,0.07391552511415525,
223,268,163,	0.7931034482758621,0.044573643410852716,	0.7931034482758621,0.05225576111652061,
304,41,163,	0.19425287356321838,0.04678848283499446,	0.22727272727272727,0.0014269406392694063,
223,112,163,	0.7927272727272727,0.06035437430786268,	0.7927272727272727,0.07075624797143784,
69,306,163,	0.8736842105263158,0.022978959025470654,	0.8736842105263158,0.02795554058605591,
83,73,163,	0.18338970311912814,0.13510520487264674,	0.0781010719754977,0.014398644833427442,
108,345,163,	0.09245742092457421,0.010520487264673311,
163,400,163,	1.0,1.0,
94,297,163,	0.40540540540540543,0.008305647840531562,	0.3275862068965517,0.006083893691962856,
420,460,163,	0.5391304347826087,0.06866002214839424,	0.49407114624505927,0.03973299427844883,
389,152,163,	0.7800546448087432,0.15808416389811739,	0.7338129496402878,0.02910958904109589,
112,247,163,	0.1673913043478261,0.02131782945736434,	0.16335540838852097,0.021118721461187213,
235,472,163,	0.24242424242424243,0.03986710963455149,	0.22929936305732485,0.0368474923234391,
410,309,163,	0.22519083969465647,0.049003322259136214,	0.22535211267605634,0.0502283105022831,
107,107,163,	0.39908256880733944,0.04817275747508306,	0.39908256880733944,0.05860559110811721,
344,112,163,	0.2708860759493671,0.0296234772978959,	0.2708860759493671,0.03603907039407208,
375,138,163,	0.47162992410552945,0.36129568106312293,	0.47162992410552945,0.41481246026700574,
173,72,163,	0.24169184290030213,0.044296788482835,	0.24242424242424243,0.05547850208044383,
183,138,163,	0.25592672413793105,0.13150609080841638,	0.25592672413793105,0.15998652745031997,
407,348,163,	0.47058823529411764,0.017718715393133997,	0.47058823529411764,0.02155607948804311,
375,375,163,	0.6692708333333334,0.07115171650055371,	0.6692708333333334,0.08169103623649078,
12,349,163,	0.37028301886792453,0.043466223698781836,	0.37115839243498816,0.05287975749410576,
10,349,163,	0.18277310924369747,0.02408637873754153,	0.1831578947368421,0.03555373927257867,
349,7,163,	0.20512820512820512,0.0022148394241417496,	0.20512820512820512,0.00228310502283105,
173,83,163,	0.16778523489932887,0.020764119601328904,
410,173,163,	0.2674772036474164,0.07308970099667775,	0.2667342799188641,0.07505707762557078,
348,12,163,	0.252,0.03488372093023256,	0.25250501002004005,0.04177718832891247,
309,12,163,	0.2310513447432763,0.05232558139534884,	0.22933333333333333,0.05868304332992153,
410,310,163,	0.28823529411764703,0.013565891472868217,
249,410,163,	0.2717391304347826,0.020764119601328904,	0.2717391304347826,0.02526103065005052,
268,460,163,	0.21747042766151045,0.06616832779623477,	0.21747042766151045,0.06747600225861096,
72,10,163,	0.24435318275154005,0.03294573643410853,	0.24435318275154005,0.04008083529808016,
5,242,163,	0.2335186656076251,0.08139534883720931,	0.23469387755102042,0.07969507969507969,
348,348,163,	0.3333333333333333,0.0016611295681063123,	0.3333333333333333,0.001989389920424403,
297,249,163,	0.5609756097560976,0.01910299003322259,	0.4406779661016949,0.008264462809917356,
153,268,163,	0.030612244897959183,0.0024916943521594683,
12,12,163,	0.42213114754098363,0.05703211517165006,	0.42213114754098363,0.06938363085213876,
373,348,163,	0.20765027322404372,0.010520487264673311,	0.2087912087912088,0.01498422712933754,
191,428,163,	1.0,0.11572535991140642,	1.0,0.1393797932644215,
348,60,163,	0.22058823529411764,0.04983388704318937,	0.22113022113022113,0.05968169761273209,
416,223,163,	0.7407407407407407,0.03322259136212625,	0.7407407407407407,0.03894839337877313,
328,91,163,	0.2753441802252816,0.12181616832779624,	0.3080568720379147,0.08757157292017514,
31,60,163,	0.21841541755888652,0.05647840531561462,	0.21841541755888652,0.05759457933370977,
323,86,163,	0.14586994727592267,0.022978959025470654,	0.17307692307692307,0.009093971034018189,
331,94,163,	0.5159817351598174,0.031284606866002214,	0.5159817351598174,0.036183157220621195,
423,420,163,	0.7124183006535948,0.03017718715393134,	0.6470588235294118,0.011111111111111112,
173,107,163,	0.24545454545454545,0.014950166112956811,	0.24545454545454545,0.01872399445214979,
428,179,163,	1.0,0.09413067552602436,	1.0,0.11337112370790263,
416,191,163,	1.0,0.09413067552602436,	1.0,0.11035378123985719,
223,60,163,	0.762962962962963,0.05703211517165006,	0.762962962962963,0.06686140863356053,
138,428,163,	0.44871794871794873,0.03875968992248062,	0.44871794871794873,0.04482869036183157,
183,94,163,	0.24539170506912442,0.058970099667774084,	0.24539170506912442,0.07174132704614349,
153,72,163,	0.040160642570281124,0.0027685492801771874,
107,31,163,	0.2834008097165992,0.01937984496124031,	0.2834008097165992,0.023576961940047155,
344,60,163,	0.2779783393501805,0.02131782945736434,	0.2779783393501805,0.02593465813405187,
111,10,163,	0.33766233766233766,0.02159468438538206,	0.33766233766233766,0.0220214568040655,
268,107,163,	0.25139664804469275,0.024916943521594685,	0.25139664804469275,0.025409373235460192,
348,247,163,	0.2751196172248804,0.03183831672203765,	0.2784503631961259,0.038129973474801064,
107,60,163,	0.3079710144927536,0.02353266888150609,	0.3079710144927536,0.02862916807005726,
223,349,163,	0.797153024911032,0.06201550387596899,	0.797153024911032,0.0727036676403765,
247,10,163,	0.5454545454545454,0.013289036544850499,	0.5641025641025641,0.014775016789791807,
223,31,163,	0.7839195979899497,0.04318936877076412,	0.7839195979899497,0.05063291139240506,
344,107,163,	0.3991031390134529,0.04928017718715393,	0.3991031390134529,0.059952846076119906,
112,349,163,	0.30505876341338783,0.16528239202657807,	0.30485933503836316,0.17009132420091325,
83,312,163,	0.15282392026578073,0.10188261351052048,	0.0891089108910891,0.005081874647092038,
420,344,163,	0.6047904191616766,0.027962347729789592,	0.5272727272727272,0.018436109345200253,
138,138,163,	0.18099547511312217,0.01107419712070875,	0.18099547511312217,0.012808197246237591,
12,111,163,	0.2970027247956403,0.03017718715393134,	0.2970027247956403,0.03671269787807342,
460,223,163,	0.2397553516819572,0.10852713178294573,	0.23402909550917142,0.12462108454024924,
111,348,163,	0.21436343852013057,0.10908084163898117,	0.21405228758169934,0.11095426312817618,
12,268,163,	0.345679012345679,0.031007751937984496,	0.345679012345679,0.037723139104075445,
112,12,163,	0.27478448275862066,0.07059800664451828,	0.2740021574973031,0.07248858447488585,
223,83,163,	0.7763157894736842,0.032668881506090805,
60,138,163,	0.22139973082099595,0.09108527131782945,	0.22139973082099595,0.11081172111822163,
60,375,163,	0.24074074074074073,0.07198228128460686,	0.24074074074074073,0.08757157292017514,
428,416,163,	1.0,0.09413067552602436,	1.0,0.11337112370790263,
349,83,163,	0.19072164948453607,0.05121816168327796,
278,41,163,	0.3203342618384401,0.03183831672203765,	0.44642857142857145,0.008665511265164644,
329,92,163,	0.6848184818481848,0.11489479512735326,	0.6619718309859155,0.03166049174806332,
310,312,163,	0.1974025974025974,0.08416389811738649,	0.23076923076923078,0.0029930162953109413,
244,223,163,	0.5982142857142857,0.018549280177187155,	0.5982142857142857,0.021952817824377458,
349,373,163,	0.175,0.015503875968992248,	0.14625850340136054,0.012271689497716894,
138,179,163,	0.4512987012987013,0.0384828349944629,	0.4512987012987013,0.044508485430675634,
297,83,163,	0.5615384615384615,0.020210409745293468,
31,410,163,	0.1696230598669623,0.04235880398671096,	0.1696230598669623,0.04319593450028233,
31,268,163,	0.34957264957264955,0.11323366555924695,	0.34957264957264955,0.11547148503670243,
83,153,163,	0.2858562437893342,0.23892580287929124,	0.0985663082437276,0.015527950310559006,
72,170,163,	0.1980018165304269,0.06035437430786268,	0.19727272727272727,0.07308858201414618,
60,94,163,	0.21238938053097345,0.026578073089700997,	0.21238938053097345,0.03233411923206467,
268,247,163,	0.1581196581196581,0.010243632336655593,	0.15948275862068967,0.010446075663466968,
373,136,163,	0.6071428571428571,0.014119601328903655,	0.6811594202898551,0.018533123028391166,
107,410,163,	0.23214285714285715,0.014396456256921373,	0.23214285714285715,0.017514314584035028,
309,107,163,	0.2157622739018088,0.046234772978959025,	0.21629213483146068,0.052541794609348345,
187,424,163,	0.5816326530612245,0.015780730897009966,	0.5816326530612245,0.016267123287671232,
173,249,163,	0.23943661971830985,0.018826135105204873,	0.23943661971830985,0.023578363384188627,
10,72,163,	0.26495726495726496,0.01716500553709856,	0.26495726495726496,0.025337147527584796,
94,94,163,	0.5119617224880383,0.0296234772978959,	0.5119617224880383,0.03426192763368556,
75,73,163,	0.18144329896907216,0.048726467331118496,	0.14333333333333334,0.014909847434119279,
309,390,163,	0.1725417439703154,0.02574750830564784,
309,72,163,	0.2128589263420724,0.09440753045404209,	0.21034717494894487,0.10542476970317298,
379,142,163,	0.8019169329073482,0.1389811738648948,	0.7857142857142857,0.022007335778592863,
153,60,163,	0.036036036036036036,0.0033222591362126247,
183,423,163,	0.31695721077654515,0.05537098560354374,	0.31695721077654515,0.06736274840013473,
12,60,163,	0.36042402826855124,0.02823920265780731,	0.36042402826855124,0.03435500168406871,
309,111,163,	0.2292576419213974,0.0872093023255814,	0.22906793048973143,0.0989423404981235,
278,67,163,	0.2336842105263158,0.030730897009966777,	0.29577464788732394,0.007279029462738302,
410,31,163,	0.45454545454545453,0.0013842746400885937,	0.45454545454545453,0.0014269406392694063,
268,410,163,	0.1657397107897664,0.04125138427464009,	0.1657397107897664,0.04206662902315076,
375,94,163,	0.5436734693877551,0.18438538205980065,	0.5436734693877551,0.21169739351557534,
173,460,163,	0.2082695252679939,0.03765227021040975,	0.2082695252679939,0.047156726768377254,
211,448,163,	0.1890547263681592,0.010520487264673311,	0.16129032258064516,0.002105263157894737,
73,173,163,	0.03827751196172249,0.0022148394241417496,	0.07142857142857142,0.001,
138,331,163,	0.17333333333333334,0.0035991140642303433,	0.17333333333333334,0.004162664105027218,
107,72,163,	0.28809523809523807,0.03349944629014397,	0.28809523809523807,0.04075446278208151,
320,83,163,	0.056910569105691054,0.003875968992248062,
428,223,163,	0.7467532467532467,0.03183831672203765,	0.7467532467532467,0.0383461153717906,
320,390,163,	0.0547945205479452,0.0033222591362126247,
309,263,163,	0.24269005847953215,0.04595791805094131,	0.24493243243243243,0.04947117024906175,
60,423,163,	0.25996533795493937,0.04152823920265781,	0.25996533795493937,0.05052206130010104,
10,247,163,	0.31316725978647686,0.048726467331118496,	0.31386861313868614,0.07029015120555783,
12,344,163,	0.3617021276595745,0.03294573643410853,	0.3617021276595745,0.04008083529808016,
348,183,163,	0.22175290390707497,0.05813953488372093,	0.2222222222222222,0.06962864721485411,
223,111,163,	0.8067226890756303,0.053156146179401995,	0.8067226890756303,0.062317429406037,
173,112,163,	0.20260492040520983,0.03875968992248062,	0.20260492040520983,0.04854368932038835,
348,107,163,	0.24663677130044842,0.03045404208194906,	0.24663677130044842,0.03647214854111406,
73,309,163,	0.056818181818181816,0.0027685492801771874,	0.07692307692307693,0.001,
12,112,163,	0.3752913752913753,0.044573643410852716,	0.37616822429906543,0.054227012462108454,
60,331,163,	0.21331316187594554,0.03903654485049834,	0.21331316187594554,0.047490737622094985,
348,410,163,	0.2547709923664122,0.0739202657807309,	0.2552581261950287,0.08852785145888595,
247,173,163,	0.15028901734104047,0.007198228128460687,	0.15028901734104047,0.008730691739422432,
309,183,163,	0.20086083213773315,0.07751937984496124,	0.20047169811320756,0.08700102354145343,
43,361,163,	0.8166666666666667,0.08139534883720931,	0.8947368421052632,0.011337112370790263,
111,309,163,	0.20923076923076922,0.0753045404208195,	0.20926640926640927,0.07651044607566347,
72,348,163,	0.21160409556313994,0.0858250276854928,	0.21120984278879015,0.10407544627820815,
153,410,163,	0.040145985401459854,0.003045404208194906,
31,349,163,	0.308191403081914,0.10520487264673312,	0.30869212022745735,0.10728402032749859,
111,310,163,	0.26854219948849106,0.029069767441860465,
72,309,163,	0.2445274959957288,0.12679955703211518,	0.2393258426966292,0.14348265409228697,
346,109,163,	0.21115537848605578,0.08803986710963455,	0.21282279608192342,0.08281358281358281,
320,410,163,	0.03125,0.0024916943521594683,
344,268,163,	0.2862903225806452,0.019656699889258028,	0.2862903225806452,0.023913775682047826,
348,111,163,	0.25637065637065637,0.09191583610188261,	0.25676720804331016,0.11007957559681697,
375,297,163,	0.6056644880174292,0.0769656699889258,	0.5875,0.07469802924348379,
183,375,163,	0.2852320675105485,0.09357696566998892,	0.2852320675105485,0.11384304479622769,
287,50,163,	0.7372262773722628,0.16777408637873753,	0.7372262773722628,0.2041091276524082,
410,348,163,	0.2105726872246696,0.06616832779623477,	0.21024734982332155,0.06792237442922375,
327,90,163,	0.20948616600790515,0.08803986710963455,	0.2062004325883201,0.09665427509293681,
230,467,163,	0.5734265734265734,0.09080841638981174,	0.5734265734265734,0.10425937698664971,
31,344,163,	0.2791327913279133,0.02851605758582503,	0.2791327913279133,0.029079616036137776,
297,268,163,	0.5087719298245614,0.03211517165005537,	0.4576271186440678,0.017164653528289893,
249,72,163,	0.30952380952380953,0.03599114064230343,	0.30952380952380953,0.04378578646008757,
348,83,163,	0.18947368421052632,0.044850498338870434,
310,153,163,	0.20029239766081872,0.07585825027685493,	0.18181818181818182,0.0033255736614566014,
309,249,163,	0.22958579881656804,0.05370985603543743,	0.22879177377892032,0.06073012623677926,
249,111,163,	0.273224043715847,0.02768549280177187,	0.273224043715847,0.033681374200067365,
309,460,163,	0.1978319783197832,0.08084163898117387,	0.19419642857142858,0.08904810644831115,
423,138,163,	0.6542056074766355,0.01937984496124031,	0.6542056074766355,0.02356902356902357,
390,73,163,	0.16350275566442132,0.0739202657807309,	0.13414634146341464,0.003139269406392694,
297,112,163,	0.5471698113207547,0.04817275747508306,	0.5202702702702703,0.024475524475524476,
173,410,163,	0.34186746987951805,0.06284606866002215,	0.3429003021148036,0.07871012482662969,
173,60,163,	0.22505307855626328,0.029346622369878183,	0.225531914893617,0.036754507628294034,
390,320,163,	0.290009250693802,0.17358803986710963,	0.0984251968503937,0.007134703196347032,
349,112,163,	0.31371545547594676,0.16971207087486156,	0.31384615384615383,0.17465753424657535,
331,420,163,	0.3411764705882353,0.016057585825027684,	0.30666666666666664,0.01472942683317323,
420,107,163,	0.6125,0.027131782945736434,	0.5188679245283019,0.017482517482517484,
420,390,163,	0.5757575757575758,0.015780730897009966,
138,94,163,	0.19117647058823528,0.0035991140642303433,	0.19117647058823528,0.004162664105027218,
306,69,163,	0.8762886597938144,0.02353266888150609,	0.8762886597938144,0.02862916807005726,
112,268,163,	0.30369026013309136,0.1389811738648948,	0.3032687651331719,0.1429794520547945,
460,428,163,	0.19571045576407506,0.0606312292358804,	0.18657453109575517,0.06365779723812731,
203,440,163,	0.8372093023255814,0.059800664451827246,	0.8372093023255814,0.07592267135325131,
179,416,163,	1.0,0.1184939091915836,	1.0,0.1389159363842908,
84,321,163,	0.21274834437086093,0.07115171650055371,
249,249,163,	0.43037974683544306,0.05647840531561462,	0.43037974683544306,0.06871000336813742,
349,348,163,	0.75,0.0016611295681063123,	0.75,0.0017123287671232876,
416,375,163,	0.8083067092651757,0.07004429678848284,	0.8083067092651757,0.08211619604024667,
297,183,163,	0.7674418604651163,0.07308970099667775,	0.7254901960784313,0.035282898919262555,
407,309,163,	0.42483660130718953,0.017995570321151715,	0.42,0.021219265746042437,
216,453,163,	0.24024024024024024,0.0221483942414175,
420,31,163,	0.51985559566787,0.03986710963455149,	0.44242424242424244,0.023204068658614112,
111,410,163,	0.5,0.0024916943521594683,	0.5,0.002540937323546019,
26,112,163,	0.2543352601156069,0.012181616832779624,	0.25882352941176473,0.015821646889608056,
191,375,163,	0.8202614379084967,0.0694905869324474,	0.8202614379084967,0.08369456485495165,
83,320,163,	0.273094867807154,0.24307862679955702,	0.09966216216216216,0.016657255787690572,
420,410,163,	0.5423728813559322,0.035437430786267994,	0.477124183006536,0.023204068658614112,
268,344,163,	0.2695417789757412,0.02768549280177187,	0.2695417789757412,0.028232636928289104,
268,348,163,	0.5,0.0024916943521594683,	0.5,0.002540937323546019,
31,111,163,	0.17936354869816779,0.05149501661129568,	0.17936354869816779,0.05251270468661773,
268,249,163,	0.25851703406813625,0.03571428571428571,	0.25851703406813625,0.036420101637492944,
349,263,163,	0.16462585034013605,0.03349944629014397,	0.14783821478382148,0.030251141552511414,
72,136,163,	0.21041666666666667,0.027962347729789592,	0.21041666666666667,0.03401818794206803,
281,44,163,	0.09090909090909091,0.02408637873754153,	0.09236234458259325,0.014912532262689992,
60,244,163,	0.22433460076045628,0.09800664451827243,	0.22433460076045628,0.11923206466823846,
186,186,163,	1.0,0.08970099667774087,	1.0,0.10909090909090909,
349,460,163,	0.23415191319246145,0.11351052048726468,	0.2337142857142857,0.11672374429223745,
112,31,163,	0.30933496034167174,0.1403654485049834,	0.3089133089133089,0.14440639269406394,
348,268,163,	0.21820175438596492,0.05509413067552602,	0.21868131868131868,0.0659814323607427,
7,297,163,	0.6994219653179191,0.1004983388704319,	0.7027027027027027,0.08904109589041095,
12,107,163,	0.3798219584569733,0.035437430786267994,	0.3798219584569733,0.04311215897608622,
223,460,163,	0.8305439330543933,0.10991140642303433,	0.8354700854700855,0.12690684842583577,
111,111,163,	0.5,0.0024916943521594683,	0.5,0.002540937323546019,
263,26,163,	0.2990353697749196,0.05149501661129568,	0.27476635514018694,0.049511620074099025,
428,428,163,	1.0,0.11572535991140642,	1.0,0.1393797932644215,
186,297,163,	0.6833333333333333,0.022702104097452935,	0.6341463414634146,0.008754208754208754,
31,83,163,	0.16829745596868884,0.023809523809523808,
31,247,163,	0.14410480349344978,0.009136212624584718,	0.14537444933920704,0.009316770186335404,
173,268,163,	0.22659176029962547,0.03349944629014397,	0.22659176029962547,0.04195561719833565,
12,183,163,	0.35714285714285715,0.04152823920265781,	0.35714285714285715,0.05052206130010104,
112,263,163,	0.1582537517053206,0.03211517165005537,	0.14365411436541142,0.02939497716894977,
349,72,163,	0.20956719817767655,0.07641196013289037,	0.20896656534954408,0.07848173515981735,
112,249,163,	0.275531914893617,0.07170542635658915,	0.2747603833865815,0.07363013698630137,
348,249,163,	0.25146198830409355,0.03571428571428571,	0.251953125,0.042771883289124665,
349,349,163,	0.30749486652977415,0.16583610188261352,	0.30761316872427985,0.170662100456621,
268,349,163,	0.3126510878323932,0.10741971207087486,	0.31366208569118836,0.10954263128176171,
173,12,163,	0.23443223443223443,0.017718715393133997,	0.23529411764705882,0.022191400832177532,
31,72,163,	0.1895674300254453,0.04125138427464009,	0.1895674300254453,0.04206662902315076,
111,136,163,	0.3004694835680751,0.017718715393133997,	0.3004694835680751,0.018068887634105024,
232,469,163,	0.8130671506352087,0.12403100775193798,	0.8199233716475096,0.0713571190396799,
75,320,163,	0.18011695906432748,0.04263565891472868,	0.1348314606741573,0.008321775312066574,
331,138,163,	0.1312127236580517,0.018272425249169437,	0.1312127236580517,0.021133525456292025,
186,138,163,	0.6542056074766355,0.01937984496124031,	0.6542056074766355,0.02356902356902357,
60,297,163,	0.3137254901960784,0.15946843853820597,	0.2609299097848716,0.12664196699225327,
191,223,163,	0.7467532467532467,0.03183831672203765,	0.7467532467532467,0.0383461153717906,
202,439,163,	0.09226932668329177,0.010243632336655593,	0.09550561797752809,0.011482607227288078,
138,420,163,	0.1471861471861472,0.009413067552602437,	0.15602836879432624,0.007044508485430675,
72,173,163,	0.20285714285714285,0.058970099667774084,	0.20285714285714285,0.07174132704614349,
247,309,163,	0.14022140221402213,0.010520487264673311,	0.13414634146341464,0.011081262592343854,
112,112,163,	0.2997936016511868,0.16085271317829458,	0.29958677685950413,0.16552511415525115,
173,390,163,	0.17613636363636365,0.01716500553709856,
320,72,163,	0.03345724907063197,0.0024916943521594683,
31,112,163,	0.3083807973962571,0.10492801771871539,	0.30888345558272207,0.1070016939582157,
97,334,163,	0.6681127982646421,0.08527131782945736,	0.6991869918699187,0.0868979454361738,
38,275,163,	0.3010204081632653,0.049003322259136214,	0.3162878787878788,0.06585173501577288,
348,31,163,	0.21832579185520362,0.05343300110741971,	0.21857304643261607,0.06399204244031831,
223,410,163,	0.7988505747126436,0.0384828349944629,	0.7988505747126436,0.0451152223304122,
183,186,163,	0.31695721077654515,0.05537098560354374,	0.31695721077654515,0.06736274840013473,
190,427,163,	0.6937269372693727,0.05204872646733112,	0.6937269372693727,0.06046960437439691,
138,223,163,	0.5114942528735632,0.024640088593576966,	0.5114942528735632,0.028498238872878643,
304,67,163,	0.30637079455977095,0.1184939091915836,	0.44621513944223107,0.0319634703196347,
310,320,163,	0.19959812458137977,0.08250276854928018,	0.16,0.002660458929165281,
179,375,163,	0.8083067092651757,0.07004429678848284,	0.8083067092651757,0.08211619604024667,
107,349,163,	0.2795969773299748,0.030730897009966777,	0.2795969773299748,0.03738632536207477,
375,423,163,	0.7983870967741935,0.027408637873754152,	0.7983870967741935,0.03146853146853147,
171,408,163,	0.45149253731343286,0.03349944629014397,	0.45149253731343286,0.038744796669868714,
31,12,163,	0.2639175257731959,0.035437430786267994,	0.2639175257731959,0.03613777526821005,
12,72,163,	0.32116788321167883,0.036544850498338874,	0.32116788321167883,0.04445941394408892,
320,112,163,	0.030864197530864196,0.0027685492801771874,
349,247,163,	0.170995670995671,0.021871539313399777,	0.16885964912280702,0.021974885844748857,
12,31,163,	0.34591194968553457,0.03045404208194906,	0.34591194968553457,0.037049511620074096,
297,390,163,	0.5,0.008859357696566999,
112,7,163,	0.17777777777777778,0.0022148394241417496,	0.17777777777777778,0.00228310502283105,
460,7,163,	0.2058011049723757,0.04125138427464009,	0.20285714285714285,0.04782755136409565,
136,373,163,	0.3563218390804598,0.03433001107419712,	0.3677811550151976,0.05094736842105263,
107,268,163,	0.27983539094650206,0.018826135105204873,	0.27983539094650206,0.022903334456045806,
349,111,163,	0.19902020820575628,0.08997785160575858,	0.19852941176470587,0.09246575342465753,
112,72,163,	0.20666161998485996,0.0755813953488372,	0.20606060606060606,0.0776255707762557,
309,247,163,	0.26881720430107525,0.020764119601328904,	0.2559055118110236,0.022176731490958716,
26,72,163,	0.2828282828282828,0.015503875968992248,	0.2962962962962963,0.020136641495864797,
75,153,163,	0.1788715486194478,0.04125138427464009,	0.14634146341463414,0.010402219140083218,
247,348,163,	0.15352697095435686,0.010243632336655593,	0.15352697095435686,0.012424445936870383,
268,12,163,	0.26078028747433263,0.035160575858250276,	0.26078028747433263,0.03585544889892716,
349,410,163,	0.18452380952380953,0.06866002214839424,	0.18391660461653014,0.07049086757990868,
93,330,163,	0.23768115942028986,0.18161683277962348,	0.23279195668986852,0.20276187268440551,
268,390,163,	0.1883656509695291,0.018826135105204873,
173,31,163,	0.234251968503937,0.03294573643410853,	0.234251968503937,0.0412621359223301,
268,31,163,	0.356839422259983,0.11627906976744186,	0.356839422259983,0.11857707509881422,
183,331,163,	0.24495967741935484,0.06727574750830564,	0.24495967741935484,0.08184573930616369,
309,112,163,	0.2118466898954704,0.08416389811738649,	0.2092494313874147,0.09416581371545547,
309,31,163,	0.20352422907488987,0.06395348837209303,	0.20057306590257878,0.07164790174002048,
43,280,163,	0.8166666666666667,0.08139534883720931,	0.8947368421052632,0.011337112370790263,
268,72,163,	0.19363057324840766,0.042081949058693245,	0.19363057324840766,0.04291360813099943,
22,259,163,	0.42736842105263156,0.0562015503875969,	0.5625,0.0030313236780060626,
344,410,163,	0.24242424242424243,0.015503875968992248,	0.24242424242424243,0.018861569552037723,
122,359,163,	0.028187919463087248,0.005813953488372093,	0.028455284552845527,0.005606728073688426,
173,111,163,	0.2627551020408163,0.05703211517165006,	0.26342710997442453,0.07142857142857142,
420,111,163,	0.5382165605095541,0.04678848283499446,	0.4810810810810811,0.028289891926255563,
404,167,163,	0.6729147141518276,0.19878183831672203,	0.6739345887016849,0.22834116856950973,
112,344,163,	0.2756232686980609,0.05509413067552602,	0.27461858529819694,0.05650684931506849,
175,412,163,	0.2603613177470776,0.06782945736434108,	0.25969827586206895,0.0809267965077233,
349,183,163,	0.26893453145057766,0.11600221483942415,	0.26846499678869623,0.11929223744292237,
10,268,163,	0.24014336917562723,0.018549280177187155,	0.24014336917562723,0.027380465876583573,
179,191,163,	1.0,0.09413067552602436,	1.0,0.11035378123985719,
310,73,163,	0.2010145846544071,0.08776301218161683,	0.18032786885245902,0.0036581310276022614,
196,433,163,	0.819327731092437,0.1079734219269103,	0.8695652173913043,0.019474196689386564,
420,60,163,	0.6963855421686747,0.08001107419712071,	0.6017699115044248,0.04322949777495232,
460,138,163,	0.1,0.0011074197120708748,	0.1,0.0013472549680026945,
409,330,163,	0.47804878048780486,0.05426356589147287,	0.3627906976744186,0.024793388429752067,
349,344,163,	0.2751396648044693,0.054540420819490586,	0.27412587412587414,0.05593607305936073,
94,331,163,	0.5088495575221239,0.03183831672203765,	0.5088495575221239,0.03682356708293308,
420,72,163,	0.5268817204301075,0.05426356589147287,	0.4444444444444444,0.029243483788938335,
186,420,163,	0.7124183006535948,0.03017718715393134,	0.6470588235294118,0.011111111111111112,
460,191,163,	0.19571045576407506,0.0606312292358804,	0.18657453109575517,0.06365779723812731,
349,268,163,	0.3134872417982989,0.14285714285714285,	0.3130699088145897,0.14697488584474885,
153,111,163,	0.03934426229508197,0.0033222591362126247,
297,107,163,	0.6631578947368421,0.01744186046511628,	0.6170212765957447,0.009218054672600126,
191,179,163,	1.0,0.09413067552602436,	1.0,0.11337112370790263,
320,60,163,	0.0364741641337386,0.0033222591362126247,
173,348,163,	0.26666666666666666,0.0011074197120708748,	0.26666666666666666,0.0013869625520110957,
55,292,163,	0.8224101479915433,0.10769656699889259,	0.8168604651162791,0.09369789929976659,
111,31,163,	0.4090909090909091,0.0049833887043189366,	0.4090909090909091,0.005081874647092038,
112,83,163,	0.19569672131147542,0.052879291251384276,
215,309,163,	0.12315270935960591,0.0069213732004429675,	0.11616161616161616,0.009069400630914827,
268,183,163,	0.25976768743400214,0.0681063122923588,	0.25976768743400214,0.06945228684359118,
349,31,163,	0.31704337202199145,0.143687707641196,	0.31662591687041564,0.1478310502283105,
420,12,163,	0.585,0.03239202657807309,	0.5,0.018753973299427844,
420,183,163,	0.6812816188870152,0.11184939091915837,	0.5824915824915825,0.054990464081373175,
375,331,163,	0.5435333896872359,0.17801771871539313,	0.5435333896872359,0.20438652256834075,
371,134,163,	0.24876847290640394,0.027962347729789592,	0.24752475247524752,0.04086636697997548,
173,183,163,	0.22482014388489208,0.03460686600221484,	0.22522522522522523,0.04334257975034674,
124,280,163,	0.8201754385964912,0.1035437430786268,	0.8227848101265823,0.021673891297099034,
138,297,163,	0.17258883248730963,0.009413067552602437,	0.1885245901639344,0.007364713416586615,
182,419,163,	0.2534722222222222,0.020210409745293468,	0.3089887640449438,0.019050917907862834,
183,420,163,	0.30368968779564803,0.1777408637873754,	0.28648357565966615,0.17918491074435838,
3,240,163,	0.1323943661971831,0.01301218161683278,	0.12131147540983607,0.012495778453225262,
320,183,163,	0.03235294117647059,0.003045404208194906,
344,31,163,	0.2845528455284553,0.01937984496124031,	0.2845528455284553,0.023576961940047155,
344,12,163,	0.3364485981308411,0.029900332225913623,	0.3364485981308411,0.036375884136072754,
28,265,163,	0.028225806451612902,0.005813953488372093,	0.02610441767068273,0.005206247496996396,
58,295,163,	0.20900076277650648,0.07585825027685493,	0.20916030534351146,0.10933758978451716,
309,410,163,	0.2336283185840708,0.07308970099667775,	0.2339405560882071,0.08324803821221426,
223,390,163,	0.7011494252873564,0.016888150609080842,
107,111,163,	0.2623456790123457,0.02353266888150609,	0.2623456790123457,0.02862916807005726,
73,348,163,	0.039473684210526314,0.0024916943521594683,	0.07142857142857142,0.001,
23,260,163,	0.8004385964912281,0.10105204872646734,	0.7752808988764045,0.09296059279218592,
147,384,163,	0.3487654320987654,0.031284606866002214,	0.34615384615384615,0.035056657223796035,
428,191,163,	1.0,0.11572535991140642,	1.0,0.1393797932644215,
166,403,163,	0.5039370078740157,0.017718715393133997,	0.49166666666666664,0.024727577535624476,
348,460,163,	0.19658886894075403,0.0606312292358804,	0.19694244604316546,0.07261273209549071,
112,373,163,	0.17445482866043613,0.015503875968992248,	0.13945578231292516,0.011700913242009132,
312,348,163,	0.04205607476635514,0.0024916943521594683,
244,349,163,	0.4,0.0011074197120708748,	0.4,0.001310615989515072,
416,179,163,	1.0,0.1184939091915836,	1.0,0.1389159363842908,
460,375,163,	0.20717488789237667,0.06395348837209303,	0.20446096654275092,0.07409902324014819,
249,268,163,	0.32515337423312884,0.029346622369878183,	0.32515337423312884,0.035702256652071405,
138,416,163,	0.4512987012987013,0.0384828349944629,	0.4512987012987013,0.044508485430675634,
428,375,163,	0.8202614379084967,0.0694905869324474,	0.8202614379084967,0.08369456485495165,
191,416,163,	1.0,0.09413067552602436,	1.0,0.11337112370790263,
390,153,163,	0.3091497227356747,0.1852159468438538,	0.13257575757575757,0.009988584474885844,
390,312,163,	0.1471747700394218,0.06201550387596899,
312,173,163,	0.04591836734693878,0.0024916943521594683,
297,72,163,	0.5607142857142857,0.043466223698781836,	0.5462184873949579,0.02066115702479339,
94,375,163,	0.0860655737704918,0.005813953488372093,	0.0860655737704918,0.0067243035542747355,
423,186,163,	1.0,0.08970099667774087,	1.0,0.10909090909090909,
297,60,163,	1.0,0.10077519379844961,	1.0,0.04672600127145582,
42,279,163,	0.19685990338164253,0.0902547065337763,	0.19455252918287938,0.10395010395010396,
179,179,163,	1.0,0.1184939091915836,	1.0,0.1389159363842908,
31,107,163,	0.287292817679558,0.028792912513842746,	0.287292817679558,0.029361942405420668,
10,410,163,	0.27793696275071633,0.026854928017718716,	0.27873563218390807,0.039640375970576215,
153,83,163,	0.05829596412556054,0.0035991140642303433,
153,460,163,	0.03278688524590164,0.0033222591362126247,
154,391,163,	0.19828115408225905,0.08942414174972314,	0.19769673704414586,0.10542476970317298,
94,138,163,	0.13267326732673268,0.018549280177187155,	0.13267326732673268,0.021453730387447967,
297,12,163,	0.6198347107438017,0.020764119601328904,	0.45614035087719296,0.008264462809917356,
26,349,163,	0.25595238095238093,0.011904761904761904,	0.2606060606060606,0.015462064005753326,
331,331,163,	0.48,0.029900332225913623,	0.48,0.0345821325648415,
309,349,163,	0.20902777777777778,0.08333333333333333,	0.2065052950075643,0.0931422722620266,
375,420,163,	0.5086934923000497,0.28349944629014395,	0.509009009009009,0.32326764144945963,
344,249,163,	0.3333333333333333,0.03017718715393134,	0.3333333333333333,0.03671269787807342,
111,390,163,	0.5625,0.0024916943521594683,
443,206,163,	0.6492307692307693,0.05841638981173865,	0.6,0.02054794520547945,
112,107,163,	0.2691771269177127,0.05343300110741971,	0.2681564245810056,0.0547945205479452,
420,83,163,	0.5628415300546448,0.02851605758582503,
320,268,163,	0.026936026936026935,0.0022148394241417496,
309,268,163,	0.20660457239627433,0.06755260243632337,	0.20385674931129477,0.07574206755373593,
153,390,163,	0.07692307692307693,0.004152823920265781,
111,349,163,	0.8,0.0011074197120708748,	0.8,0.001129305477131564,
297,410,163,	0.5243243243243243,0.026854928017718716,	0.46875,0.014303877940241577,
150,387,163,	0.2289910252923579,0.23311184939091917,	0.22938775510204082,0.24099485420240138,
112,348,163,	0.6,0.0016611295681063123,	0.6,0.0017123287671232876,
223,183,163,	0.7774390243902439,0.07059800664451828,	0.7774390243902439,0.0827653359298929,
170,407,163,	0.23809523809523808,0.04844961240310078,	0.23770491803278687,0.06943335993615324,
375,186,163,	0.7983870967741935,0.027408637873754152,	0.7983870967741935,0.03146853146853147,
138,375,163,	0.4933920704845815,0.06201550387596899,	0.4933920704845815,0.07172590457893052,
136,349,163,	0.17486338797814208,0.008859357696566999,	0.17582417582417584,0.013473684210526317,
286,49,163,	0.5362318840579711,0.010243632336655593,	0.49056603773584906,0.00879269529928982,
60,420,163,	0.26536312849162014,0.13150609080841638,	0.23684210526315788,0.11519029976423038,
420,268,163,	0.5243055555555556,0.04180509413067553,	0.4476744186046512,0.024475524475524476,
420,112,163,	0.548469387755102,0.05952380952380952,	0.4861111111111111,0.03337571519389701,
18,255,163,	0.18604651162790697,0.0221483942414175,	0.16279069767441862,0.021219265746042437,
31,249,163,	0.26,0.03599114064230343,	0.26,0.03670242800677583,
72,310,163,	0.23204419889502761,0.046511627906976744,
111,268,163,	0.4090909090909091,0.0049833887043189366,	0.4090909090909091,0.005081874647092038,
60,186,163,	0.25996533795493937,0.04152823920265781,	0.25996533795493937,0.05052206130010104,
331,297,163,	0.3787878787878788,0.0069213732004429675,	0.3076923076923077,0.005123278898495036,
183,244,163,	0.26337448559670784,0.12403100775193798,	0.26337448559670784,0.15089255641630178,
423,423,163,	1.0,0.08970099667774087,	1.0,0.10909090909090909,
10,111,163,	0.27058823529411763,0.03820598006644518,	0.27111984282907664,0.05639558643236616,
35,272,163,	0.42258883248730966,0.09219269102990033,	0.42258883248730966,0.10968379446640317,
88,325,163,	0.22253000923361035,0.06672203765227021,	0.22151898734177214,0.07164790174002048,
452,215,163,	0.31938325991189426,0.04014396456256921,	0.3222748815165877,0.05426975259377494,
179,223,163,	0.7407407407407407,0.03322259136212625,	0.7407407407407407,0.03894839337877313,
183,297,163,	0.28778583379810374,0.14285714285714285,	0.2783048703352309,0.14819804648029639,
460,179,163,	0.19584055459272098,0.06256921373200443,	0.19282511210762332,0.07241495453014483,
107,183,163,	0.28350515463917525,0.03045404208194906,	0.28350515463917525,0.037049511620074096,
460,416,163,	0.19584055459272098,0.06256921373200443,	0.19282511210762332,0.07241495453014483,
410,10,163,	0.36507936507936506,0.01273532668881506,	0.36507936507936506,0.013127853881278538,
349,60,163,	0.23724320742213387,0.0991140642303433,	0.236737400530504,0.10188356164383562,
244,7,163,	0.9130434782608695,0.05813953488372093,	0.9130434782608695,0.06880733944954129,
320,31,163,	0.027210884353741496,0.0022148394241417496,
466,229,163,	0.34306569343065696,0.03903654485049834,	0.2326388888888889,0.021453730387447967,
173,247,163,	0.31555555555555553,0.019656699889258028,	0.3125,0.024271844660194174,
56,293,163,	0.19513513513513514,0.09994462901439645,	0.1969781757134863,0.12009553053565336,
348,72,163,	0.23897058823529413,0.07198228128460686,	0.23941068139963168,0.08620689655172414,
93,172,163,	0.23768115942028986,0.18161683277962348,	0.23279195668986852,0.20276187268440551,
47,284,163,	0.1742627345844504,0.017995570321151715,
72,58,163,	0.21468926553672316,0.010520487264673311,	0.21468926553672316,0.012798922196025598,
349,390,163,	0.19968051118210864,0.03460686600221484,
409,172,163,	0.47804878048780486,0.05426356589147287,	0.3627906976744186,0.024793388429752067,
344,72,163,	0.2819277108433735,0.03239202657807309,	0.2819277108433735,0.03940720781407881,
309,344,163,	0.22306717363751585,0.048726467331118496,	0.22527472527472528,0.05595359945411123,
75,312,163,	0.18993839835728954,0.05121816168327796,	0.14473684210526316,0.0076282940360610264,
410,75,163,	0.19261213720316622,0.020210409745293468,
304,370,163,	0.14328358208955225,0.013289036544850499,
153,112,163,	0.034375,0.003045404208194906,
297,111,163,	0.5310077519379846,0.037929125138427465,	0.5234375,0.02129688493324857,
70,307,163,	0.6631578947368421,0.05232558139534884,	0.6761904761904762,0.04782755136409565,
349,249,163,	0.28647497337593186,0.07447397563676633,	0.2857142857142857,0.07648401826484018,
223,72,163,	0.8055555555555556,0.0562015503875969,	0.8055555555555556,0.0658876987990912,
423,297,163,	0.6833333333333333,0.022702104097452935,	0.6341463414634146,0.008754208754208754,
