30,	0.14678899082568808,0.042666666666666665,	0.18382352941176472,0.042662116040955635,
97,	0.10778781038374718,0.25466666666666665,	0.1662870159453303,0.32662192393736017,
329,	0.152218782249742,0.3933333333333333,	0.17177914110429449,0.1414141414141414,
12,329,	0.02857142857142857,0.02266666666666667,	0.065,0.03282828282828283,
97,298,	0.0385424636572303,0.5373333333333333,	0.056622193296452974,0.4393939393939394,
249,329,	0.02936378466557912,0.024,	0.06018518518518518,0.03282828282828283,
12,70,	0.12105263157894737,0.030666666666666665,	0.12727272727272726,0.03583617747440273,
349,70,	0.075591985428051,0.11066666666666666,	0.08361204013377926,0.12798634812286688,
112,97,	0.02290804963410754,0.096,	0.04259634888438134,0.14093959731543623,
463,70,	0.0847457627118644,0.006666666666666667,	0.09803921568627451,0.008532423208191127,
31,30,	0.014925373134328358,0.006666666666666667,	0.02032520325203252,0.008532423208191127,
174,329,	0.26666666666666666,0.010666666666666666,
107,70,	0.0125,0.0026666666666666666,	0.015151515151515152,0.0034129692832764505,
349,30,	0.03768844221105527,0.02,	0.04697986577181208,0.023890784982935155,
404,157,	0.0125,0.0013333333333333333,
404,369,	0.015625,0.0013333333333333333,
268,273,	0.0313588850174216,0.012,	0.07142857142857142,0.007575757575757576,
268,30,	0.01639344262295082,0.006666666666666667,	0.022321428571428572,0.008532423208191127,
349,273,	0.024077046548956663,0.02,	0.010752688172043012,0.0025252525252525255,
306,70,	0.07575757575757576,0.006666666666666667,	0.09090909090909091,0.008532423208191127,
30,157,	0.01810392482034273,0.17466666666666666,	0.029661016949152543,0.04697986577181208,
404,394,	0.012658227848101266,0.0013333333333333333,
239,70,	0.05673758865248227,0.010666666666666666,	0.06504065040650407,0.013651877133105802,
31,70,	0.065,0.052,	0.07306889352818371,0.059726962457337884,
30,132,	0.020877659574468084,0.20933333333333334,	0.03056768558951965,0.05303030303030303,
12,97,	0.029177718832891247,0.014666666666666666,	0.05555555555555555,0.024608501118568233,
329,61,	0.033526594403831614,0.7093333333333334,	0.04428904428904429,0.12751677852348994,
349,329,	0.034094903339191567,0.12933333333333333,	0.0597667638483965,0.10353535353535354,
70,298,	0.07183393070489845,0.6413333333333333,	0.11894799760908548,0.5025252525252525,
97,369,	0.014269032496938281,0.668,	0.019050174403005098,0.5378787878787878,
2,70,	0.1038961038961039,0.010666666666666666,	0.1111111111111111,0.013651877133105802,
226,70,	0.08196721311475409,0.006666666666666667,	0.09259259259259259,0.008532423208191127,
113,132,	0.13333333333333333,0.0026666666666666666,
30,394,	0.01753653444676409,0.168,	0.026041666666666668,0.050505050505050504,
249,273,	0.0625,0.0013333333333333333,	0.5,0.0025252525252525255,
239,273,	0.05084745762711865,0.012,
70,132,	0.025088881706528766,0.828,	0.03977007922945471,0.6464646464646465,
70,61,	0.06962767516857227,0.6333333333333333,	0.11875335840945728,0.49440715883668906,
249,70,	0.11219512195121951,0.030666666666666665,	0.11602209944751381,0.03583617747440273,
97,132,	0.014828518571225274,0.6946666666666667,	0.020226320948053104,0.5732323232323232,
2,273,	0.031413612565445025,0.008,	0.015873015873015872,0.0025252525252525255,
329,369,	0.011624259645367825,0.84,	0.01525347689546882,0.1717171717171717,
268,329,	0.029025191675794086,0.07066666666666667,	0.05191873589164785,0.05808080808080808,
97,61,	0.03669638667292351,0.5213333333333333,	0.06445182724252492,0.43400447427293065,
174,273,	0.23351648351648352,0.4533333333333333,	0.26517571884984026,0.20959595959595959,
31,97,	0.018790100824931256,0.05466666666666667,	0.03431372549019608,0.07829977628635347,
268,97,	0.017082179132040628,0.04933333333333333,	0.031067961165048542,0.07158836689038031,
349,97,	0.0205706702057067,0.08266666666666667,	0.0383008356545961,0.12304250559284116,
268,70,	0.059654631083202514,0.050666666666666665,	0.06692913385826772,0.05802047781569966,
112,329,	0.034458509142053444,0.13066666666666665,	0.061764705882352944,0.10606060606060606,
70,471,	0.051830985915492955,0.12266666666666666,	0.11528822055137844,0.11616161616161616,
12,273,	0.041666666666666664,0.0013333333333333333,	0.16666666666666666,0.0025252525252525255,
112,70,	0.07749077490774908,0.112,	0.08577878103837472,0.1296928327645051,
404,298,	0.07142857142857142,0.0013333333333333333,
107,329,	0.011547344110854504,0.006666666666666667,
30,298,	0.041340782122905026,0.148,	0.08121827411167512,0.04040404040404041,
97,394,	0.011666092547938914,0.6773333333333333,	0.019561673609853288,0.5454545454545454,
329,394,	0.010737370679677345,0.804,	0.01665009940357853,0.1691919191919192,
31,329,	0.03329571106094808,0.07866666666666666,	0.06074766355140187,0.06565656565656566,
111,273,	0.03333333333333333,0.0013333333333333333,
70,394,	0.025265099124020286,0.7306666666666667,	0.04445988190343869,0.6464646464646465,
329,132,	0.011781651647215246,0.8506666666666667,	0.014892198266281395,0.1691919191919192,
112,273,	0.023411371237458192,0.018666666666666668,
344,329,	0.010256410256410256,0.005333333333333333,	0.01,0.0025252525252525255,
69,70,	0.1111111111111111,0.006666666666666667,	0.125,0.008532423208191127,
30,369,	0.021122023409121487,0.20933333333333334,	0.02962962962962963,0.050505050505050504,
70,234,	0.14462081128747795,0.10933333333333334,	0.2542372881355932,0.08196721311475409,
249,97,	0.03263403263403263,0.018666666666666668,	0.057777777777777775,0.029082774049217,
404,61,	0.07142857142857142,0.0013333333333333333,
404,132,	0.015151515151515152,0.0013333333333333333,
344,70,	0.013888888888888888,0.0026666666666666666,	0.01694915254237288,0.0034129692832764505,
329,298,	0.034434022870358474,0.7146666666666667,	0.0472027972027972,0.13636363636363635,
97,157,	0.01169197999629561,0.6733333333333333,	0.023084291187739463,0.5391498881431768,
70,369,	0.02503139049779254,0.824,	0.04028958136606862,0.6464646464646465,
70,157,	0.02547009332904234,0.7386666666666667,	0.047926580557443914,0.6308724832214765,
113,369,	0.13333333333333333,0.0026666666666666666,
174,70,	0.5,0.0013333333333333333,	0.5,0.0017064846416382253,
329,157,	0.010612201365187713,0.796,	0.01756990843850532,0.15883668903803133,
112,30,	0.024330900243309004,0.013333333333333334,	0.029315960912052116,0.015358361774744027,
31,273,	0.03048780487804878,0.013333333333333334,	0.06976744186046512,0.007575757575757576,
30,61,	0.040140296180826186,0.13733333333333334,	0.09424083769633508,0.040268456375838924,
390,153,70,	0.03352601156069364,0.348,	0.030303030303030304,0.0017064846416382253,
249,112,70,	0.04205607476635514,0.024,	0.04392764857881137,0.02901023890784983,
175,412,70,	0.011647254575707155,0.13066666666666665,	0.011894007828967178,0.1348122866894198,
70,369,157,	0.014687174742685324,0.6773333333333333,	0.05135658914728682,0.9485458612975392,
70,307,329,	0.03152610441767068,0.628,	0.1267605633802817,0.9318181818181818,
70,132,369,	0.011885197793168212,0.54,	0.04577505490694717,1.0,
72,309,329,	0.01544998068752414,0.10666666666666667,	0.014218009478672985,0.045454545454545456,
12,268,70,	0.06046511627906977,0.017333333333333333,	0.06091370558375635,0.020477815699658702,
344,112,70,	0.03,0.012,	0.03409090909090909,0.015358361774744027,
410,348,70,	0.08996539792387544,0.06933333333333333,	0.09324009324009325,0.06825938566552901,
304,67,70,	0.026916698558489605,0.2813333333333333,	0.037429819089207735,0.10238907849829351,
268,348,70,	0.2,0.005333333333333333,	0.2,0.006825938566552901,
107,249,70,	0.057291666666666664,0.029333333333333333,	0.05128205128205128,0.030716723549488054,
329,334,70,	0.02713745054188887,0.8413333333333334,	0.047213951509995744,0.189419795221843,
111,112,70,	0.3333333333333333,0.005333333333333333,	0.3333333333333333,0.006825938566552901,
344,249,70,	0.04896907216494845,0.025333333333333333,	0.0449438202247191,0.027303754266211604,
183,420,70,	0.02799650043744532,0.4693333333333333,	0.02556527667310533,0.3839590443686007,
112,12,70,	0.04212860310421286,0.050666666666666665,	0.042131350681536554,0.05802047781569966,
70,307,70,	0.041245602215734714,0.7346666666666667,	0.1364133406232914,0.8515358361774744,
310,73,329,	0.046875,0.004,
111,170,70,	0.04339440694310511,0.06,	0.04700854700854701,0.05631399317406143,
463,226,70,	0.25,0.068,	0.2571428571428571,0.07679180887372014,
97,92,70,	0.02695685797934044,0.6506666666666666,	0.035729895104895104,0.5580204778156996,
12,249,70,	0.1726027397260274,0.168,	0.1669195751138088,0.18771331058020477,
31,31,70,	0.133888532991672,0.2786666666666667,	0.13441295546558704,0.2832764505119454,
83,320,70,	0.018007252348772044,0.5826666666666667,
70,307,273,	0.25057121096725055,0.43866666666666665,
268,31,97,	0.016697588126159554,0.108,	0.028,0.14093959731543623,
12,12,70,	0.17004680187207488,0.14533333333333334,	0.16607773851590105,0.16040955631399317,
70,167,70,	0.3404255319148936,0.021333333333333333,	0.3404255319148936,0.027303754266211604,
349,112,97,	0.01226032448377581,0.17733333333333334,	0.022661122661122662,0.24384787472035793,
23,260,97,	0.01928696668614845,0.132,	0.028917910447761194,0.13870246085011187,
70,369,369,	0.012692443295334352,0.576,	0.046019755955839625,1.0,
349,112,70,	0.081627558662007,0.436,	0.08078335373317014,0.45051194539249145,
268,268,329,	0.026842362127867253,0.14666666666666667,	0.03606853020739405,0.10101010101010101,
249,349,70,	0.056511056511056514,0.030666666666666665,	0.058011049723756904,0.03583617747440273,
349,112,329,	0.018770012145301978,0.22666666666666666,	0.03216947822675559,0.20707070707070707,
70,132,157,	0.014785722536675523,0.6826666666666666,	0.05185275773511067,0.9485458612975392,
70,92,97,	0.024462600914307946,0.6706666666666666,	0.051867558310226713,0.7114093959731543,
70,334,70,	0.0788948069241012,0.948,	0.14983818770226537,0.7901023890784983,
70,61,298,	0.04011686706371503,0.952,	0.11990801576872537,0.9217171717171717,
70,36,273,	0.01884714751598831,0.5933333333333334,	0.0682295311406578,0.9848484848484849,
349,107,70,	0.011904761904761904,0.012,	0.015817223198594025,0.015358361774744027,
249,12,70,	0.18628912071535023,0.16666666666666666,	0.1829059829059829,0.1825938566552901,
60,260,70,	0.025350932327676514,0.16133333333333333,	0.023617153511497825,0.1296928327645051,
70,394,132,	0.01590677610688395,0.708,	0.04709669726958388,0.9974747474747475,
23,420,70,	0.057380639509417436,0.17466666666666666,	0.0593607305936073,0.1552901023890785,
70,92,70,	0.05779981965734896,0.8546666666666667,	0.0853613569321534,0.7901023890784983,
404,307,70,	0.02702702702702703,0.0013333333333333333,
97,92,329,	0.011122811636172174,0.45066666666666666,	0.033693668398146845,0.6060606060606061,
268,12,70,	0.037914691943127965,0.021333333333333333,	0.03636363636363636,0.023890784982935155,
181,418,70,	0.27111111111111114,0.08133333333333333,	0.24175824175824176,0.07508532423208192,
18,255,70,	0.04514480408858603,0.07066666666666667,	0.030871003307607496,0.04778156996587031,
70,92,329,	0.021736749890494962,0.5293333333333333,	0.08335262792313035,0.9090909090909091,
60,297,70,	0.05058704160023192,0.4653333333333333,	0.03566153196876978,0.2883959044368601,
31,249,70,	0.030685920577617327,0.02266666666666667,	0.029880478087649404,0.025597269624573378,
112,349,97,	0.013760152890587673,0.192,	0.025031289111389236,0.2684563758389262,
31,112,70,	0.08142389525368249,0.2653333333333333,	0.08143651997976732,0.27474402730375425,
344,107,70,	0.1905697445972495,0.12933333333333333,	0.18858560794044665,0.1296928327645051,
111,31,70,	0.3333333333333333,0.005333333333333333,	0.3333333333333333,0.006825938566552901,
70,157,157,	0.014784827950365221,0.672,	0.05123867069486405,0.9485458612975392,
70,307,97,	0.03803208071189707,0.8946666666666667,	0.11646727656579874,0.7404921700223713,
349,349,97,	0.01313248358439552,0.18133333333333335,	0.023859797297297296,0.25279642058165547,
174,411,70,	0.3736075407026564,0.5813333333333334,	0.4016393442622951,0.5853242320819113,
111,348,329,	0.019258720930232558,0.07066666666666667,	0.033003300330033,0.050505050505050504,
349,349,70,	0.07438212927756654,0.41733333333333333,	0.07454331172657631,0.431740614334471,
23,260,70,	0.14527027027027026,0.344,	0.12767710049423395,0.2645051194539249,
273,36,70,	0.010183299389002037,0.006666666666666667,
344,344,70,	0.15306122448979592,0.1,	0.15601023017902813,0.10409556313993173,
249,344,70,	0.03664921465968586,0.018666666666666668,	0.034482758620689655,0.01877133105802048,
410,309,70,	0.04477611940298507,0.02,	0.05240174672489083,0.020477815699658702,
239,2,70,	0.11604095563139932,0.04533333333333334,	0.11567164179104478,0.052901023890784986,
12,112,70,	0.054373522458628844,0.030666666666666665,	0.05759162303664921,0.03754266211604096,
72,309,70,	0.0578397212543554,0.22133333333333333,	0.059282371294851796,0.1945392491467577,
323,86,70,	0.02143569292123629,0.05733333333333333,	0.03486529318541997,0.03754266211604096,
268,31,329,	0.028105395232120453,0.14933333333333335,	0.03636363636363636,0.10101010101010101,
70,132,132,	0.013000641287238384,0.5946666666666667,	0.0469361147327249,1.0,
328,91,70,	0.013453483944663029,0.2826666666666667,	0.01454234388366125,0.17406143344709898,
70,36,70,	0.4280442804428044,0.30933333333333335,	0.49869451697127937,0.32593856655290104,
60,420,70,	0.024207011686143573,0.232,	0.021062618595825425,0.189419795221843,
287,50,329,	0.01178393256494065,0.548,	0.02867735252426126,0.6641414141414141,
112,349,329,	0.018797814207650275,0.22933333333333333,	0.032904689863842665,0.2196969696969697,
70,394,394,	0.015133118133088519,0.6813333333333333,	0.04959196484620213,0.9974747474747475,
70,394,157,	0.014210217263652378,0.6453333333333333,	0.05184641721692345,0.9485458612975392,
407,348,70,	0.30612244897959184,0.06,	0.28205128205128205,0.05631399317406143,
349,348,70,	0.20833333333333334,0.006666666666666667,	0.20833333333333334,0.008532423208191127,
390,73,70,	0.11764705882352941,0.005333333333333333,
70,394,369,	0.01626727832437979,0.7186666666666667,	0.046010483401281305,0.9974747474747475,
31,31,329,	0.02806573957016435,0.148,	0.03925233644859813,0.10606060606060606,
70,369,132,	0.011599030005551174,0.5293333333333333,	0.047182175622542594,1.0,
349,12,70,	0.034178610804851156,0.04133333333333333,	0.03431372549019608,0.04778156996587031,
344,12,70,	0.05352112676056338,0.025333333333333333,	0.04984423676012461,0.027303754266211604,
83,73,70,	0.07894736842105263,0.004,
107,112,70,	0.013559322033898305,0.005333333333333333,	0.015625,0.006825938566552901,
30,267,70,	0.07955482275350372,0.25733333333333336,	0.27586206896551724,0.027303754266211604,
410,173,70,	0.14316702819956617,0.088,	0.15254237288135594,0.09215017064846416,
70,157,369,	0.016080553050796514,0.7133333333333334,	0.04578648429349716,0.9974747474747475,
22,259,70,	0.012895853738165198,0.21066666666666667,	0.1875,0.040955631399317405,
97,36,273,	0.012130446248058835,0.552,	0.02925353059852051,0.6590909090909091,
23,297,70,	0.07921462423832092,0.156,	0.07970244420828905,0.12798634812286688,
112,349,70,	0.07922168172341904,0.456,	0.0797811059907834,0.4726962457337884,
31,12,70,	0.03855421686746988,0.021333333333333333,	0.03723404255319149,0.023890784982935155,
2,239,70,	0.11328125,0.07733333333333334,	0.11134903640256959,0.08873720136518772,
112,249,70,	0.03312444046553268,0.04933333333333333,	0.03290129611166501,0.05631399317406143,
72,348,70,	0.028240405503258507,0.052,	0.03152709359605911,0.05460750853242321,
11,248,70,	0.17475728155339806,0.048,	0.18181818181818182,0.05802047781569966,
306,69,70,	0.8823529411764706,0.06,	0.9090909090909091,0.06825938566552901,
287,50,70,	0.03283281039892425,0.7813333333333333,	0.041636947218259626,0.7969283276450512,
70,369,394,	0.014618268476270744,0.6706666666666666,	0.04871731623088308,0.9974747474747475,
183,260,70,	0.021052631578947368,0.208,	0.022750355474304287,0.19112627986348124,
268,268,70,	0.13174404015056462,0.28,	0.13170347003154576,0.28498293515358364,
69,306,70,	0.8076923076923077,0.084,	0.8412698412698413,0.09044368600682594,
112,268,70,	0.09572649572649573,0.2986666666666667,	0.09561542525092445,0.30887372013651876,
31,268,70,	0.13773934527486104,0.29733333333333334,	0.139389193422083,0.3037542662116041,
70,298,61,	0.042071005917159766,0.948,	0.13671875,0.8612975391498882,
249,31,70,	0.054455445544554455,0.014666666666666666,	0.05434782608695652,0.017064846416382253,
111,309,70,	0.04079497907949791,0.052,	0.043184885290148446,0.05460750853242321,
226,463,70,	0.30177514792899407,0.068,	0.3076923076923077,0.07508532423208192,
31,349,70,	0.08408644400785854,0.2853333333333333,	0.08353569694026226,0.2935153583617747,
176,413,70,	0.02611683848797251,0.050666666666666665,	0.045871559633027525,0.008532423208191127,
111,173,70,	0.07761194029850746,0.06933333333333333,	0.08023483365949119,0.06996587030716724,
310,73,70,	0.1875,0.004,
72,173,70,	0.022321428571428572,0.02,	0.023483365949119372,0.020477815699658702,
112,31,70,	0.09280138768430182,0.2853333333333333,	0.09182590233545647,0.295221843003413,
349,249,70,	0.030303030303030304,0.04533333333333334,	0.03060217176702863,0.052901023890784986,
287,50,273,	0.016302846090080134,0.708,	0.027391304347826086,0.6363636363636364,
31,344,70,	0.010101010101010102,0.0013333333333333333,	0.011627906976744186,0.0017064846416382253,
268,31,70,	0.1367137355584082,0.284,	0.13596138374899436,0.2883959044368601,
249,249,70,	0.14580467675378267,0.14133333333333334,	0.13978494623655913,0.1552901023890785,
268,349,70,	0.08117787504974135,0.272,	0.08062930186823992,0.27986348122866894,
112,112,329,	0.01855967992887308,0.22266666666666668,	0.03272302298402805,0.21212121212121213,
83,153,70,	0.02454473475851148,0.496,
263,26,70,	0.0936768149882904,0.05333333333333334,	0.09556313993174062,0.04778156996587031,
315,78,70,	0.084375,0.036,	0.08865248226950355,0.042662116040955635,
112,112,97,	0.012072620035019814,0.17466666666666666,	0.022448555393889003,0.24161073825503357,
107,344,70,	0.1732776617954071,0.11066666666666666,	0.17525773195876287,0.11604095563139932,
97,307,70,	0.025792584631918324,0.64,	0.05622359441013974,0.590443686006826,
407,309,70,	0.08045977011494253,0.028,	0.09523809523809523,0.030716723549488054,
349,31,70,	0.08917480035492457,0.268,	0.0889252591380251,0.2781569965870307,
407,170,70,	0.33070866141732286,0.112,	0.3402061855670103,0.11262798634812286,
460,223,70,	0.052215636466271524,0.24666666666666667,	0.05199374511336982,0.22696245733788395,
70,157,394,	0.013611883766349055,0.6133333333333333,	0.04673450070989115,0.9974747474747475,
268,249,70,	0.029209621993127148,0.02266666666666667,	0.028409090909090908,0.025597269624573378,
70,334,329,	0.030455490709062855,0.6053333333333333,	0.11183239893773975,0.9570707070707071,
107,12,70,	0.046242774566473986,0.021333333333333333,	0.04153354632587859,0.02218430034129693,
97,334,70,	0.03200573236997671,0.7146666666666667,	0.05876323881106935,0.5870307167235495,
112,348,70,	0.25,0.006666666666666667,	0.25,0.008532423208191127,
287,50,97,	0.01017009939542986,0.5293333333333333,	0.020779402504722592,0.6644295302013423,
404,167,70,	0.01591440826671866,0.8706666666666667,	0.023126180494771272,0.856655290102389,
12,344,70,	0.05804749340369393,0.029333333333333333,	0.055900621118012424,0.030716723549488054,
60,297,329,	0.011189753960229188,0.22133333333333333,	0.0128,0.10101010101010101,
460,223,329,	0.01055992141453831,0.11466666666666667,	0.01263537906137184,0.05303030303030303,
268,112,70,	0.07973695026715988,0.25866666666666666,	0.07957425240750127,0.26791808873720135,
349,349,329,	0.018071625344352617,0.21866666666666668,	0.031635802469135804,0.20707070707070707,
107,107,70,	0.15778251599147122,0.09866666666666667,	0.15915119363395225,0.10238907849829351,
12,107,70,	0.051351351351351354,0.025333333333333333,	0.04854368932038835,0.025597269624573378,
12,31,70,	0.06,0.016,	0.06043956043956044,0.01877133105802048,
349,268,70,	0.09054770318021202,0.2733333333333333,	0.0912568306010929,0.28498293515358364,
112,112,70,	0.07753086419753086,0.4186666666666667,	0.07699302819036072,0.4334470989761092,
329,307,70,	0.020023395031996148,0.776,	0.044916292364230295,0.18771331058020477,
53,290,70,	0.012116316639741519,0.02,
247,10,70,	0.6666666666666666,0.008,	0.5,0.0017064846416382253,
70,157,132,	0.015855005822459765,0.708,	0.046789860222696045,0.9974747474747475,
248,11,70,	0.16738197424892703,0.052,	0.17452830188679244,0.06313993174061433,
31,268,329,	0.027797921198936426,0.15333333333333332,	0.04028648164726947,0.11363636363636363,
344,349,70,	0.026119402985074626,0.009333333333333334,	0.030434782608695653,0.011945392491467578,
70,334,97,	0.02552027950782318,0.672,	0.10457690260777008,0.8791946308724832,
23,260,329,	0.029059040590405903,0.168,	0.04415011037527594,0.10101010101010101,
31,268,97,	0.019266625233064015,0.124,	0.03208791208791209,0.16331096196868009,
183,297,70,	0.01909256677035289,0.23733333333333334,	0.01884718077587561,0.20477815699658702,
70,132,394,	0.014584303679552865,0.668,	0.049159925326695705,0.9974747474747475,
249,107,70,	0.043010752688172046,0.021333333333333333,	0.04220779220779221,0.02218430034129693,
111,348,97,	0.012558869701726845,0.042666666666666665,	0.019693654266958426,0.06040268456375839,
111,349,70,	0.3333333333333333,0.005333333333333333,	0.3333333333333333,0.006825938566552901,
111,268,70,	0.3333333333333333,0.005333333333333333,	0.3333333333333333,0.006825938566552901,
111,348,70,	0.10050983248361253,0.184,	0.10735009671179883,0.189419795221843,
329,92,70,	0.019774700938164823,0.756,	0.025191675794085433,0.15699658703071673,
404,167,273,	0.010051943907671035,0.756,	0.022301762114537445,0.8181818181818182,
97,334,329,	0.012996995318286632,0.496,	0.03966760740043901,0.6388888888888888,
12,349,70,	0.06377551020408163,0.03333333333333333,	0.06609195402298851,0.03924914675767918,
31,348,70,	0.36363636363636365,0.005333333333333333,	0.36363636363636365,0.006825938566552901,
390,320,70,	0.019800399201596805,0.33066666666666666,
249,268,70,	0.05405405405405406,0.016,	0.05392156862745098,0.01877133105802048,
