214,	0.03988803358992302,0.2,	0.04049168474331164,0.47058823529411764,
159,82,	0.18604651162790697,0.028070175438596492,	0.23529411764705882,0.03375527426160337,
159,214,	0.055900621118012424,0.031578947368421054,	0.057971014492753624,0.06722689075630252,
396,214,	0.05625,0.031578947368421054,	0.058823529411764705,0.06722689075630252,
353,82,	0.3793103448275862,0.11578947368421053,	0.3888888888888889,0.11814345991561181,
110,82,	0.3918918918918919,0.10175438596491228,	0.38596491228070173,0.09282700421940929,
353,214,	0.06147540983606557,0.05263157894736842,	0.0603448275862069,0.11764705882352941,
110,214,	0.1079136690647482,0.05263157894736842,	0.1037037037037037,0.11764705882352941,
116,214,	0.06550218340611354,0.05263157894736842,	0.06481481481481481,0.11764705882352941,
347,82,	0.4264705882352941,0.10175438596491228,	0.43137254901960786,0.09322033898305085,
396,82,	0.1951219512195122,0.028070175438596492,	0.23529411764705882,0.03389830508474576,
116,82,	0.39285714285714285,0.11578947368421053,	0.4,0.11814345991561181,
347,214,	0.08904109589041095,0.0456140350877193,	0.08275862068965517,0.10084033613445378,
134,371,82,	1.0,0.0035087719298245615,	1.0,0.004219409282700422,
136,373,82,	0.3237410071942446,0.3157894736842105,	0.3080357142857143,0.2911392405063291,
235,472,82,	0.07093425605536333,0.43157894736842106,	0.06393606393606394,0.270042194092827,
278,41,82,	0.12780269058295965,0.2,	0.21052631578947367,0.05063291139240506,
310,153,82,	0.06756756756756757,0.017543859649122806,
170,410,82,	0.12446351931330472,0.20350877192982456,	0.1234866828087167,0.21518987341772153,
170,111,82,	0.12672176308539945,0.32280701754385965,	0.1326530612244898,0.3291139240506329,
5,242,82,	0.02563270603504218,0.5543859649122806,	0.04592186429061001,0.5654008438818565,
213,450,82,	0.15140845070422534,0.15087719298245614,	0.2459016393442623,0.06329113924050633,
10,384,82,	0.06605922551252848,0.10175438596491228,	0.07428571428571429,0.10970464135021098,
452,384,82,	0.1559633027522936,0.11929824561403508,	0.19148936170212766,0.11392405063291139,
56,293,82,	0.026546886040173613,0.9228070175438596,	0.03240337111304853,0.9409282700421941,
410,348,82,	1.0,0.0035087719298245615,	1.0,0.004784688995215311,
173,403,82,	0.17475728155339806,0.06315789473684211,	0.19480519480519481,0.06329113924050633,
452,111,82,	0.21649484536082475,0.22105263157894736,	0.232,0.24472573839662448,
111,173,82,	0.3333333333333333,0.0035087719298245615,	0.3333333333333333,0.004219409282700422,
111,348,82,	0.3333333333333333,0.0035087719298245615,	0.3333333333333333,0.004219409282700422,
14,251,82,	0.15384615384615385,0.09824561403508772,
247,348,82,	1.0,0.0035087719298245615,	1.0,0.004784688995215311,
147,247,82,	0.11307420494699646,0.11228070175438597,	0.11814345991561181,0.11814345991561181,
136,72,82,	0.10424710424710425,0.09473684210526316,	0.10900473933649289,0.0970464135021097,
147,215,82,	0.20606060606060606,0.11929824561403508,	0.20833333333333334,0.12658227848101267,
10,215,82,	0.11594202898550725,0.11228070175438597,	0.11715481171548117,0.11814345991561181,
58,472,82,	0.06094627105052125,0.26666666666666666,
214,451,82,	0.024965325936199722,0.6947368421052632,	0.03048780487804878,0.6751054852320675,
309,72,82,	0.06360259981429899,0.9614035087719298,	0.06496,0.8565400843881856,
353,116,82,	0.47619047619047616,0.17543859649122806,	0.48314606741573035,0.18143459915611815,
309,111,82,	0.0896551724137931,0.6385964912280702,	0.1,0.6455696202531646,
136,247,82,	0.18681318681318682,0.11929824561403508,	0.2,0.11392405063291139,
348,384,82,	0.04697986577181208,0.04912280701754386,	0.05286343612334802,0.05063291139240506,
170,72,82,	0.10714285714285714,0.010526315789473684,	0.1111111111111111,0.012658227848101266,
348,373,82,	0.19148936170212766,0.15789473684210525,	0.21693121693121692,0.1729957805907173,
215,10,82,	1.0,0.0035087719298245615,	1.0,0.004784688995215311,
75,73,82,	0.03581991455800197,0.3824561403508772,	0.023645320197044337,0.10126582278481013,
347,110,82,	0.9125,0.256140350877193,	0.9047619047619048,0.24152542372881355,
82,319,82,	0.2670157068062827,0.8947368421052632,	0.40307692307692305,0.5527426160337553,
410,10,82,	1.0,0.0035087719298245615,	1.0,0.004784688995215311,
84,321,82,	0.03097787294789436,0.7614035087719299,
111,10,82,	0.3333333333333333,0.0035087719298245615,	0.3333333333333333,0.004219409282700422,
173,407,82,	0.09954751131221719,0.07719298245614035,	0.12574850299401197,0.08860759493670886,
348,72,82,	0.0781462971376647,0.6035087719298246,	0.08156424581005586,0.6160337552742616,
327,90,82,	0.044159306782202964,0.9298245614035088,	0.044444444444444446,0.7932489451476793,
158,395,82,	0.1087866108786611,0.0912280701754386,	0.3333333333333333,0.004219409282700422,
136,111,82,	0.2,0.18947368421052632,	0.20164609053497942,0.20675105485232068,
170,407,82,	0.11265544989027067,0.5403508771929825,	0.12538540596094552,0.5147679324894515,
111,452,82,	0.3333333333333333,0.0035087719298245615,	0.3333333333333333,0.004219409282700422,
353,353,82,	0.4537037037037037,0.17192982456140352,	0.4666666666666667,0.17721518987341772,
75,312,82,	0.05396370582617001,0.39649122807017545,	0.07112970711297072,0.07172995780590717,
147,384,82,	0.13602391629297458,0.3192982456140351,	0.1425661914460285,0.29535864978902954,
147,373,82,	0.1568627450980392,0.056140350877192984,	0.16049382716049382,0.05485232067510549,
147,111,82,	0.12093023255813953,0.0912280701754386,	0.11602209944751381,0.08860759493670886,
225,462,82,	0.1060419235511714,0.3017543859649123,	0.2727272727272727,0.012658227848101266,
452,247,82,	0.15562913907284767,0.1649122807017544,	0.17511520737327188,0.16033755274261605,
159,396,82,	0.45454545454545453,0.08771929824561403,	0.4772727272727273,0.08860759493670886,
215,173,82,	1.0,0.0035087719298245615,	1.0,0.004784688995215311,
159,159,82,	0.45454545454545453,0.08771929824561403,	0.4772727272727273,0.08860759493670886,
452,410,82,	0.2260536398467433,0.20701754385964913,	0.24761904761904763,0.21940928270042195,
173,410,82,	0.1881720430107527,0.49122807017543857,	0.19138755980861244,0.5063291139240507,
247,10,82,	1.0,0.0035087719298245615,	1.0,0.004784688995215311,
310,320,82,	0.06716417910447761,0.031578947368421054,
85,322,82,	0.2169230769230769,0.49473684210526314,	0.762962962962963,0.4345991561181435,
173,111,82,	0.11685823754789272,0.4280701754385965,	0.12485414235705951,0.45147679324894513,
136,403,82,	0.25,0.11578947368421053,	0.2553191489361702,0.10126582278481013,
348,111,82,	0.0984360625574977,0.7508771929824561,	0.10275545350172216,0.7552742616033755,
173,215,82,	0.18781725888324874,0.12982456140350876,	0.1791907514450867,0.1308016877637131,
173,72,82,	0.08771929824561403,0.3684210526315789,	0.09489795918367347,0.3924050632911392,
1,238,82,	0.10843373493975904,0.09473684210526316,
310,73,82,	0.03186358939028591,0.6491228070175439,	0.04329004329004329,0.04219409282700422,
147,410,82,	0.1542056074766355,0.11578947368421053,	0.1590909090909091,0.11814345991561181,
75,153,82,	0.047619047619047616,0.0035087719298245615,
247,452,82,	1.0,0.0035087719298245615,	1.0,0.004784688995215311,
346,109,82,	0.03475542478852519,0.6631578947368421,	0.040059347181008904,0.45569620253164556,
166,111,82,	0.313953488372093,0.09473684210526316,	0.33783783783783783,0.10548523206751055,
371,134,82,	0.11666666666666667,0.24561403508771928,	0.11328125,0.24472573839662448,
348,247,82,	0.08534322820037106,0.16140350877192983,	0.09647058823529411,0.1729957805907173,
116,353,82,	0.45794392523364486,0.17192982456140352,	0.47191011235955055,0.17721518987341772,
185,422,82,	0.051094890510948905,0.04912280701754386,
10,410,82,	0.13738019169329074,0.15087719298245614,	0.14741035856573706,0.15611814345991562,
136,410,82,	0.22459893048128343,0.14736842105263157,	0.24025974025974026,0.15611814345991562,
452,72,82,	0.12916666666666668,0.10877192982456141,	0.12972972972972974,0.10126582278481013,
390,153,82,	0.07692307692307693,0.0035087719298245615,
116,116,82,	0.47572815533980584,0.17192982456140352,	0.4827586206896552,0.17721518987341772,
10,111,82,	0.14285714285714285,0.18947368421052632,	0.14906832298136646,0.20253164556962025,
310,312,82,	0.0408592108335279,0.6140350877192983,	0.09523809523809523,0.02531645569620253,
173,373,82,	0.19875776397515527,0.11228070175438597,	0.20300751879699247,0.11392405063291139,
166,72,82,	0.2,0.07017543859649122,	0.22093023255813954,0.08016877637130802,
166,410,82,	0.3037974683544304,0.08421052631578947,	0.3384615384615385,0.09282700421940929,
216,453,82,	0.04437689969604863,0.256140350877193,
396,159,82,	0.44642857142857145,0.08771929824561403,	0.4666666666666667,0.08898305084745763,
309,410,82,	0.11390284757118928,0.47719298245614034,	0.1279317697228145,0.5063291139240507,
10,72,82,	0.09404388714733543,0.10526315789473684,	0.09191176470588236,0.10548523206751055,
136,384,82,	0.29508196721311475,0.06315789473684211,	0.358974358974359,0.05907172995780591,
309,407,82,	0.10344827586206896,0.010526315789473684,	0.16666666666666666,0.012658227848101266,
452,373,82,	0.2922374429223744,0.22456140350877193,	0.2948717948717949,0.1940928270042194,
235,295,82,	0.06582278481012659,0.0912280701754386,	0.03773584905660377,0.008438818565400843,
42,279,82,	0.02792186292903653,0.887719298245614,	0.03688212927756654,0.8185654008438819,
348,215,82,	0.15734265734265734,0.15789473684210525,	0.16205533596837945,0.1729957805907173,
173,384,82,	0.11678832116788321,0.056140350877192984,	0.12264150943396226,0.05485232067510549,
75,320,82,	0.0392156862745098,0.007017543859649123,
215,452,82,	1.0,0.0035087719298245615,	1.0,0.004784688995215311,
309,384,82,	0.13013698630136986,0.06666666666666667,	0.16483516483516483,0.06329113924050633,
452,215,82,	0.28199052132701424,0.41754385964912283,	0.2826086956521739,0.38396624472573837,
211,448,82,	0.1696969696969697,0.19649122807017544,	0.24691358024691357,0.08438818565400844,
166,403,82,	0.37894736842105264,0.25263157894736843,	0.4057971014492754,0.23628691983122363,
166,373,82,	0.30612244897959184,0.10526315789473684,	0.3116883116883117,0.10126582278481013,
173,247,82,	0.11604095563139932,0.11929824561403508,	0.11914893617021277,0.11814345991561181,
348,403,82,	0.12804878048780488,0.07368421052631578,	0.15966386554621848,0.08016877637130802,
348,410,82,	0.10574875798438609,0.5228070175438596,	0.10951979780960404,0.5485232067510548,
201,438,82,	0.021568627450980392,0.03859649122807018,
247,173,82,	1.0,0.0035087719298245615,	1.0,0.004784688995215311,
88,325,82,	0.059245960502693,0.5789473684210527,	0.06610995128740431,0.4008438818565401,
147,72,82,	0.13656387665198239,0.10877192982456141,	0.14507772020725387,0.11814345991561181,
396,396,82,	0.44642857142857145,0.08771929824561403,	0.4666666666666667,0.08898305084745763,
83,153,82,	0.022222222222222223,0.0035087719298245615,
309,403,82,	0.1935483870967742,0.06315789473684211,	0.25,0.05485232067510549,
309,247,82,	0.15767634854771784,0.13333333333333333,	0.16494845360824742,0.1350210970464135,
10,373,82,	0.18235294117647058,0.10877192982456141,	0.18604651162790697,0.10126582278481013,
410,452,82,	1.0,0.0035087719298245615,	1.0,0.004784688995215311,
309,215,82,	0.13953488372093023,0.08421052631578947,	0.16030534351145037,0.08860759493670886,
410,173,82,	1.0,0.0035087719298245615,	1.0,0.004784688995215311,
215,348,82,	1.0,0.0035087719298245615,	1.0,0.004784688995215311,
348,407,82,	0.11155378486055777,0.19649122807017544,	0.1220159151193634,0.1940928270042194,
110,347,82,	0.8571428571428571,0.23157894736842105,	0.8333333333333334,0.2109704641350211,
10,247,82,	0.1448349307774228,0.47719298245614034,	0.15083798882681565,0.45569620253164556,
136,215,82,	0.26903553299492383,0.18596491228070175,	0.25,0.16877637130801687,
390,320,82,	0.0125,0.0035087719298245615,
123,360,82,	0.06722689075630252,0.11228070175438597,
58,295,82,	0.023095572285313257,0.6350877192982456,	0.035337046283848664,0.7763713080168776,
309,373,82,	0.13829787234042554,0.0912280701754386,	0.16393442622950818,0.08438818565400844,
154,391,82,	0.026343856655290102,0.8666666666666667,	0.03468208092485549,0.6582278481012658,
