130,443,	0.17582417582417584,0.2807017543859649,	0.17679558011049723,0.34408602150537637,
130,466,	0.19270833333333334,0.6491228070175439,	0.27488151658767773,0.6236559139784946,
2,121,	0.10344827586206896,0.02631578947368421,	0.10344827586206896,0.029411764705882353,
239,121,	0.08571428571428572,0.02631578947368421,	0.10344827586206896,0.029411764705882353,
31,121,	0.18181818181818182,0.017543859649122806,	0.18181818181818182,0.0196078431372549,
249,121,	0.13636363636363635,0.02631578947368421,	0.13636363636363635,0.029411764705882353,
141,466,	0.16666666666666666,0.15789473684210525,	0.3333333333333333,0.1935483870967742,
141,443,	0.0477326968973747,0.17543859649122806,	0.09803921568627451,0.21505376344086022,
12,121,	0.08333333333333333,0.017543859649122806,	0.08333333333333333,0.0196078431372549,
268,121,	0.18181818181818182,0.017543859649122806,	0.18181818181818182,0.0196078431372549,
455,218,121,	0.03529411764705882,0.23684210526315788,	0.08695652173913043,0.17647058823529413,
141,378,121,	0.2711864406779661,0.2807017543859649,	0.2711864406779661,0.3137254901960784,
130,420,121,	0.5,0.07894736842105263,	0.42857142857142855,0.058823529411764705,
239,2,121,	0.07344632768361582,0.11403508771929824,	0.07344632768361582,0.12745098039215685,
268,112,121,	0.11764705882352941,0.03508771929824561,	0.11764705882352941,0.0392156862745098,
134,371,121,	0.7333333333333333,0.09649122807017543,	0.625,0.049019607843137254,
121,229,466,	0.06962025316455696,0.6754385964912281,	0.11752988047808766,0.6344086021505376,
421,184,121,	0.2011173184357542,0.3157894736842105,	0.2440944881889764,0.30392156862745096,
111,173,121,	0.10344827586206896,0.02631578947368421,	0.10344827586206896,0.029411764705882353,
31,349,121,	0.375,0.02631578947368421,	0.375,0.029411764705882353,
18,420,121,	0.027439024390243903,0.15789473684210525,	0.03902439024390244,0.1568627450980392,
130,387,121,	0.13391304347826086,0.6754385964912281,	0.13814432989690723,0.6568627450980392,
181,418,121,	0.14285714285714285,0.07017543859649122,	0.11320754716981132,0.058823529411764705,
60,297,121,	0.023882896764252697,0.2719298245614035,	0.01606425702811245,0.1568627450980392,
183,297,121,	0.011476264997391758,0.19298245614035087,
31,112,121,	0.1,0.02631578947368421,	0.1,0.029411764705882353,
249,12,121,	0.19444444444444445,0.12280701754385964,	0.19444444444444445,0.13725490196078433,
121,358,121,	0.20035149384885764,1.0,	0.23891625615763548,0.9509803921568627,
460,223,121,	0.049013747758517634,0.7192982456140351,	0.04649595687331536,0.6764705882352942,
349,349,121,	0.17391304347826086,0.03508771929824561,	0.17391304347826086,0.0392156862745098,
18,297,121,	0.015151515151515152,0.05263157894736842,	0.012658227848101266,0.0392156862745098,
12,12,121,	0.17391304347826086,0.10526315789473684,	0.17391304347826086,0.11764705882352941,
111,348,121,	0.12195121951219512,0.043859649122807015,	0.17647058823529413,0.029411764705882353,
328,91,121,	0.019076582803428256,0.6052631578947368,
130,367,121,	0.16101694915254236,0.8333333333333334,	0.18181818181818182,0.803921568627451,
268,268,121,	0.1935483870967742,0.05263157894736842,	0.1935483870967742,0.058823529411764705,
108,345,121,	0.013903371567605145,0.3508771929824561,
268,31,121,	0.16666666666666666,0.06140350877192982,	0.16666666666666666,0.06862745098039216,
372,135,121,	0.027932960893854747,0.13157894736842105,	0.026615969581749048,0.13725490196078433,
410,348,121,	0.13636363636363635,0.02631578947368421,	0.2222222222222222,0.0196078431372549,
344,107,121,	0.25,0.05263157894736842,	0.25,0.058823529411764705,
164,401,121,	0.6842105263157895,0.22807017543859648,	0.6756756756756757,0.24509803921568626,
23,260,121,	0.5,0.008771929824561403,
349,31,121,	0.08163265306122448,0.03508771929824561,	0.08163265306122448,0.0392156862745098,
60,260,121,	0.2,0.008771929824561403,
465,228,121,	0.17681728880157171,0.7894736842105263,	0.18204488778054864,0.7156862745098039,
31,31,121,	0.17142857142857143,0.05263157894736842,	0.17142857142857143,0.058823529411764705,
390,320,121,	0.014492753623188406,0.08771929824561403,	0.022058823529411766,0.029411764705882353,
323,86,121,	0.036576444769568395,0.43859649122807015,	0.05511811023622047,0.20588235294117646,
112,31,121,	0.07317073170731707,0.02631578947368421,	0.07317073170731707,0.029411764705882353,
201,438,121,	0.046296296296296294,0.08771929824561403,
72,309,121,	0.07291666666666667,0.06140350877192982,	0.08695652173913043,0.0392156862745098,
344,344,121,	0.3157894736842105,0.05263157894736842,	0.3157894736842105,0.058823529411764705,
315,78,121,	0.029411764705882353,0.008771929824561403,	0.029411764705882353,0.00980392156862745,
12,249,121,	0.13953488372093023,0.10526315789473684,	0.13953488372093023,0.11764705882352941,
112,349,121,	0.2222222222222222,0.03508771929824561,	0.2222222222222222,0.0392156862745098,
51,288,121,	0.3786407766990291,0.34210526315789475,
337,100,121,	0.22608695652173913,0.22807017543859648,	0.32,0.0784313725490196,
268,349,121,	0.2727272727272727,0.02631578947368421,	0.2727272727272727,0.029411764705882353,
111,309,121,	0.08823529411764706,0.02631578947368421,	0.16666666666666666,0.029411764705882353,
249,249,121,	0.14285714285714285,0.10526315789473684,	0.14285714285714285,0.11764705882352941,
443,206,121,	0.125,0.008771929824561403,	0.125,0.00980392156862745,
349,112,121,	0.08333333333333333,0.043859649122807015,	0.08333333333333333,0.049019607843137254,
18,255,121,	0.08317214700193423,0.37719298245614036,	0.061855670103092786,0.29411764705882354,
107,107,121,	0.2857142857142857,0.05263157894736842,	0.2857142857142857,0.058823529411764705,
187,424,121,	0.13333333333333333,0.14035087719298245,	0.15,0.14705882352941177,
175,412,121,	0.021224086870681145,0.7543859649122807,	0.0178296956655395,0.5686274509803921,
2,239,121,	0.08035714285714286,0.15789473684210525,	0.08121827411167512,0.1568627450980392,
83,153,121,	0.011904761904761904,0.08771929824561403,	0.010135135135135136,0.029411764705882353,
304,67,121,	0.018018018018018018,0.05263157894736842,
72,173,121,	0.13043478260869565,0.02631578947368421,	0.13043478260869565,0.029411764705882353,
410,309,121,	0.15789473684210525,0.02631578947368421,	0.25,0.029411764705882353,
130,297,121,	0.3333333333333333,0.017543859649122806,	0.25,0.00980392156862745,
107,344,121,	0.35294117647058826,0.05263157894736842,	0.35294117647058826,0.058823529411764705,
349,268,121,	0.07894736842105263,0.02631578947368421,	0.07894736842105263,0.029411764705882353,
390,153,121,	0.044534412955465584,0.2894736842105263,	0.06382978723404255,0.20588235294117646,
141,223,121,	0.01818181818181818,0.017543859649122806,	0.021739130434782608,0.0196078431372549,
112,268,121,	0.09375,0.02631578947368421,	0.09375,0.029411764705882353,
31,268,121,	0.2222222222222222,0.05263157894736842,	0.2222222222222222,0.058823529411764705,
183,420,121,	0.021258972943125346,0.6754385964912281,	0.02207505518763797,0.5882352941176471,
72,348,121,	0.03896103896103896,0.02631578947368421,	0.0967741935483871,0.029411764705882353,
183,260,121,	0.16666666666666666,0.008771929824561403,
460,378,121,	0.01875,0.02631578947368421,	0.019230769230769232,0.029411764705882353,
410,173,121,	0.22727272727272727,0.043859649122807015,	0.2727272727272727,0.029411764705882353,
112,112,121,	0.08,0.03508771929824561,	0.08,0.0392156862745098,
326,89,121,	0.12149532710280374,0.22807017543859648,	0.16911764705882354,0.22549019607843138,
