21,	0.012987012987012988,0.012345679012345678,
103,180,	0.28,0.043209876543209874,	0.2631578947368421,0.0641025641025641,
21,21,	0.02631578947368421,0.006172839506172839,
21,222,	0.029661016949152543,0.043209876543209874,	0.015873015873015872,0.011363636363636364,
86,180,	0.18072289156626506,0.09259259259259259,	0.1590909090909091,0.08974358974358974,
86,323,	0.012711864406779662,0.018518518518518517,
222,222,	0.12781954887218044,0.10493827160493827,	0.09302325581395349,0.045454545454545456,
222,459,	0.018796992481203006,0.12345679012345678,	0.01694915254237288,0.08571428571428572,
258,21,	0.014475271411338963,0.14814814814814814,
258,222,	0.20588235294117646,0.043209876543209874,	0.125,0.011363636363636364,
459,222,	0.031331592689295036,0.07407407407407407,	0.0228310502283105,0.056818181818181816,
222,222,459,	0.06590621039290241,0.32098765432098764,	0.095,0.2714285714285714,
222,258,222,	0.13157894736842105,0.030864197530864196,	0.125,0.011363636363636364,
222,258,21,	0.047524752475247525,0.2962962962962963,	0.10344827586206896,0.13636363636363635,
459,222,222,	0.2379421221864952,0.4567901234567901,	0.21705426356589147,0.3181818181818182,
222,459,222,	0.1357921207041073,1.0,	0.19621749408983452,0.9431818181818182,
222,350,113,	0.09090909090909091,0.006172839506172839,	0.1111111111111111,0.014285714285714285,
222,459,21,	0.023952095808383235,0.024691358024691357,	0.025,0.011363636363636364,
21,459,222,	0.016260162601626018,0.024691358024691357,	0.01282051282051282,0.011363636363636364,
222,421,184,	0.5,0.006172839506172839,	0.5,0.014285714285714285,
86,349,323,	0.010752688172043012,0.006172839506172839,	0.08333333333333333,0.014285714285714285,
258,459,222,	0.06666666666666667,0.018518518518518517,
222,193,430,	0.03543307086614173,0.05555555555555555,	0.029197080291970802,0.05714285714285714,
86,323,222,	0.33451957295373663,0.5802469135802469,	0.41975308641975306,0.38636363636363635,
222,86,323,	0.24675324675324675,0.2345679012345679,	0.5925925925925926,0.22857142857142856,
258,21,222,	0.06427423674343867,0.7407407407407407,	0.15273775216138327,0.6022727272727273,
222,21,222,	0.25,0.030864197530864196,
222,91,328,	0.0913978494623656,0.10493827160493827,	0.2222222222222222,0.05714285714285714,
86,268,323,	0.0125,0.006172839506172839,	0.09090909090909091,0.014285714285714285,
