310,	0.23423137876386688,0.6697885196374622,	0.23776223776223776,0.0648854961832061,
211,390,	0.10714285714285714,0.00906344410876133,
166,390,	0.075046904315197,0.012084592145015106,	0.3333333333333333,0.007633587786259542,
346,390,	0.2826086956521739,0.00392749244712991,
309,390,	0.04979803460541388,0.24954682779456194,	0.08906882591093117,0.08396946564885496,
159,75,	0.11969111969111969,0.028096676737160122,	0.05747126436781609,0.009363295880149813,
452,390,	0.12200368776889982,0.11993957703927492,	0.11627906976744186,0.02862595419847328,
26,390,	0.11811023622047244,0.04078549848942598,
116,310,	0.07101328903654484,0.051661631419939576,	0.06818181818181818,0.0057251908396946565,
353,310,	0.07182795698924731,0.05045317220543807,	0.06818181818181818,0.0057251908396946565,
110,75,	0.11377245508982035,0.005740181268882176,	0.15,0.005628517823639775,
170,83,	0.01646519383076282,0.023867069486404834,
147,83,	0.02505800464037123,0.016314199395770394,	0.03426791277258567,0.020599250936329586,
88,390,	0.01915431875677629,0.016012084592145016,
173,390,	0.2106511995781703,0.4827794561933535,	0.21333333333333335,0.0916030534351145,
166,83,	0.03898635477582846,0.012084592145015106,	0.06521739130434782,0.016853932584269662,
88,83,	0.012338308457711443,0.018731117824773415,	0.02108433734939759,0.06554307116104868,
116,75,	0.11137162954279015,0.028700906344410877,	0.0743801652892562,0.016853932584269662,
452,83,	0.05928085519922255,0.09214501510574018,	0.07681365576102418,0.10112359550561797,
147,390,	0.04296875,0.01661631419939577,	0.018867924528301886,0.0019083969465648854,
26,83,	0.06272050176401411,0.04833836858006042,	0.06329113924050633,0.018726591760299626,
327,83,	0.01307031344547985,0.03262839879154079,	0.022188792779240317,0.1104868913857678,
136,83,	0.05306762203313928,0.0716012084592145,	0.0740242261103634,0.10299625468164794,
111,390,	0.08333333333333333,0.0012084592145015106,
136,390,	0.11969760604787905,0.08610271903323263,	0.14285714285714285,0.026717557251908396,
429,390,	0.1776765375854214,0.023564954682779457,
348,83,	0.05670083156062657,0.44290030211480363,	0.08924073407700611,0.46441947565543074,
278,370,	0.0690592203898051,0.2226586102719033,
10,83,	0.03840028313572819,0.06555891238670696,	0.052570093457943924,0.08426966292134831,
396,75,	0.12255541069100391,0.0283987915407855,	0.053763440860215055,0.009363295880149813,
347,75,	0.1357142857142857,0.005740181268882176,	0.14285714285714285,0.005628517823639775,
429,83,	0.10843373493975904,0.02447129909365559,	0.06349206349206349,0.00749063670411985,
10,390,	0.08681672025723473,0.08157099697885196,	0.08870967741935484,0.02099236641221374,
173,83,	0.10066215311360761,0.408761329305136,	0.157001414427157,0.4157303370786517,
396,310,	0.09106728538283063,0.04743202416918429,	0.06976744186046512,0.0057251908396946565,
348,390,	0.12030129644383283,0.5018126888217522,	0.13846153846153847,0.10305343511450382,
170,390,	0.03578608765581021,0.02688821752265861,	0.125,0.0019083969465648854,
159,310,	0.09247558874210224,0.048640483383685804,	0.12195121951219512,0.009541984732824428,
353,75,	0.11046511627906977,0.028700906344410877,	0.07142857142857142,0.0149812734082397,
309,83,	0.02188839914845132,0.22054380664652568,	0.043182920912178555,0.16666666666666666,
327,390,	0.01765650080256822,0.02326283987915408,
211,83,	0.05765407554671968,0.008761329305135951,	0.08333333333333333,0.03932584269662921,
309,72,310,	0.01926951404041164,0.6963746223564955,	0.043605501902253437,0.28435114503816794,
170,111,75,	0.07550308984313105,0.2879154078549849,	0.09629294755877034,0.398876404494382,
348,268,83,	0.025392742769246288,0.30422960725075526,	0.04631644389182468,0.27902621722846443,
173,31,83,	0.04047285113203767,0.24410876132930515,	0.07739938080495357,0.2340823970037453,
111,72,310,	0.034782608695652174,0.0012084592145015106,
173,31,310,	0.17142857142857143,0.0018126888217522659,
348,410,310,	0.0431875270679948,0.7531722054380665,	0.07797270955165692,0.22900763358778625,
225,462,75,	0.07275047862156987,0.1377643504531722,	0.15384615384615385,0.011235955056179775,
75,153,390,	0.05582532938194023,0.9447129909365559,	0.3989071038251366,0.5572519083969466,
452,410,75,	0.1724424729692265,0.3758308157099698,	0.21083827265029637,0.46629213483146065,
348,349,390,	0.025903041825095056,0.3622356495468278,	0.03896103896103896,0.07442748091603053,
173,263,75,	0.20346320346320346,0.09939577039274924,	0.3448275862068966,0.018726591760299626,
173,349,390,	0.0424410061370905,0.29667673716012083,	0.056,0.05343511450381679,
10,215,75,	0.13168971737823212,0.1984894259818731,	0.14473684210526316,0.24719101123595505,
309,410,310,	0.026502588729646583,0.5335347432024169,	0.05475040257648953,0.1297709923664122,
327,90,75,	0.018060239732527412,0.7474320241691843,	0.033017829627999117,0.8426966292134831,
348,247,75,	0.16098121885779992,0.3806646525679758,	0.2028985507246377,0.49812734082397003,
10,410,75,	0.10661268556005399,0.286404833836858,	0.12671976828385229,0.32771535580524347,
147,384,75,	0.10914285714285714,0.2308157099697885,	0.11934156378600823,0.21722846441947566,
348,268,75,	0.2571428571428571,0.005438066465256798,	0.5,0.003745318352059925,
136,111,310,	0.06091053981013097,0.2655589123867069,	0.09813084112149532,0.08015267175572519,
75,153,75,	1.0,0.017522658610271902,
173,111,83,	0.09859154929577464,0.0021148036253776435,	0.3,0.011235955056179775,
173,112,75,	0.5,0.0015105740181268882,
278,41,75,	0.08541531473069436,0.6362537764350453,	0.14874141876430205,0.12172284644194757,
116,353,75,	0.41874462596732587,0.14712990936555892,	0.43333333333333335,0.12172284644194757,
348,410,75,	0.08745536498273138,0.9027190332326284,	0.09618441971383147,0.9063670411985019,
31,31,310,	0.026737967914438502,0.0015105740181268882,
310,320,310,	0.07475430965039472,0.14018126888217522,
348,111,390,	0.047619047619047616,0.002416918429003021,	0.18181818181818182,0.003816793893129771,
75,153,310,	0.19141914191419143,0.017522658610271902,
170,407,310,	0.03459145355370995,0.3812688821752266,	0.051305970149253734,0.1049618320610687,
26,410,75,	0.13424204874019,0.09818731117824774,	0.03676470588235294,0.018726591760299626,
170,407,75,	0.09012591119946985,0.4930513595166163,	0.11666059059423989,0.599250936329588,
173,215,310,	0.10463378176382661,0.29607250755287007,	0.14124293785310735,0.09541984732824428,
235,472,75,	0.03222054204955217,0.3347432024169184,	0.04185927067283,0.3052434456928839,
173,72,310,	0.04752498599604941,0.48700906344410877,	0.08180708180708181,0.12786259541984732,
371,134,75,	0.08426166345590083,0.3039274924471299,	0.10649731314118221,0.40823970037453183,
348,410,390,	0.6666666666666666,0.002416918429003021,
310,320,83,	0.010258447867940544,0.686404833836858,	0.09225092250922509,0.09363295880149813,
348,268,390,	0.036451904879453635,0.2676737160120846,	0.05071315372424723,0.061068702290076333,
173,247,75,	0.22227346091768505,0.29123867069486403,	0.25833333333333336,0.34831460674157305,
309,247,310,	0.04205446397793864,0.11057401812688822,	0.08771929824561403,0.019083969465648856,
348,349,83,	0.0186922430691683,0.4033232628398791,	0.038322898880667804,0.3782771535580524,
348,348,83,	0.03678929765886288,0.003323262839879154,	0.10204081632653061,0.009363295880149813,
173,349,83,	0.030215399583795034,0.3377643504531722,	0.0636055701919458,0.31647940074906367,
173,111,310,	0.05477698423393074,0.7368580060422961,	0.11458333333333333,0.2729007633587786,
268,31,310,	0.02824858757062147,0.0015105740181268882,
309,31,390,	0.013007036133770638,0.14018126888217522,	0.03291139240506329,0.04961832061068702,
10,111,310,	0.03756363636363636,0.3120845921450151,	0.055232558139534885,0.07251908396946564,
309,410,75,	0.05460503343987537,0.6141993957703927,	0.07586055689541767,0.6479400749063671,
452,247,75,	0.15205061082024432,0.21057401812688822,	0.1868421052631579,0.26591760299625467,
173,268,83,	0.040575017172014526,0.24984894259818732,	0.07589556769884638,0.2340823970037453,
235,472,310,	0.018162415517566068,0.2622356495468278,	0.02986087546657618,0.16793893129770993,
10,111,75,	0.09167842031029619,0.3731117824773414,	0.12624750499001997,0.4737827715355805,
310,312,83,	0.08677337826453244,0.031117824773413898,
348,72,310,	0.03164966812368464,0.5906344410876133,	0.05447941888619855,0.1717557251908397,
346,109,83,	0.03201970443349754,0.011782477341389729,	0.05622489959839357,0.026217228464419477,
346,109,310,	0.013959521008656833,0.6990936555891238,	0.03596975270795013,0.33587786259541985,
173,407,75,	0.15455049944506105,0.16827794561933535,	0.2116788321167883,0.21722846441947566,
348,348,310,	0.19014084507042253,0.008157099697885197,
348,410,83,	0.19642857142857142,0.003323262839879154,	0.2,0.018726591760299626,
154,391,83,	0.02920196165849309,0.03957703927492447,
173,31,75,	0.8461538461538461,0.003323262839879154,	1.0,0.003745318352059925,
348,112,390,	0.025509437203409847,0.35891238670694864,	0.03869047619047619,0.07442748091603053,
310,73,83,	0.05369369369369369,0.04501510574018127,	0.12396694214876033,0.028089887640449437,
348,72,75,	0.07359266287160025,0.7030211480362538,	0.08867213478164487,0.7490636704119851,
88,325,75,	0.02801647429704581,0.49939577039274924,	0.03909436084938827,0.5205992509363296,
309,247,75,	0.09342347879532882,0.09184290030211481,	0.11864406779661017,0.10486891385767791,
136,72,75,	0.12067352666043031,0.07794561933534744,	0.10238907849829351,0.056179775280898875,
310,312,310,	0.018831408208405013,0.740785498489426,	0.09633911368015415,0.09541984732824428,
42,279,83,	0.027448243777622703,0.03564954682779456,
452,215,310,	0.07092755737612928,0.38187311178247735,	0.09288824383164006,0.12213740458015267,
268,268,75,	0.10126582278481013,0.002416918429003021,	1.0,0.003745318352059925,
348,111,310,	0.032550498904843024,0.8081570996978852,	0.0697203080664775,0.3282442748091603,
136,373,310,	0.07919669608875213,0.29546827794561936,	0.10762331838565023,0.0916030534351145,
26,111,310,	0.039316009155782955,0.08821752265861027,
75,312,310,	0.03916434462382906,0.8450151057401812,	0.18981654810932236,0.9675572519083969,
75,320,83,	0.027180431802604522,0.7667673716012084,	0.25262308313155774,0.5861423220973783,
10,410,310,	0.04705083978962846,0.2513595166163142,	0.032590051457975985,0.03625954198473282,
309,112,390,	0.01054244133416893,0.22870090634441087,	0.028945554789800137,0.08015267175572519,
111,111,310,	0.017857142857142856,0.003323262839879154,
84,321,83,	0.02376861397479954,0.025075528700906343,
173,348,75,	0.5555555555555556,0.004531722054380665,	1.0,0.00749063670411985,
348,407,75,	0.11617933723196881,0.2700906344410876,	0.16555740432612312,0.37265917602996257,
58,295,83,	0.023549201009251473,0.008459214501510574,
173,268,310,	0.09166666666666666,0.003323262839879154,
309,72,75,	0.038824807756603144,0.8419939577039275,	0.05639986491050321,0.9382022471910112,
31,268,310,	0.0205761316872428,0.0015105740181268882,
348,112,75,	0.26666666666666666,0.0012084592145015106,
173,72,75,	0.11818070369008214,0.5824773413897281,	0.13419354838709677,0.5842696629213483,
348,348,75,	0.2807017543859649,0.004833836858006042,	0.5,0.0149812734082397,
10,247,75,	0.14435166522698917,0.454380664652568,	0.18415969092079845,0.5355805243445693,
348,31,83,	0.024993611040122668,0.29546827794561936,	0.047527910685805426,0.27902621722846443,
26,111,75,	0.08801543284301905,0.11027190332326284,	0.02252252252252252,0.018726591760299626,
5,242,83,	0.013928914505283382,0.008761329305135951,	0.013664596273291925,0.020599250936329586,
268,31,75,	0.16666666666666666,0.002416918429003021,	1.0,0.003745318352059925,
348,112,83,	0.01848589087451408,0.39939577039274926,	0.03913128546272745,0.37453183520599254,
75,73,83,	0.11051502145922747,0.031117824773413898,	0.22666666666666666,0.15917602996254682,
111,72,75,	0.0684931506849315,0.0015105740181268882,
83,320,75,	0.02620689655172414,0.005740181268882176,
31,31,75,	0.16,0.002416918429003021,	0.5,0.003745318352059925,
348,348,390,	0.052884615384615384,0.003323262839879154,	0.16666666666666666,0.003816793893129771,
173,348,310,	0.24705882352941178,0.006344410876132931,
327,90,83,	0.021671826625386997,0.006344410876132931,	0.04358974358974359,0.031835205992509365,
309,348,83,	0.05202312138728324,0.002719033232628399,	0.1111111111111111,0.003745318352059925,
310,73,75,	0.015707994127852662,0.711178247734139,	0.07894736842105263,0.10674157303370786,
348,111,75,	0.0645933014354067,0.9706948640483384,	0.07626745040411462,0.9719101123595506,
310,320,390,	0.015231134466110059,0.8625377643504532,	0.06636155606407322,0.05534351145038168,
348,373,75,	0.2243831033040569,0.3241691842900302,	0.24066924066924067,0.350187265917603,
309,111,390,	0.02867383512544803,0.002416918429003021,	0.10526315789473684,0.003816793893129771,
136,410,75,	0.16820146588987034,0.270392749244713,	0.19503105590062111,0.2940074906367041,
348,349,310,	0.09090909090909091,0.0018126888217522659,
75,320,310,	0.13618890719384955,0.07492447129909366,
173,348,390,	0.0703125,0.002719033232628399,	0.1111111111111111,0.0019083969465648854,
310,312,75,	0.024774578369987966,0.8583081570996979,	0.1072961373390558,0.09363295880149813,
173,215,75,	0.2677656493651147,0.3631419939577039,	0.29679802955665024,0.45131086142322097,
75,73,75,	0.03766320723133579,0.8836858006042296,	0.13944687045123727,0.897003745318352,
310,73,390,	0.09043478260869565,0.01570996978851964,
111,111,75,	0.022277227722772276,0.002719033232628399,	0.10256410256410256,0.00749063670411985,
75,320,390,	0.040315943183326694,0.9175226586102719,	0.21082390953150243,0.49809160305343514,
310,73,310,	0.012614542425324289,0.6404833836858006,	0.10061919504643962,0.12404580152671756,
348,215,75,	0.20276967930029155,0.4202416918429003,	0.21816770186335405,0.5262172284644194,
309,268,390,	0.013133104289039122,0.143202416918429,	0.030226700251889168,0.04580152671755725,
84,321,75,	0.010532372012502008,0.6138972809667673,	0.047619047619047616,0.0018726591760299626,
452,72,75,	0.12252663622526636,0.09728096676737161,	0.1388888888888889,0.11235955056179775,
75,133,370,	0.07953099436466098,0.5287009063444109,
173,349,310,	0.1388888888888889,0.0015105740181268882,
173,112,310,	0.13953488372093023,0.0018126888217522659,
348,111,83,	0.06896551724137931,0.0036253776435045317,	0.1956521739130435,0.016853932584269662,
173,112,83,	0.02996519469219056,0.3329305135951662,	0.06547849670670283,0.31647940074906367,
173,373,310,	0.1076498966230186,0.23595166163141995,	0.13688212927756654,0.06870229007633588,
452,111,310,	0.05904173106646059,0.34622356495468276,	0.09531013615733737,0.12022900763358779,
452,215,75,	0.20643203883495145,0.5138972809667673,	0.23545900490539592,0.6292134831460674,
348,247,310,	0.06240026412810213,0.34259818731117825,	0.10833333333333334,0.07442748091603053,
136,111,75,	0.164943681530628,0.3229607250755287,	0.20504731861198738,0.3651685393258427,
173,304,370,	0.02913826960840938,0.304833836858006,
348,112,310,	0.06741573033707865,0.0018126888217522659,
348,31,390,	0.03638819705348474,0.26042296072507554,	0.05405405405405406,0.0648854961832061,
452,111,75,	0.15132724107919931,0.4202416918429003,	0.1934156378600823,0.5280898876404494,
348,304,370,	0.01811058312616043,0.3477341389728097,
75,320,75,	0.2553191489361702,0.05800604229607251,
56,293,83,	0.026692550351856345,0.03323262839879154,	0.026706231454005934,0.10112359550561797,
310,153,390,	0.0226333752469912,0.8755287009063444,	0.1228813559322034,0.05534351145038168,
88,325,310,	0.016375851450965755,0.4241691842900302,	0.038623005877413935,0.3511450381679389,
309,268,83,	0.010353409656545545,0.18851963746223566,	0.02421943390720747,0.15543071161048688,
166,403,75,	0.35949764521193095,0.13836858006042296,	0.3443223443223443,0.1760299625468165,
173,410,75,	0.16846473029045644,0.9199395770392749,	0.1790989660265879,0.9082397003745318,
173,373,75,	0.28884590586718245,0.27069486404833837,	0.32083333333333336,0.2883895131086142,
216,453,75,	0.015841086245914005,0.17129909365558912,
170,410,75,	0.08183153117073821,0.1851963746223565,	0.09472161966738973,0.24531835205992508,
136,373,75,	0.23707664884135474,0.40181268882175225,	0.25448785638859556,0.45131086142322097,
173,111,75,	0.1166653421282683,0.8870090634441088,	0.13398225021471513,0.8764044943820225,
346,109,75,	0.01838492137042159,0.779154078549849,	0.037776193870277974,0.5955056179775281,
348,31,75,	0.3181818181818182,0.0021148036253776435,	0.5,0.003745318352059925,
75,312,390,	1.0,0.017522658610271902,
173,111,390,	0.07058823529411765,0.0018126888217522659,	0.3333333333333333,0.003816793893129771,
75,73,310,	0.025203554174127504,0.6761329305135951,	0.17321489579774513,0.9675572519083969,
309,111,310,	0.020679783151611134,0.6154078549848943,	0.04808159300631375,0.18893129770992367,
31,268,75,	0.1095890410958904,0.002416918429003021,	0.5,0.003745318352059925,
173,410,390,	0.7857142857142857,0.003323262839879154,
268,268,310,	0.02,0.0015105740181268882,
10,72,75,	0.0790535090077978,0.08882175226586103,	0.08403361344537816,0.09363295880149813,
182,419,75,	0.04472382522671064,0.1311178247734139,	0.1,0.018726591760299626,
309,215,75,	0.12106537530266344,0.09063444108761329,	0.14427860696517414,0.10861423220973783,
173,112,390,	0.042604780048493246,0.2972809667673716,	0.05357142857142857,0.05152671755725191,
353,116,75,	0.4144903117101938,0.1486404833836858,	0.4528301886792453,0.1348314606741573,
310,320,75,	0.10236220472440945,0.09033232628398792,
327,90,310,	0.013115369251812668,0.6546827794561934,	0.03629924745462594,0.6259541984732825,
211,448,310,	0.05345911949685535,0.16435045317220545,	0.07783018867924528,0.06297709923664122,
310,153,310,	0.05059203444564048,0.01419939577039275,
214,451,83,	0.019260106788710908,0.030513595166163143,	0.02393684746625923,0.1760299625468165,
173,348,83,	0.043478260869565216,0.002416918429003021,	0.11538461538461539,0.0056179775280898875,
309,111,83,	0.021052631578947368,0.0012084592145015106,	0.05555555555555555,0.003745318352059925,
348,31,310,	0.07228915662650602,0.0018126888217522659,
278,41,310,	0.049704840613931524,0.508761329305136,	0.15476190476190477,0.02480916030534351,
371,134,310,	0.036458582858237915,0.2299093655589124,	0.07110091743119266,0.1183206106870229,
348,263,75,	0.11742182514358647,0.11117824773413898,	0.17857142857142858,0.018726591760299626,
309,373,75,	0.12933597621407333,0.07885196374622357,	0.1568627450980392,0.0599250936329588,
173,31,390,	0.06343821558816046,0.22598187311178247,	0.07051282051282051,0.04198473282442748,
75,312,75,	0.04987655914672519,0.9338368580060423,	0.2412488174077578,0.9550561797752809,
348,215,310,	0.07707089424198751,0.3392749244712991,	0.09461663947797716,0.11068702290076336,
10,72,310,	0.034695540808010246,0.09003021148036254,	0.03125,0.019083969465648856,
309,348,390,	0.08333333333333333,0.0036253776435045317,	0.1111111111111111,0.003816793893129771,
111,410,310,	0.01773049645390071,0.0030211480362537764,
147,384,310,	0.04325042438556351,0.1770392749244713,	0.06818181818181818,0.04007633587786259,
10,247,310,	0.04539092181563687,0.3429003021148036,	0.08260869565217391,0.07251908396946564,
173,247,310,	0.08946462908612489,0.26706948640483386,	0.16071428571428573,0.05152671755725191,
75,312,83,	0.19212962962962962,0.025075528700906343,
173,268,75,	0.36923076923076925,0.0072507552870090634,	1.0,0.003745318352059925,
75,73,390,	0.47580645161290325,0.01782477341389728,
211,448,75,	0.13620949510173325,0.21842900302114804,	0.19186046511627908,0.06179775280898876,
348,268,310,	0.059880239520958084,0.0030211480362537764,
309,348,75,	0.09090909090909091,0.0015105740181268882,
309,349,390,	0.010540934657315464,0.22930513595166163,	0.02704485488126649,0.07824427480916031,
173,410,83,	0.2962962962962963,0.002416918429003021,	0.3181818181818182,0.013108614232209739,
111,348,310,	0.058823529411764705,0.00392749244712991,
310,153,83,	0.016710750747781375,0.8169184290030211,	0.10634328358208955,0.10674157303370786,
216,453,310,	0.012599501880158227,0.15589123867069488,
309,348,310,	0.06493506493506493,0.0030211480362537764,
173,410,310,	0.07338407709778405,0.722356495468278,	0.1206896551724138,0.20038167938931298,
309,111,75,	0.042117993479861185,0.7259818731117825,	0.06413906788550877,0.8014981273408239,
173,268,390,	0.06227554684949396,0.23051359516616315,	0.06918238993710692,0.04198473282442748,
75,153,83,	0.040745164257375455,0.8966767371601209,	0.29451667608818544,0.9756554307116105,
111,348,75,	0.6363636363636364,0.006344410876132931,	1.0,0.00749063670411985,
111,410,75,	0.0375,0.004531722054380665,	0.10810810810810811,0.00749063670411985,
