8,245,8,	0.1320450885668277,1.0,	0.14057295136575615,0.9813953488372092,
8,122,44,	0.011006711409395973,1.0,	0.012787524366471735,0.7627906976744186,
8,286,49,	0.5652173913043478,0.3699186991869919,	0.472,0.2744186046511628,
381,126,8,	0.08671875,0.45121951219512196,	0.18556701030927836,0.16744186046511628,
8,7,49,	0.36,0.036585365853658534,	0.375,0.04186046511627907,
266,29,8,	0.048942347573620905,0.4796747967479675,	0.1509433962264151,0.07441860465116279,
8,28,265,	0.011021505376344085,1.0,	0.013577732518669382,0.8372093023255814,
8,286,244,	0.02903225806451613,0.036585365853658534,
443,206,8,	0.05555555555555555,0.024390243902439025,
8,188,425,	0.013651877133105802,0.032520325203252036,	0.028,0.03255813953488372,
286,49,8,	0.9682539682539683,0.7439024390243902,
8,375,138,	0.5,0.016260162601626018,	0.5,0.018604651162790697,
8,281,44,	0.011006711409395973,1.0,	0.012787524366471735,0.7627906976744186,
8,122,265,	0.011021505376344085,1.0,	0.013577732518669382,0.8372093023255814,
8,443,206,	0.02037351443123939,0.04878048780487805,	0.01838235294117647,0.046511627906976744,
363,144,8,	0.08699059561128526,0.45121951219512196,	0.1978021978021978,0.16744186046511628,
8,122,359,	0.011006711409395973,1.0,	0.013537151114153167,0.827906976744186,
8,266,29,	0.0653061224489796,0.13008130081300814,	0.08755760368663594,0.08837209302325581,
8,28,359,	0.011006711409395973,1.0,	0.013537151114153167,0.827906976744186,
8,281,359,	0.011006711409395973,1.0,	0.013537151114153167,0.827906976744186,
8,3,240,	0.01729243160014213,0.5934959349593496,
363,126,8,	0.09381980640357408,0.5121951219512195,	0.1978021978021978,0.16744186046511628,
8,7,244,	0.07462686567164178,0.06097560975609756,	0.03664921465968586,0.03255813953488372,
8,281,265,	0.011021505376344085,1.0,	0.013577732518669382,0.8372093023255814,
8,202,439,	0.016296296296296295,0.5365853658536586,	0.047839506172839504,0.28837209302325584,
8,28,44,	0.011006711409395973,1.0,	0.012787524366471735,0.7627906976744186,
8,381,126,	0.08125677139761647,0.6097560975609756,	0.19736842105263158,0.13953488372093023,
8,80,317,	0.045454545454545456,0.024390243902439025,	0.045454545454545456,0.023255813953488372,
8,363,144,	0.07700101317122594,0.6178861788617886,	0.17177914110429449,0.13023255813953488,
381,144,8,	0.09641434262948208,0.491869918699187,	0.18556701030927836,0.16744186046511628,
8,381,144,	0.08091286307053942,0.6341463414634146,	0.1781609195402299,0.14418604651162792,
8,363,126,	0.08025013027618551,0.6260162601626016,	0.21678321678321677,0.14418604651162792,
