94,	0.010238907849829351,0.12209302325581395,	0.010238907849829351,0.12209302325581395,
224,	0.022757697456492636,0.09883720930232558,	0.023743016759776536,0.09883720930232558,
262,	0.36046511627906974,0.36046511627906974,	0.36046511627906974,0.36046511627906974,
461,	0.025435073627844713,0.11046511627906977,	0.02653631284916201,0.11046511627906977,
295,185,	0.03792415169660679,0.11046511627906977,	0.11764705882352941,0.03488372093023256,
331,25,	0.05152979066022544,0.18604651162790697,	0.05152979066022544,0.18604651162790697,
262,230,	0.06666666666666667,0.005813953488372093,	0.06666666666666667,0.005813953488372093,
25,94,	0.04455445544554455,0.1569767441860465,	0.04455445544554455,0.1569767441860465,
331,262,	0.041254125412541254,0.14534883720930233,	0.041254125412541254,0.14534883720930233,
399,25,	0.03571428571428571,0.011627906976744186,	0.03571428571428571,0.011627906976744186,
317,80,	0.013628620102214651,0.13953488372093023,	0.013628620102214651,0.13953488372093023,
25,461,	0.04612159329140461,0.2558139534883721,	0.048034934497816595,0.2558139534883721,
262,162,	0.017857142857142856,0.005813953488372093,	0.017857142857142856,0.005813953488372093,
397,160,	0.03420523138832998,0.19767441860465115,	0.05504587155963303,0.10465116279069768,
279,58,	0.011178388448998603,0.13953488372093023,	0.07251908396946564,0.11046511627906977,
224,262,	0.03563941299790356,0.19767441860465115,	0.03711790393013101,0.19767441860465115,
262,25,	0.055232558139534885,0.22093023255813954,	0.055232558139534885,0.22093023255813954,
262,94,	0.04186795491143317,0.1511627906976744,	0.04186795491143317,0.1511627906976744,
461,25,	0.04893350062735257,0.22674418604651161,	0.050518134715025906,0.22674418604651161,
262,224,	0.04140526976160602,0.19186046511627908,	0.042746113989637305,0.19186046511627908,
94,262,	0.03776683087027915,0.13372093023255813,	0.03776683087027915,0.13372093023255813,
224,25,	0.050452781371280724,0.22674418604651161,	0.052348993288590606,0.22674418604651161,
387,315,	0.03550295857988166,0.03488372093023256,	0.03592814371257485,0.03488372093023256,
262,461,	0.04398447606727038,0.19767441860465115,	0.04563758389261745,0.19767441860465115,
25,318,	1.0,0.023255813953488372,	1.0,0.023255813953488372,
295,85,	0.03541315345699832,0.12209302325581395,	0.16216216216216217,0.03488372093023256,
357,25,	0.1,0.005813953488372093,	0.1,0.005813953488372093,
262,331,	0.04617834394904458,0.1686046511627907,	0.04617834394904458,0.1686046511627907,
25,262,	0.05370843989769821,0.2441860465116279,	0.05370843989769821,0.2441860465116279,
81,25,	1.0,0.005813953488372093,	1.0,0.005813953488372093,
279,42,	0.04690431519699812,0.14534883720930233,	0.16326530612244897,0.046511627906976744,
461,262,	0.03663366336633663,0.21511627906976744,	0.037871033776867964,0.21511627906976744,
94,25,	0.050955414012738856,0.18604651162790697,	0.050955414012738856,0.18604651162790697,
322,58,	0.03204047217537943,0.11046511627906977,	0.1891891891891892,0.040697674418604654,
25,25,	0.06487341772151899,0.23837209302325582,	0.06487341772151899,0.23837209302325582,
387,150,	0.04736842105263158,0.10465116279069768,	0.04430379746835443,0.08139534883720931,
25,81,	0.03418803418803419,0.023255813953488372,	0.03418803418803419,0.023255813953488372,
78,150,	0.04142011834319527,0.040697674418604654,	0.04142011834319527,0.040697674418604654,
467,25,	0.2,0.01744186046511628,	0.2,0.01744186046511628,
408,25,	0.21428571428571427,0.01744186046511628,	0.21428571428571427,0.01744186046511628,
138,25,	0.01652892561983471,0.011627906976744186,	0.01652892561983471,0.011627906976744186,
262,171,	0.07142857142857142,0.005813953488372093,	0.07142857142857142,0.005813953488372093,
138,80,	0.023809523809523808,0.005813953488372093,	0.023809523809523808,0.005813953488372093,
25,331,	0.042692939244663386,0.1511627906976744,	0.042692939244663386,0.1511627906976744,
25,224,	0.04257425742574258,0.25,	0.044012282497441144,0.25,
262,262,	0.03955696202531646,0.14534883720930233,	0.03955696202531646,0.14534883720930233,
295,42,	0.011178388448998603,0.13953488372093023,	0.06870229007633588,0.10465116279069768,
422,58,	0.03592814371257485,0.10465116279069768,	0.11764705882352941,0.03488372093023256,
279,346,25,	0.23318385650224216,0.3023255813953488,	0.75,0.05232558139534884,
467,420,150,	0.0663265306122449,0.0755813953488372,	0.06486486486486487,0.06976744186046512,
25,399,25,	0.208955223880597,0.08139534883720931,	0.208955223880597,0.08139534883720931,
25,467,230,	1.0,0.6104651162790697,	1.0,0.6104651162790697,
1,238,25,	0.047619047619047616,0.029069767441860465,
94,331,150,	0.06666666666666667,0.005813953488372093,	0.06666666666666667,0.005813953488372093,
25,32,271,	0.014397321428571428,0.75,
25,20,257,	0.04489942528735632,0.7267441860465116,	0.04465037910699242,0.6162790697674418,
25,408,25,	0.2112676056338028,0.0872093023255814,	0.2112676056338028,0.0872093023255814,
295,42,25,	0.02213072568193515,0.5,	0.03826530612244898,0.3488372093023256,
165,366,25,	0.01874476987447699,0.6511627906976745,	0.018978837756130334,0.6569767441860465,
25,262,171,	0.13793103448275862,0.046511627906976744,	0.13793103448275862,0.046511627906976744,
94,331,25,	0.08188976377952756,0.9069767441860465,	0.08188976377952756,0.9069767441860465,
25,299,62,	0.040843927508790914,0.877906976744186,	0.042393265183403486,0.8197674418604651,
230,467,25,	0.03424657534246575,0.0872093023255814,	0.03424657534246575,0.0872093023255814,
32,269,25,	0.016581129095933674,0.7325581395348837,
467,94,25,	0.6666666666666666,0.011627906976744186,	0.6666666666666666,0.011627906976744186,
109,346,25,	0.13377926421404682,0.23255813953488372,	0.23870967741935484,0.21511627906976744,
472,235,25,	0.2619047619047619,0.12790697674418605,	0.4186046511627907,0.10465116279069768,
171,408,25,	0.019230769230769232,0.08139534883720931,	0.019230769230769232,0.08139534883720931,
25,25,25,	0.12591389114541024,0.9011627906976745,	0.12591389114541024,0.9011627906976745,
279,42,25,	0.08378870673952642,0.5348837209302325,	0.22966507177033493,0.27906976744186046,
187,424,25,	0.014649622095735747,0.9127906976744186,	0.014649622095735747,0.9127906976744186,
299,62,25,	0.04073436603557085,0.8255813953488372,	0.039047619047619046,0.7151162790697675,
461,262,25,	0.03136830719307734,0.3372093023255814,	0.03254769921436588,0.3372093023255814,
25,426,189,	0.012063227953410981,0.8430232558139535,	0.013868164662512068,0.9186046511627907,
25,262,331,	0.0398489932885906,0.5523255813953488,	0.0398489932885906,0.5523255813953488,
25,262,461,	0.03296146044624747,0.37790697674418605,	0.03415659485023647,0.37790697674418605,
25,94,94,	0.07317073170731707,0.872093023255814,	0.07317073170731707,0.872093023255814,
25,297,150,	0.9230769230769231,0.13953488372093023,	0.9230769230769231,0.13953488372093023,
408,171,25,	1.0,0.5232558139534884,	1.0,0.5232558139534884,
295,348,150,	0.011100832562442183,0.13953488372093023,	0.03917910447761194,0.12209302325581395,
25,262,262,	0.09898305084745762,0.8488372093023255,	0.09898305084745762,0.8488372093023255,
25,138,375,	0.013510282161645145,0.6569767441860465,	0.013510282161645145,0.6569767441860465,
25,420,150,	0.2318840579710145,0.27906976744186046,	0.22549019607843138,0.26744186046511625,
129,220,25,	0.018148820326678767,0.7558139534883721,	0.018148820326678767,0.7558139534883721,
25,461,25,	0.11715481171548117,0.4883720930232558,	0.11715481171548117,0.4883720930232558,
199,436,25,	0.01583710407239819,0.7325581395348837,
25,262,94,	0.039709649871904354,0.5406976744186046,	0.039709649871904354,0.5406976744186046,
276,39,25,	0.04231433506044905,0.5697674418604651,	0.04231433506044905,0.5697674418604651,
279,309,150,	0.05555555555555555,0.14534883720930233,	0.16363636363636364,0.05232558139534884,
25,461,224,	0.037070938215102975,0.47093023255813954,	0.03888622179548728,0.47093023255813954,
109,42,25,	0.023809523809523808,0.22674418604651161,	0.028199566160520606,0.22674418604651161,
109,58,25,	0.01494949494949495,0.21511627906976744,	0.017602283539486202,0.21511627906976744,
34,269,25,	0.013725490196078431,0.6511627906976745,
25,262,224,	0.0311401305876444,0.36046511627906974,	0.03217436429683446,0.36046511627906974,
387,112,150,	0.052763819095477386,0.12209302325581395,	0.061764705882352944,0.12209302325581395,
25,457,402,	0.02289639381797367,0.6976744186046512,	0.023006134969325152,0.6976744186046512,
25,421,184,	0.09965635738831616,0.3372093023255814,	0.11910669975186104,0.27906976744186046,
32,271,25,	0.01810519744029967,0.6744186046511628,
151,388,25,	0.026310622422933437,0.7790697674418605,	0.026797677534613668,0.3488372093023256,
77,314,25,	0.027048528241845664,0.5930232558139535,	0.027048528241845664,0.5930232558139535,
25,165,220,	0.0160731605930442,0.6744186046511628,	0.0160731605930442,0.6744186046511628,
20,257,25,	0.05128205128205128,0.686046511627907,	0.04485219164118247,0.5116279069767442,
25,77,314,	0.02545968882602546,0.627906976744186,	0.025229898608818673,0.622093023255814,
25,17,254,	0.021859819569743234,0.7325581395348837,
25,420,183,	0.0980891719745223,0.4476744186046512,	0.09196891191709844,0.4127906976744186,
468,231,25,	0.22043010752688172,0.47674418604651164,	0.24172185430463577,0.42441860465116277,
387,31,150,	0.062111801242236024,0.11627906976744186,	0.07664233576642336,0.12209302325581395,
25,331,331,	0.07735085945399393,0.8895348837209303,	0.07735085945399393,0.8895348837209303,
25,162,399,	0.015414525760311068,0.6453488372093024,	0.015414525760311068,0.6453488372093024,
331,94,150,	0.07692307692307693,0.005813953488372093,	0.07692307692307693,0.005813953488372093,
25,446,209,	0.03967576791808874,0.5406976744186046,	0.04,0.5058139534883721,
467,331,25,	0.3333333333333333,0.011627906976744186,	0.3333333333333333,0.011627906976744186,
25,466,229,	0.014875876444949782,0.9127906976744186,	0.015273859324837047,0.9127906976744186,
25,94,375,	0.01593625498007968,0.023255813953488372,	0.01593625498007968,0.023255813953488372,
446,209,25,	0.043355325164938736,0.5348837209302325,	0.0529595015576324,0.4941860465116279,
138,94,25,	0.024390243902439025,0.03488372093023256,	0.024390243902439025,0.03488372093023256,
466,229,25,	0.015018418815528478,0.9244186046511628,	0.01592069690597777,0.9244186046511628,
331,94,25,	0.07595628415300547,0.8081395348837209,	0.07595628415300547,0.8081395348837209,
25,151,388,	0.025242363270532284,0.8023255813953488,	0.031174089068825912,0.4476744186046512,
25,387,150,	0.07009345794392523,0.5232558139534884,	0.08566853482786228,0.622093023255814,
25,94,331,	0.07677165354330709,0.9069767441860465,	0.07677165354330709,0.9069767441860465,
25,34,269,	0.01537522879804759,0.7325581395348837,
25,457,220,	0.01622668927100993,0.7790697674418605,	0.01622668927100993,0.7790697674418605,
25,244,7,	1.0,0.005813953488372093,	1.0,0.005813953488372093,
34,271,25,	0.016715116279069766,0.6686046511627907,
397,160,25,	0.0714859437751004,0.5174418604651163,	0.09944751381215469,0.313953488372093,
25,1,238,	0.047619047619047616,0.03488372093023256,
387,349,150,	0.05527638190954774,0.12790697674418605,	0.06306306306306306,0.12209302325581395,
25,295,42,	0.044382022471910115,0.45930232558139533,	0.1696113074204947,0.27906976744186046,
25,279,346,	0.018789144050104383,0.20930232558139536,	0.02736842105263158,0.0755813953488372,
25,25,262,	0.10508474576271186,0.9011627906976745,	0.10508474576271186,0.9011627906976745,
25,445,208,	0.020904667507659038,0.6744186046511628,	0.020904667507659038,0.6744186046511628,
25,187,424,	0.014794186754851623,0.9883720930232558,	0.014794186754851623,0.9883720930232558,
457,220,25,	0.016722825408710847,0.7790697674418605,	0.016853226009307005,0.7790697674418605,
295,346,25,	0.06799163179916318,0.37790697674418605,	0.13821138211382114,0.09883720930232558,
420,60,25,	0.08333333333333333,0.005813953488372093,	0.2,0.005813953488372093,
162,399,25,	0.016587335929612,0.6686046511627907,	0.016587335929612,0.6686046511627907,
138,375,25,	0.018748063216609854,0.7034883720930233,	0.018748063216609854,0.7034883720930233,
457,366,25,	0.016587677725118485,0.6918604651162791,	0.01673463647869498,0.6918604651162791,
255,18,25,	1.0,0.10465116279069768,	1.0,0.005813953488372093,
244,7,25,	1.0,0.011627906976744186,	1.0,0.011627906976744186,
279,348,150,	0.06266318537859007,0.13953488372093023,	0.2,0.05813953488372093,
387,60,25,	0.8333333333333334,0.14534883720930233,	0.8636363636363636,0.11046511627906977,
262,262,25,	0.10089503661513426,0.7209302325581395,	0.10089503661513426,0.7209302325581395,
25,260,23,	0.19291338582677164,0.28488372093023256,	0.20855614973262032,0.22674418604651161,
387,268,150,	0.062111801242236024,0.11627906976744186,	0.07692307692307693,0.12209302325581395,
25,375,94,	0.04316546762589928,0.03488372093023256,	0.04316546762589928,0.03488372093023256,
25,32,269,	0.015460210930009587,0.75,
25,165,366,	0.016997907949790794,0.7558139534883721,	0.01727548463668733,0.7616279069767442,
25,57,294,	0.01553728949478749,0.9011627906976745,
94,94,25,	0.07683982683982683,0.8255813953488372,	0.07683982683982683,0.8255813953488372,
25,262,25,	0.11605937921727395,1.0,	0.11605937921727395,1.0,
25,129,220,	0.016652311225954636,0.6744186046511628,	0.016652311225954636,0.6744186046511628,
25,408,171,	1.0,0.5290697674418605,	1.0,0.5290697674418605,
25,78,315,	0.24,0.27906976744186046,	0.24120603015075376,0.27906976744186046,
96,333,25,	0.012880143112701253,0.8372093023255814,
25,129,366,	0.016613020454781434,0.9302325581395349,	0.01686040423080951,0.936046511627907,
134,371,25,	0.6444444444444445,0.1686046511627907,	0.75,0.10465116279069768,
25,397,160,	0.068289384719405,0.5872093023255814,	0.097953216374269,0.38953488372093026,
25,224,461,	0.04033864541832669,0.47093023255813954,	0.04186046511627907,0.47093023255813954,
421,184,25,	0.09270216962524655,0.27325581395348836,	0.1314878892733564,0.22093023255813954,
461,224,25,	0.040340909090909094,0.4127906976744186,	0.04156908665105386,0.4127906976744186,
25,171,408,	1.0,0.005813953488372093,	1.0,0.005813953488372093,
81,318,25,	0.7310344827586207,0.6162790697674418,	0.7310344827586207,0.6162790697674418,
94,331,230,	0.012944983818770227,0.023255813953488372,	0.012944983818770227,0.023255813953488372,
57,294,25,	0.01654794520547945,0.877906976744186,	1.0,0.05232558139534884,
25,96,333,	0.012403100775193798,0.7441860465116279,
260,23,25,	0.19,0.22093023255813954,	0.24031007751937986,0.18023255813953487,
25,317,80,	0.06041222459132907,0.4941860465116279,	0.06041222459132907,0.4941860465116279,
331,262,25,	0.03798100949525238,0.4418604651162791,	0.03798100949525238,0.4418604651162791,
25,375,331,	0.03968253968253968,0.029069767441860465,	0.03968253968253968,0.029069767441860465,
387,111,58,	0.017113783533765033,0.21511627906976744,	0.013989637305699482,0.1569767441860465,
387,150,25,	0.08397683397683398,0.5058139534883721,	0.10244988864142539,0.5348837209302325,
138,420,150,	0.018579234972677595,0.09883720930232558,	0.023564064801178203,0.09302325581395349,
387,72,42,	0.06444444444444444,0.1686046511627907,	0.06807511737089202,0.1686046511627907,
78,315,25,	0.21862348178137653,0.313953488372093,	0.21862348178137653,0.313953488372093,
25,138,25,	0.125,0.005813953488372093,	0.125,0.005813953488372093,
165,220,25,	0.022550389143883458,0.6569767441860465,	0.022550389143883458,0.6569767441860465,
25,472,235,	0.2247191011235955,0.11627906976744186,	0.2602739726027397,0.11046511627906977,
420,183,25,	0.13305898491083676,0.563953488372093,	0.16393442622950818,0.5232558139534884,
25,165,402,	0.021187214611872146,0.6744186046511628,	0.021429891003140588,0.6744186046511628,
25,109,42,	0.1971326164874552,0.31976744186046513,	0.1971326164874552,0.31976744186046513,
165,402,25,	0.018935516888433982,0.6453488372093024,	0.01935594381637547,0.6569767441860465,
457,402,25,	0.016986301369863014,0.7209302325581395,	0.017146017699115043,0.7209302325581395,
25,230,467,	1.0,0.011627906976744186,	1.0,0.011627906976744186,
25,34,271,	0.014886363636363637,0.7616279069767442,
387,72,58,	0.011384502387073081,0.18023255813953487,	0.011641443538998836,0.1744186046511628,
25,467,375,	0.022060801721818672,0.47674418604651164,	0.022060801721818672,0.47674418604651164,
387,183,25,	0.22549019607843138,0.26744186046511625,	0.22527472527472528,0.23837209302325582,
25,467,25,	0.2112676056338028,0.0872093023255814,	0.2112676056338028,0.0872093023255814,
25,129,402,	0.018882894319263727,0.6918604651162791,	0.01921537229783827,0.6976744186046512,
25,224,25,	0.11772665764546685,0.5058139534883721,	0.11772665764546685,0.5058139534883721,
25,262,162,	0.07142857142857142,0.040697674418604654,	0.07142857142857142,0.040697674418604654,
426,189,25,	0.013023832727917073,0.8546511627906976,	0.01381267738883633,0.8488372093023255,
375,138,25,	0.025646371976647205,0.7151162790697675,	0.025646371976647205,0.7151162790697675,
295,173,150,	0.013100436681222707,0.12209302325581395,	0.06698564593301436,0.08139534883720931,
25,255,18,	1.0,0.13953488372093023,	1.0,0.13953488372093023,
331,138,25,	0.04827586206896552,0.040697674418604654,	0.04827586206896552,0.040697674418604654,
25,468,231,	0.19293478260869565,0.4127906976744186,	0.22916666666666666,0.38372093023255816,
25,375,138,	0.023796448837634997,0.7558139534883721,	0.023796448837634997,0.7558139534883721,
94,138,25,	0.07092198581560284,0.05813953488372093,	0.07092198581560284,0.05813953488372093,
25,279,58,	0.02012121212121212,0.48255813953488375,	0.038262668045501554,0.43023255813953487,
445,208,25,	0.020475926950747094,0.6453488372093024,	0.020475926950747094,0.6453488372093024,
129,402,25,	0.01610949612403101,0.7732558139534884,	0.01610949612403101,0.7732558139534884,
317,80,25,	0.06318449873631002,0.436046511627907,	0.06318449873631002,0.436046511627907,
25,49,286,	0.9156626506024096,0.4418604651162791,	1.0,0.38953488372093026,
387,410,42,	0.09523809523809523,0.1511627906976744,	0.0990990990990991,0.12790697674418605,
17,254,25,	0.020513675783855902,0.7151162790697675,
399,162,25,	1.0,0.5058139534883721,	1.0,0.5058139534883721,
25,331,375,	0.03333333333333333,0.05232558139534884,	0.03333333333333333,0.05232558139534884,
25,199,436,	0.016531713900134953,0.8546511627906976,
25,331,25,	0.185546875,0.5523255813953488,	0.185546875,0.5523255813953488,
25,399,162,	1.0,0.47674418604651164,	1.0,0.47674418604651164,
25,331,94,	0.07776049766718507,0.872093023255814,	0.07776049766718507,0.872093023255814,
138,230,25,	0.030537030537030538,0.5058139534883721,	0.030537030537030538,0.5058139534883721,
25,94,25,	0.20436507936507936,0.5988372093023255,	0.20436507936507936,0.5988372093023255,
467,375,25,	0.8583333333333333,0.5988372093023255,	0.8583333333333333,0.5988372093023255,
25,262,230,	0.10126582278481013,0.046511627906976744,	0.10126582278481013,0.046511627906976744,
25,457,366,	0.016815554387808723,0.7441860465116279,	0.01692450085944731,0.7441860465116279,
418,181,25,	0.9069767441860465,0.22674418604651161,	0.8947368421052632,0.19767441860465115,
262,25,262,	0.07894736842105263,0.6802325581395349,	0.07894736842105263,0.6802325581395349,
224,461,25,	0.041935483870967745,0.37790697674418605,	0.04412763068567549,0.37790697674418605,
49,286,25,	0.9651162790697675,0.48255813953488375,	0.9615384615384616,0.436046511627907,
279,58,25,	0.04649793996468511,0.45930232558139533,	0.14173228346456693,0.20930232558139536,
25,276,39,	0.04656862745098039,0.6627906976744186,	0.04656862745098039,0.6627906976744186,
25,279,42,	0.060744115413819286,0.46511627906976744,	0.224,0.32558139534883723,
467,230,25,	1.0,0.6511627906976745,	1.0,0.6511627906976745,
129,366,25,	0.016788635385277657,0.9069767441860465,	0.01679405748735063,0.9069767441860465,
331,331,25,	0.07213284898806435,0.8081395348837209,	0.07213284898806435,0.8081395348837209,
94,262,25,	0.03076171875,0.36627906976744184,	0.03076171875,0.36627906976744184,
387,111,42,	0.08093994778067885,0.18023255813953487,	0.08012820512820513,0.14534883720930233,
297,60,25,	1.0,0.16279069767441862,	1.0,0.10465116279069768,
138,331,25,	0.0205761316872428,0.029069767441860465,	0.0205761316872428,0.029069767441860465,
25,81,318,	0.6609195402298851,0.6686046511627907,	0.6609195402298851,0.6686046511627907,
262,25,25,	0.11391375101708706,0.813953488372093,	0.11391375101708706,0.813953488372093,
25,297,60,	1.0,0.19767441860465115,	1.0,0.1511627906976744,
224,262,25,	0.031091011871113624,0.31976744186046513,	0.03241013553329405,0.31976744186046513,
25,138,230,	0.824,0.5988372093023255,	0.824,0.5988372093023255,
