222,	0.012345679012345678,0.012987012987012988,
21,21,	0.5526315789473685,0.13636363636363635,	0.75,0.10909090909090909,
21,222,	0.11016949152542373,0.16883116883116883,	0.031746031746031744,0.03636363636363636,
21,258,	0.04568527918781726,0.05844155844155844,	0.03896103896103896,0.06382978723404255,
21,459,	0.25,0.14935064935064934,	0.045454545454545456,0.02127659574468085,
222,258,	0.010869565217391304,0.006493506493506494,
258,222,	0.029411764705882353,0.006493506493506494,
258,258,	0.02631578947368421,0.006493506493506494,	0.16666666666666666,0.02127659574468085,
21,21,258,	0.2159090909090909,0.12337662337662338,	0.16,0.0851063829787234,
21,86,323,	0.3770491803278688,0.5974025974025974,	0.6176470588235294,0.44680851063829785,
222,222,21,	0.5,0.006493506493506494,
21,459,21,	0.5384615384615384,0.13636363636363635,	0.3333333333333333,0.01818181818181818,
21,103,323,	0.6410256410256411,0.16233766233766234,	0.6,0.06382978723404255,
21,222,222,	0.03289473684210526,0.032467532467532464,
222,86,323,	0.012987012987012988,0.012987012987012988,
21,222,21,	0.3448275862068966,0.06493506493506493,
459,222,21,	0.13333333333333333,0.03896103896103896,	0.2222222222222222,0.03636363636363636,
21,459,222,	0.2926829268292683,0.4675324675324675,	0.19230769230769232,0.2727272727272727,
21,459,459,	0.17142857142857143,0.03896103896103896,
86,323,21,	0.4918032786885246,0.19480519480519481,	0.75,0.32727272727272727,
21,258,459,	0.208955223880597,0.09090909090909091,
21,222,258,	0.06382978723404255,0.05844155844155844,	0.027777777777777776,0.02127659574468085,
21,258,21,	0.16541353383458646,1.0,	0.25853658536585367,0.9636363636363636,
21,103,340,	0.7297297297297297,0.17532467532467533,	0.6666666666666666,0.1276595744680851,
21,222,459,	0.16272965879265092,0.8051948051948052,	0.16083916083916083,0.48936170212765956,
21,21,222,	0.11392405063291139,0.05844155844155844,	0.2,0.01818181818181818,
459,459,21,	0.022222222222222223,0.006493506493506494,
258,21,21,	0.03188405797101449,0.07142857142857142,	0.11904761904761904,0.09090909090909091,
21,86,340,	0.4166666666666667,0.12987012987012986,	0.3333333333333333,0.0851063829787234,
222,459,21,	0.08982035928143713,0.09740259740259741,	0.175,0.12727272727272726,
21,21,459,	0.4166666666666667,0.09740259740259741,	0.25,0.02127659574468085,
103,340,21,	1.0,0.08441558441558442,
21,258,222,	0.09302325581395349,0.07792207792207792,	0.05263157894736842,0.01818181818181818,
258,258,21,	0.017391304347826087,0.03896103896103896,	0.06818181818181818,0.05454545454545454,
21,459,258,	0.0425531914893617,0.03896103896103896,
21,134,371,	1.0,0.006493506493506494,	1.0,0.02127659574468085,
21,258,258,	0.056818181818181816,0.032467532467532464,	0.14285714285714285,0.0425531914893617,
21,21,21,	0.6333333333333333,0.12337662337662338,	0.8333333333333334,0.09090909090909091,
