0,34,	0.5,0.002680965147453083,	0.5,0.002680965147453083,
0,47,	0.02608695652173913,0.00804289544235925,	0.02608695652173913,0.00804289544235925,
0,57,	0.09090909090909091,0.002680965147453083,	0.09090909090909091,0.002680965147453083,
0,96,	0.21212121212121213,0.01876675603217158,	0.21212121212121213,0.01876675603217158,
311,196,	0.25,0.002680965147453083,	0.25,0.002680965147453083,
331,47,	0.7543859649122807,0.5764075067024129,	0.7543859649122807,0.5764075067024129,
138,43,	0.08438818565400844,0.05361930294906166,	0.08438818565400844,0.05361930294906166,
138,47,	0.023255813953488372,0.005361930294906166,	0.023255813953488372,0.005361930294906166,
138,196,	0.0695364238410596,0.05630026809651475,	0.0695364238410596,0.05630026809651475,
138,79,	0.12987012987012986,0.02680965147453083,	0.12987012987012986,0.02680965147453083,
138,98,	0.12857142857142856,0.024128686327077747,	0.12857142857142856,0.024128686327077747,
138,118,	0.11842105263157894,0.024128686327077747,	0.11842105263157894,0.024128686327077747,
138,124,	0.06666666666666667,0.05093833780160858,	0.06666666666666667,0.05093833780160858,
15,47,	0.6666666666666666,0.04825737265415549,	0.6666666666666666,0.04825737265415549,
420,22,	0.09765625,0.06702412868632708,	0.10135135135135136,0.040214477211796246,
311,118,	0.13333333333333333,0.005361930294906166,	0.13333333333333333,0.005361930294906166,
162,47,	1.0,0.005361930294906166,	1.0,0.005361930294906166,
162,96,	0.07291666666666667,0.07506702412868632,	0.07291666666666667,0.07506702412868632,
472,84,	0.041025641025641026,0.021447721179624665,
186,47,	1.0,0.12064343163538874,	1.0,0.12064343163538874,
297,22,	0.12080536912751678,0.04825737265415549,	0.16216216216216217,0.032171581769437,
423,47,	1.0,0.12064343163538874,	1.0,0.12064343163538874,
190,96,	0.13551401869158877,0.0777479892761394,	0.13551401869158877,0.0777479892761394,
418,22,	0.02702702702702703,0.002680965147453083,
203,47,	0.07352941176470588,0.040214477211796246,	0.07352941176470588,0.040214477211796246,
311,124,	0.3333333333333333,0.002680965147453083,	0.3333333333333333,0.002680965147453083,
440,47,	0.42857142857142855,0.040214477211796246,	0.42857142857142855,0.040214477211796246,
78,22,	0.015625,0.002680965147453083,	0.015625,0.002680965147453083,
311,79,	0.09090909090909091,0.005361930294906166,	0.09090909090909091,0.005361930294906166,
311,43,	0.5,0.002680965147453083,	0.5,0.002680965147453083,
331,96,	0.011494252873563218,0.00804289544235925,	0.011494252873563218,0.00804289544235925,
399,47,	0.058823529411764705,0.002680965147453083,	0.058823529411764705,0.002680965147453083,
94,47,	0.7413793103448276,0.5764075067024129,	0.7413793103448276,0.5764075067024129,
230,32,	0.06352087114337568,0.0938337801608579,	0.06352087114337568,0.0938337801608579,
230,34,	0.06629834254143646,0.09651474530831099,	0.06629834254143646,0.09651474530831099,
230,57,	0.06741573033707865,0.09651474530831099,	0.06741573033707865,0.09651474530831099,
308,96,	0.1388888888888889,0.013404825737265416,	0.1388888888888889,0.013404825737265416,
237,47,	0.14285714285714285,0.00804289544235925,	0.14285714285714285,0.00804289544235925,
311,98,	0.10714285714285714,0.00804289544235925,	0.10714285714285714,0.00804289544235925,
244,43,	0.1069182389937107,0.045576407506702415,	0.1069182389937107,0.045576407506702415,
244,196,	0.09230769230769231,0.04825737265415549,	0.09230769230769231,0.04825737265415549,
244,79,	0.15384615384615385,0.032171581769437,	0.15384615384615385,0.032171581769437,
244,98,	0.1566265060240964,0.03485254691689008,	0.1566265060240964,0.03485254691689008,
244,118,	0.16,0.032171581769437,	0.16,0.032171581769437,
244,124,	0.08717948717948718,0.045576407506702415,	0.08717948717948718,0.045576407506702415,
375,32,	0.045428072218986607,0.20911528150134048,	0.045428072218986607,0.20911528150134048,
375,34,	0.045930232558139536,0.21179624664879357,	0.045930232558139536,0.21179624664879357,
375,47,	0.05555555555555555,0.045576407506702415,	0.05555555555555555,0.045576407506702415,
375,57,	0.04590354445090064,0.21179624664879357,	0.04590354445090064,0.21179624664879357,
375,96,	0.12751348700343307,0.6970509383378016,	0.12751348700343307,0.6970509383378016,
377,32,	0.6094527363184079,0.6568364611260054,	0.6094527363184079,0.6568364611260054,
377,34,	0.5903614457831325,0.6568364611260054,	0.5903614457831325,0.6568364611260054,
377,57,	0.6171284634760705,0.6568364611260054,	0.6171284634760705,0.6568364611260054,
252,47,	0.13432835820895522,0.04825737265415549,	0.13432835820895522,0.04825737265415549,
260,22,	0.1076923076923077,0.01876675603217158,	0.10416666666666667,0.013404825737265416,
94,94,47,	0.717391304347826,0.6193029490616622,	0.717391304347826,0.6193029490616622,
375,94,47,	0.04,0.040214477211796246,	0.04,0.040214477211796246,
190,427,47,	0.3177570093457944,0.09115281501340483,	0.3177570093457944,0.09115281501340483,
375,138,79,	0.1890909090909091,0.6970509383378016,	0.1890909090909091,0.6970509383378016,
420,183,34,	0.05555555555555555,0.01876675603217158,	0.06382978723404255,0.0160857908847185,
138,138,43,	0.26865671641791045,0.09651474530831099,	0.26865671641791045,0.09651474530831099,
138,375,32,	0.15499254843517138,0.27882037533512066,	0.15499254843517138,0.27882037533512066,
15,252,47,	0.9925925925925926,0.35924932975871315,	0.9925925925925926,0.35924932975871315,
94,295,84,	0.011428571428571429,0.0160857908847185,
331,138,98,	0.11764705882352941,0.02680965147453083,	0.11764705882352941,0.02680965147453083,
138,375,34,	0.15294117647058825,0.27882037533512066,	0.15294117647058825,0.27882037533512066,
420,349,22,	0.09164420485175202,0.09115281501340483,	0.0825242718446602,0.045576407506702415,
377,140,47,	0.7313432835820896,0.6568364611260054,	0.7313432835820896,0.6568364611260054,
420,112,22,	0.08539944903581267,0.08310991957104558,	0.07920792079207921,0.04289544235924933,
297,460,43,	0.12867647058823528,0.0938337801608579,	0.1391304347826087,0.04289544235924933,
47,269,34,	1.0,1.0,
297,410,84,	0.0661764705882353,0.04825737265415549,	0.06428571428571428,0.024128686327077747,
138,223,22,	0.08870967741935484,0.029490616621983913,	0.08870967741935484,0.029490616621983913,
297,183,47,	0.4044943820224719,0.09651474530831099,	0.36363636363636365,0.04289544235924933,
230,467,47,	0.12162162162162163,0.09651474530831099,	0.12162162162162163,0.09651474530831099,
186,423,47,	1.0,0.12064343163538874,	1.0,0.12064343163538874,
131,368,79,	0.3617693522906793,0.613941018766756,
171,408,47,	0.08163265306122448,0.010723860589812333,	0.08163265306122448,0.010723860589812333,
47,280,79,	1.0,1.0,
331,331,47,	0.7378640776699029,0.6112600536193029,	0.7378640776699029,0.6112600536193029,
47,271,34,	1.0,1.0,
244,111,84,	0.05263157894736842,0.002680965147453083,	0.05263157894736842,0.002680965147453083,
47,335,98,	1.0,1.0,
440,203,47,	1.0,0.36193029490616624,	1.0,0.36193029490616624,
131,368,43,	0.20996978851963746,0.7453083109919572,
409,172,34,	0.04914004914004914,0.05361930294906166,	0.04186046511627907,0.024128686327077747,
47,355,118,	1.0,1.0,
420,31,22,	0.09803921568627451,0.06702412868632708,	0.08666666666666667,0.03485254691689008,
420,72,84,	0.06972789115646258,0.10991957104557641,	0.060897435897435896,0.05093833780160858,
138,472,84,	0.1568627450980392,0.064343163538874,	0.14492753623188406,0.02680965147453083,
331,295,84,	0.013861386138613862,0.01876675603217158,	0.015384615384615385,0.010723860589812333,
420,111,84,	0.0728476821192053,0.08847184986595175,	0.0703125,0.04825737265415549,
420,460,43,	0.10899182561307902,0.10723860589812333,	0.1,0.05361930294906166,
331,472,84,	0.05925925925925926,0.021447721179624665,	0.075,0.0160857908847185,
297,247,84,	0.09821428571428571,0.029490616621983913,	0.09230769230769231,0.0160857908847185,
47,321,84,	1.0,1.0,
47,271,32,	1.0,1.0,
47,355,98,	1.0,1.0,
131,368,118,	0.3617693522906793,0.613941018766756,
138,297,22,	0.2803030303030303,0.09919571045576407,	0.20987654320987653,0.045576407506702415,
466,229,47,	0.03734439834024896,0.024128686327077747,	0.015625,0.005361930294906166,
331,138,43,	0.06914893617021277,0.03485254691689008,	0.06914893617021277,0.03485254691689008,
331,375,47,	0.30612244897959184,0.040214477211796246,	0.30612244897959184,0.040214477211796246,
94,138,47,	0.1,0.029490616621983913,	0.1,0.029490616621983913,
237,0,47,	0.8914728682170543,0.30831099195710454,	0.8914728682170543,0.30831099195710454,
297,31,22,	0.13297872340425532,0.06702412868632708,	0.11956521739130435,0.029490616621983913,
47,259,22,	1.0,1.0,
375,420,22,	0.14247740563530037,0.7184986595174263,	0.1439312567132116,0.7184986595174263,
94,138,43,	0.0718232044198895,0.03485254691689008,	0.0718232044198895,0.03485254691689008,
331,94,47,	0.7275541795665634,0.6300268096514745,	0.7275541795665634,0.6300268096514745,
138,420,22,	0.26136363636363635,0.12332439678284182,	0.19130434782608696,0.058981233243967826,
297,112,22,	0.10954063604240283,0.08310991957104558,	0.096,0.032171581769437,
47,335,79,	1.0,1.0,
375,138,98,	0.18782098312545856,0.6863270777479893,	0.18782098312545856,0.6863270777479893,
35,272,47,	0.366751269035533,0.774798927613941,	0.366751269035533,0.774798927613941,
375,138,118,	0.18795888399412627,0.6863270777479893,	0.18795888399412627,0.6863270777479893,
94,331,47,	0.7320872274143302,0.6300268096514745,	0.7320872274143302,0.6300268096514745,
331,331,32,	0.017699115044247787,0.010723860589812333,	0.017699115044247787,0.010723860589812333,
230,467,34,	0.11666666666666667,0.0938337801608579,	0.11666666666666667,0.0938337801608579,
94,138,98,	0.125,0.029490616621983913,	0.125,0.029490616621983913,
138,375,47,	0.7207207207207207,0.4289544235924933,	0.7207207207207207,0.4289544235924933,
375,331,47,	0.046296296296296294,0.040214477211796246,	0.046296296296296294,0.040214477211796246,
47,284,47,	1.0,1.0,
420,60,47,	0.3119266055045872,0.09115281501340483,	0.2222222222222222,0.04289544235924933,
420,183,47,	0.3,0.15281501340482573,	0.22321428571428573,0.06702412868632708,
162,399,47,	0.4731182795698925,0.11796246648793565,	0.4731182795698925,0.11796246648793565,
331,297,22,	0.19642857142857142,0.029490616621983913,	0.23404255319148937,0.029490616621983913,
47,316,43,	1.0,1.0,
203,440,47,	0.8793103448275862,0.13672922252010725,	0.8793103448275862,0.13672922252010725,
138,94,47,	0.02127659574468085,0.002680965147453083,	0.02127659574468085,0.002680965147453083,
186,186,47,	1.0,0.12064343163538874,	1.0,0.12064343163538874,
423,423,47,	1.0,0.12064343163538874,	1.0,0.12064343163538874,
94,297,22,	0.2033898305084746,0.032171581769437,	0.24,0.032171581769437,
47,316,118,	1.0,1.0,
297,268,22,	0.13978494623655913,0.06970509383378017,	0.12087912087912088,0.029490616621983913,
131,368,34,	0.27068345323741005,0.806970509383378,
47,335,43,	1.0,1.0,
375,138,47,	0.22777017783857728,0.8927613941018767,	0.22777017783857728,0.8927613941018767,
47,316,79,	1.0,1.0,
94,138,79,	0.11578947368421053,0.029490616621983913,	0.11578947368421053,0.029490616621983913,
47,280,43,	1.0,1.0,
331,331,34,	0.017699115044247787,0.010723860589812333,	0.017699115044247787,0.010723860589812333,
94,472,84,	0.05673758865248227,0.021447721179624665,	0.07777777777777778,0.01876675603217158,
297,60,47,	1.0,0.1554959785522788,	1.0,0.05630026809651475,
138,331,47,	0.044444444444444446,0.005361930294906166,	0.044444444444444446,0.005361930294906166,
420,268,22,	0.10196078431372549,0.06970509383378017,	0.07894736842105263,0.032171581769437,
94,420,22,	0.0949367088607595,0.040214477211796246,	0.09395973154362416,0.03753351206434316,
420,183,32,	0.05309734513274336,0.0160857908847185,	0.06097560975609756,0.013404825737265416,
131,368,32,	0.2677935943060498,0.806970509383378,
94,375,47,	0.3137254901960784,0.04289544235924933,	0.3137254901960784,0.04289544235924933,
375,297,22,	0.08955223880597014,0.08042895442359249,	0.09740259740259741,0.08042895442359249,
47,355,43,	1.0,1.0,
375,472,84,	0.08353221957040573,0.28150134048257375,	0.09161147902869757,0.2225201072386059,
331,138,47,	0.09174311926605505,0.02680965147453083,	0.09174311926605505,0.02680965147453083,
420,247,84,	0.12413793103448276,0.04825737265415549,	0.1411764705882353,0.032171581769437,
423,186,47,	1.0,0.12064343163538874,	1.0,0.12064343163538874,
409,172,47,	0.04914004914004914,0.05361930294906166,	0.04186046511627907,0.024128686327077747,
138,179,43,	0.09137055837563451,0.04825737265415549,	0.09137055837563451,0.04825737265415549,
131,368,98,	0.3617693522906793,0.613941018766756,
47,280,118,	1.0,1.0,
420,410,84,	0.0972644376899696,0.08579088471849866,	0.08040201005025126,0.04289544235924933,
297,72,84,	0.07882882882882883,0.0938337801608579,	0.06951871657754011,0.03485254691689008,
131,368,47,	0.13439635535307518,0.3163538873994638,
375,138,43,	0.10398613518197573,0.6434316353887399,	0.10398613518197573,0.6434316353887399,
138,191,43,	0.08542713567839195,0.045576407506702415,	0.08542713567839195,0.045576407506702415,
47,316,98,	1.0,1.0,
47,280,98,	1.0,1.0,
331,138,79,	0.10869565217391304,0.02680965147453083,	0.10869565217391304,0.02680965147453083,
47,335,118,	1.0,1.0,
138,428,43,	0.08542713567839195,0.045576407506702415,	0.08542713567839195,0.045576407506702415,
47,269,32,	1.0,1.0,
138,416,43,	0.09137055837563451,0.04825737265415549,	0.09137055837563451,0.04825737265415549,
47,355,79,	1.0,1.0,
331,420,22,	0.1032258064516129,0.04289544235924933,	0.0979020979020979,0.03753351206434316,
297,349,22,	0.11188811188811189,0.08579088471849866,	0.09923664122137404,0.03485254691689008,
163,400,47,	0.017995570321151715,0.1742627345844504,
297,111,84,	0.06720430107526881,0.06702412868632708,	0.062146892655367235,0.029490616621983913,
