129,	0.5960526315789474,0.39288811795316564,	0.5960526315789474,0.39288811795316564,
457,	0.4306122448979592,0.18300086730268864,	0.42915811088295686,0.18126626192541198,
408,165,	1.0,0.004336513443191674,	1.0,0.004336513443191674,
399,165,	0.05063291139240506,0.003469210754553339,	0.05063291139240506,0.003469210754553339,
17,300,	0.21462171697373578,0.9496964440589766,
94,129,	0.29447181171319103,0.4666088464874241,	0.29447181171319103,0.4666088464874241,
331,165,	0.25894736842105265,0.6400693842150911,	0.25894736842105265,0.6400693842150911,
224,165,	0.2699602999558888,0.5307892454466608,	0.2828096118299446,0.5307892454466608,
426,95,	0.20014880952380953,0.9332176929748482,	0.21002435064935066,0.8976582827406765,
81,165,	0.5,0.0017346053772766695,	0.5,0.0017346053772766695,
94,457,	0.26256410256410256,0.2220294882914137,	0.2620760534429599,0.22116218560277537,
408,457,	0.5555555555555556,0.004336513443191674,	0.5555555555555556,0.004336513443191674,
467,468,	0.3090909090909091,0.014744145706851692,	0.5555555555555556,0.008673026886383347,
94,165,	0.26266154383513796,0.6522116218560278,	0.26266154383513796,0.6522116218560278,
467,457,	0.6,0.005203816131830009,	0.6,0.005203816131830009,
408,129,	0.6923076923076923,0.007805724197745013,	0.6923076923076923,0.007805724197745013,
331,129,	0.29002192982456143,0.4588031222896791,	0.29002192982456143,0.4588031222896791,
461,457,	0.29892761394101874,0.3868169991326973,	0.3059071729957806,0.37727666955767564,
461,129,	0.28921819110884006,0.4908933217692975,	0.30138445154419596,0.4908933217692975,
468,129,	1.0,0.003469210754553339,	1.0,0.003469210754553339,
399,457,	0.13043478260869565,0.0026019080659150044,	0.13043478260869565,0.0026019080659150044,
426,449,	0.1623654076226286,0.823937554206418,	0.18161296942335317,0.7675628794449263,
467,129,	0.5714285714285714,0.003469210754553339,	0.5714285714285714,0.003469210754553339,
138,468,	0.03170731707317073,0.011274934952298352,	0.09009009009009009,0.008673026886383347,
262,457,	0.2978723404255319,0.13356461405030357,	0.29766536964980544,0.1326973113616652,
224,457,	0.2995391705069124,0.3382480485689506,	0.31419196062346183,0.33217692974848223,
138,457,	0.0189873417721519,0.0026019080659150044,	0.01935483870967742,0.0026019080659150044,
81,468,	0.19047619047619047,0.010407632263660017,	0.3448275862068966,0.008673026886383347,
25,165,	0.23601973684210525,0.2489158716392021,	0.23601973684210525,0.2489158716392021,
25,457,	0.28059701492537314,0.16305290546400694,	0.28054298642533937,0.16131830008673026,
467,165,	0.42857142857142855,0.007805724197745013,	0.42857142857142855,0.007805724197745013,
399,129,	0.11290322580645161,0.006071118820468344,	0.11290322580645161,0.006071118820468344,
25,129,	0.2713248638838475,0.2593235039028621,	0.2713248638838475,0.2593235039028621,
224,129,	0.3053475935828877,0.49522983521248914,	0.32006726457399104,0.49522983521248914,
461,165,	0.26437768240343346,0.5342584562012143,	0.2764811490125673,0.5342584562012143,
138,129,	0.023346303501945526,0.005203816131830009,	0.023346303501945526,0.005203816131830009,
331,457,	0.2620967741935484,0.22549869904596703,	0.26188068756319516,0.2246313963573287,
262,129,	0.29780564263322884,0.2471812662619254,	0.29780564263322884,0.2471812662619254,
138,165,	0.0117096018735363,0.004336513443191674,	0.0117096018735363,0.004336513443191674,
262,165,	0.26806953339432754,0.2541196877710321,	0.26806953339432754,0.2541196877710321,
426,291,	0.17630376555853158,0.9705117085862967,	0.19873756694720734,0.9235555555555556,
357,129,	0.2608695652173913,0.005203816131830009,	0.2608695652173913,0.005203816131830009,
387,183,165,	0.4927007299270073,0.2341717259323504,	0.49907578558225507,0.2341717259323504,
138,375,129,	0.025389957873164067,0.3868169991326973,	0.025389957873164067,0.3868169991326973,
34,269,457,	0.12820121951219512,0.7294015611448396,
467,331,165,	0.425531914893617,0.03469210754553339,	0.425531914893617,0.03469210754553339,
129,212,291,	0.2634770889487871,0.6782307025151778,	0.3143350604490501,0.8088888888888889,
457,220,457,	0.13412754029432375,0.8300086730268864,	0.13478576615831517,0.8048568950563747,
129,54,291,	0.1402390438247012,0.7632263660017347,	0.1786492374727669,0.9475555555555556,
420,150,129,	0.021499319344693235,0.39722463139635733,	0.04150551834732572,0.38161318300086733,
34,269,165,	0.1258720930232558,0.751084128360798,
276,39,129,	0.21054433413214652,0.5333911535125759,	0.21054433413214652,0.5333911535125759,
94,94,129,	0.18480441323971916,0.6392020815264527,	0.18480441323971916,0.6392020815264527,
94,426,95,	0.150109683484801,0.8308759757155247,	0.15370910268869453,0.8230702515177797,
129,366,457,	0.17186366932559827,0.8222029488291414,	0.17094017094017094,0.797918473547268,
295,58,165,	0.07757443321496858,0.49262792714657416,	0.14098448368111288,0.4570685169124024,
244,7,165,	1.0,0.009540329575021683,	1.0,0.009540329575021683,
295,346,165,	0.26880049720323185,0.7502168256721596,	0.4411764705882353,0.3382480485689506,
387,150,457,	0.3088592233009709,0.4414570685169124,	0.3135168961201502,0.43451864700780574,
276,39,457,	0.20603015075376885,0.21335646140503037,	0.20603015075376885,0.21335646140503037,
420,150,165,	0.022587841606246516,0.4215091066782307,	0.041823351371182246,0.3954900260190807,
457,366,129,	0.14180041870202373,0.8811795316565482,	0.14313946922642576,0.8794449262792715,
165,332,291,	0.17809364548494983,0.7389418907198613,	0.25111607142857145,1.0,
276,39,165,	0.17528251983649915,0.632263660017346,	0.17528251983649915,0.632263660017346,
466,229,457,	0.11823088977886122,0.5888985255854293,	0.12704209110128772,0.5732870771899393,
461,224,165,	0.11425902864259029,0.3183000867302689,	0.118600129617628,0.31743278404163056,
331,426,95,	0.14913682864450128,0.8091934084995663,	0.15248637039484553,0.800520381613183,
331,138,129,	0.046610169491525424,0.009540329575021683,	0.046610169491525424,0.009540329575021683,
397,160,165,	0.31004140786749484,0.5195143104943626,	0.38984674329501917,0.35299219427580225,
138,375,457,	0.018522267206477733,0.15871639202081528,	0.018563851489188085,0.15784908933217692,
17,254,129,	0.1917706199962763,0.8933217692974849,
20,257,165,	0.1484820607175713,0.6999132697311362,	0.16085790884718498,0.6244579358196011,
20,257,457,	0.08492635537449075,0.23503902862098872,	0.08438375350140057,0.20901994796183868,
408,171,165,	1.0,0.6209887250650477,	1.0,0.6209887250650477,
426,189,165,	0.06251392912859371,0.4865568083261058,	0.06675843083275981,0.5047701647875108,
129,402,457,	0.1237705965001916,0.8404163052905465,	0.12349397590361445,0.8178664353859497,
409,172,129,	0.026472177201512695,0.38248048568950566,	0.050028360748723764,0.38248048568950566,
49,286,165,	0.9576379974326059,0.6470078057241977,	0.9537815126050421,0.590633130962706,
387,375,165,	0.25,0.0026019080659150044,	0.25,0.0026019080659150044,
224,461,165,	0.11635006784260515,0.2974848222029488,	0.1237410071942446,0.2983521248915872,
138,375,165,	0.054170159262363786,0.8967909800520382,	0.054170159262363786,0.8967909800520382,
81,318,457,	0.3444676409185804,0.14310494362532525,	0.3438155136268344,0.1422376409366869,
165,402,129,	0.12015086206896551,0.5802254986990459,	0.12142598624683315,0.5819601040763226,
94,375,457,	0.014342235410484669,0.05030355594102342,	0.014384920634920634,0.05030355594102342,
457,212,291,	0.29198036006546646,0.7736339982653946,	0.2957080094626563,0.7777777777777778,
467,94,165,	0.632183908045977,0.047701647875108416,	0.632183908045977,0.047701647875108416,
94,94,457,	0.16549130230371414,0.30529054640069386,	0.16501182033096926,0.3026886383347788,
299,62,457,	0.10038824181919023,0.3139635732870772,	0.10168434185901434,0.28274067649609713,
457,366,165,	0.1351063829787234,0.8811795316565482,	0.1362658057573312,0.8785776235906332,
94,375,129,	0.01234875888736435,0.08586296617519515,	0.01234875888736435,0.08586296617519515,
151,388,457,	0.11717495987158909,0.44319167389418906,	0.09504950495049505,0.20815264527320035,
375,138,165,	0.08907374520983269,0.826539462272333,	0.08907374520983269,0.826539462272333,
94,94,165,	0.17400346620450607,0.8707718993928881,	0.17400346620450607,0.8707718993928881,
138,162,165,	0.5830903790087464,0.5203816131830009,	0.5830903790087464,0.5203816131830009,
138,331,457,	0.08635097493036212,0.026886383347788378,	0.08683473389355742,0.026886383347788378,
199,436,457,	0.12961225766103815,0.7189939288811795,
443,206,165,	0.017405582922824302,0.09193408499566348,	0.0357504215851602,0.09193408499566348,
331,17,300,	0.13605051664753157,0.8222029488291414,
94,426,291,	0.14158273381294964,0.8534258456201215,	0.15891278972819745,0.8471111111111111,
399,331,165,	0.3229166666666667,0.053772766695576756,	0.3229166666666667,0.053772766695576756,
420,183,129,	0.15598386373823397,0.3018213356461405,	0.18454697053918845,0.28794449262792715,
446,209,457,	0.18600165334802976,0.585429314830876,	0.258,0.559410234171726,
446,209,129,	0.18422379032258066,0.6339982653946227,	0.2574762946754194,0.6123156981786644,
420,183,165,	0.1966311447232726,0.49609713790112747,	0.23329021129797325,0.4692107545533391,
129,366,129,	0.10947585850761683,0.7354726799653079,	0.10963326446280992,0.7363399826539462,
34,271,165,	0.1258720930232558,0.751084128360798,
331,426,291,	0.14030724213606438,0.8317432784041631,	0.15899366763648812,0.8257777777777778,
81,17,300,	0.04878048780487805,0.0017346053772766695,
32,271,457,	0.14404976264527747,0.7632263660017347,
165,220,129,	0.18642789820923658,0.8577623590633131,	0.18642789820923658,0.8577623590633131,
94,331,165,	0.17275185936443543,0.8863833477883781,	0.17275185936443543,0.8863833477883781,
77,314,165,	0.09541804440245631,0.35039028620988727,	0.0880952380952381,0.32090199479618386,
34,284,457,	0.35,0.04856895056374675,
331,331,457,	0.161460624725033,0.3183000867302689,	0.16061946902654867,0.3148308759757155,
375,138,129,	0.09024445967557689,0.6851691240242844,	0.09024445967557689,0.6851691240242844,
295,58,457,	0.07763236168947055,0.4527320034692108,	0.2472808701215611,0.6704249783174328,
331,375,129,	0.014101929737753587,0.09887250650477017,	0.014101929737753587,0.09887250650477017,
138,94,457,	0.12460063897763578,0.033824804856895055,	0.12460063897763578,0.033824804856895055,
57,294,129,	0.1220757124627818,0.7467476149176062,
32,269,457,	0.14404976264527747,0.7632263660017347,
457,402,457,	0.1446558477895915,0.8967909800520382,	0.14580008704482808,0.8716392020815265,
331,138,457,	0.10362694300518134,0.017346053772766695,	0.10582010582010581,0.017346053772766695,
138,426,95,	0.04481132075471698,0.03295750216825672,	0.03889585947302384,0.026886383347788378,
466,229,129,	0.10424155283968368,0.8803122289679098,	0.11064348211319083,0.8664353859496965,
467,426,291,	0.4214876033057851,0.04423243712055507,	0.35526315789473684,0.024,
162,399,457,	0.15117958594126144,0.2723330442324371,	0.15117958594126144,0.2723330442324371,
32,271,165,	0.14171999375682848,0.7875108412836079,
237,0,165,	1.0,0.031222896790980052,	1.0,0.031222896790980052,
94,331,457,	0.16012351124834584,0.3148308759757155,	0.15971606033717836,0.31222896790980054,
468,231,129,	0.25523349436392917,0.27493495229835213,	0.26339285714285715,0.204683434518647,
331,331,129,	0.17359297079078603,0.6339982653946227,	0.17359297079078603,0.6339982653946227,
457,366,457,	0.1462546283110225,0.8907198612315698,	0.14737152982870644,0.8655680832610582,
94,138,457,	0.16111111111111112,0.02515177797051171,	0.16,0.024284475281873375,
457,402,129,	0.1404463040446304,0.8733738074588031,	0.14164785553047404,0.8707718993928881,
94,17,300,	0.13652407172102216,0.8386816999132697,
165,366,129,	0.1418018018018018,0.6825672159583694,	0.1452169177709203,0.6938421509106678,
49,286,129,	0.6325167037861915,0.24631396357328708,	0.6193853427895981,0.22723330442324371,
165,63,300,	0.19810996563573882,1.0,
94,138,129,	0.07653061224489796,0.013009540329575022,	0.07653061224489796,0.013009540329575022,
94,331,129,	0.17864871363308488,0.6444058976582827,	0.17864871363308488,0.6444058976582827,
399,375,165,	0.21104815864022664,0.5169124024284475,	0.21104815864022664,0.5169124024284475,
244,7,129,	0.6,0.0026019080659150044,	0.6,0.0026019080659150044,
165,332,449,	0.17397981570864415,0.6877710320901995,	0.22193818266325818,0.8282740676496098,
131,368,165,	0.012468768590124926,0.45446660884648743,	0.017257462686567165,0.032090199479618386,
331,94,457,	0.17627281460134486,0.3183000867302689,	0.1753623188405797,0.3148308759757155,
468,17,300,	0.7631578947368421,0.02515177797051171,
138,230,165,	0.09790714457541497,0.7059843885516045,	0.09790714457541497,0.7059843885516045,
165,54,449,	0.15441906653426019,0.5394622723330442,	0.22818791946308725,0.766695576756288,
34,271,457,	0.12820121951219512,0.7294015611448396,
255,18,165,	1.0,0.04336513443191674,	1.0,0.04336513443191674,
108,345,291,	0.0654014598540146,0.5828274067649609,
299,62,165,	0.1407858489198202,0.8421509106678231,	0.15422535211267605,0.7597571552471812,
1,238,165,	0.047619047619047616,0.005203816131830009,
94,162,165,	0.016662862360191738,0.06331309627059845,	0.016662862360191738,0.06331309627059845,
165,212,449,	0.1616385275394409,0.5065047701647876,	0.2571428571428571,0.7805724197745013,
461,17,300,	0.2279053583855254,0.5680832610581092,
468,231,457,	0.2507836990595611,0.13876843018213356,	0.24945770065075923,0.0997398091934085,
399,94,165,	0.36324786324786323,0.07372072853425846,	0.36324786324786323,0.07372072853425846,
466,229,165,	0.09714540588760036,0.9444926279271466,	0.10256410256410256,0.9228100607111882,
81,318,165,	0.6358339402767662,0.7571552471812663,	0.6358339402767662,0.7571552471812663,
165,212,291,	0.1928829293450232,0.6487424111014745,	0.2768617021276596,0.9253333333333333,
399,17,300,	0.25149700598802394,0.03642671292281006,
457,54,449,	0.17108977978543197,0.7883781439722463,	0.17390449990174886,0.7675628794449263,
49,286,457,	0.4437299035369775,0.1196877710320902,	0.42424242424242425,0.10928013876843018,
457,332,291,	0.17957025920873124,0.9132697311361665,	0.18663003663003663,0.9057777777777778,
108,345,457,	0.054480059240452766,0.44666088464874243,
387,375,129,	0.5,0.0026019080659150044,	0.5,0.0026019080659150044,
457,212,95,	0.3030199039121482,0.7658282740676496,	0.3101835192515293,0.7476149176062445,
387,60,457,	0.4915254237288136,0.02515177797051171,	0.49122807017543857,0.024284475281873375,
138,150,165,	0.23076923076923078,0.0026019080659150044,	0.23076923076923078,0.0026019080659150044,
129,212,449,	0.2451263537906137,0.5888985255854293,	0.2944011865035224,0.6886383347788378,
295,235,165,	0.32498990714574083,0.6981786643538594,	0.7916666666666666,0.01647875108412836,
387,150,165,	0.3182852807283763,0.7276669557675629,	0.3174726989079563,0.7059843885516045,
409,172,165,	0.02591384932212116,0.39288811795316564,	0.048999459167117364,0.39288811795316564,
457,54,291,	0.18374125874125874,0.9115351257588898,	0.1924236713154919,0.9075555555555556,
165,332,95,	0.2098631327395177,0.8378143972246314,	0.24944469124833407,0.97398091934085,
467,17,300,	0.3467741935483871,0.0372940156114484,
331,375,457,	0.014254116490538215,0.05030355594102342,	0.014296278037959083,0.05030355594102342,
129,220,165,	0.1205725376031053,0.8620988725065047,	0.1205725376031053,0.8620988725065047,
387,183,129,	0.42616033755274263,0.17519514310494363,	0.4334763948497854,0.17519514310494363,
408,17,300,	0.5185185185185185,0.03642671292281006,
457,212,449,	0.2773876404494382,0.6851691240242844,	0.2824981844589688,0.6747614917606245,
317,80,165,	0.28424810352521196,0.5524718126626192,	0.28424810352521196,0.5524718126626192,
467,375,129,	0.5938511326860841,0.3183000867302689,	0.5938511326860841,0.3183000867302689,
331,138,165,	0.059880239520958084,0.017346053772766695,	0.059880239520958084,0.017346053772766695,
279,58,457,	0.3286237571951858,0.5446660884648742,	0.5,0.12575888985255854,
375,138,457,	0.11408688317165752,0.4692107545533391,	0.11399742378703306,0.4605377276669558,
32,269,129,	0.1453593059420527,0.7701647875108413,
297,60,165,	1.0,0.10928013876843018,	1.0,0.07545533391153512,
279,58,129,	0.2898611695414388,0.5975715524718127,	0.5013333333333333,0.16305290546400694,
295,58,129,	0.08494097322199827,0.5117085862966175,	0.1999437570303712,0.616652211621856,
399,426,95,	0.26277372262773724,0.031222896790980052,	0.23275862068965517,0.023417172593235037,
109,58,165,	0.05999439304737875,0.18560277536860365,	0.0691661279896574,0.18560277536860365,
32,271,129,	0.1453593059420527,0.7701647875108413,
34,284,165,	0.3125,0.04336513443191674,
279,58,165,	0.2647666253614209,0.5559410234171726,	0.5102564102564102,0.17259323503902863,
165,220,165,	0.15700568990042674,0.7658282740676496,	0.15700568990042674,0.7658282740676496,
331,230,165,	0.011174242424242425,0.05117085862966175,	0.011174242424242425,0.05117085862966175,
230,467,165,	0.011705685618729096,0.01821335646140503,	0.011705685618729096,0.01821335646140503,
399,426,291,	0.2246376811594203,0.026886383347788378,	0.07692307692307693,0.0071111111111111115,
129,220,457,	0.12680785123966942,0.8516912402428447,	0.12643982523500596,0.8282740676496098,
295,42,165,	0.11581569115815692,0.645273200346921,	0.2700906344410876,0.7753686036426712,
131,368,129,	0.011330698287220026,0.37294015611448394,	0.014925373134328358,0.026019080659150044,
32,284,457,	0.3825503355704698,0.049436253252385085,
138,94,165,	0.1437308868501529,0.1222896790980052,	0.1437308868501529,0.1222896790980052,
457,332,449,	0.16825513196480937,0.7961838681699913,	0.17376024990238187,0.7718993928881179,
457,63,300,	0.14866124950046622,0.9679098005203816,
129,54,95,	0.16652994257588188,0.8803122289679098,	0.1751269035532995,0.8976582827406765,
162,399,165,	0.11994629270475907,0.6973113616652211,	0.11994629270475907,0.6973113616652211,
171,408,165,	0.02717391304347826,0.004336513443191674,	0.02717391304347826,0.004336513443191674,
32,269,165,	0.14171999375682848,0.7875108412836079,
57,294,165,	0.11857760951865873,0.7606244579358196,
17,254,165,	0.17628262027338895,0.8612315698178664,
420,183,457,	0.1638846737481032,0.1873373807458803,	0.18148487626031165,0.1717259323503903,
387,60,165,	0.8181818181818182,0.05464006938421509,	0.8333333333333334,0.05203816131830009,
129,54,449,	0.1262219173383639,0.6383347788378144,	0.16059690886480724,0.7840416305290546,
129,63,300,	0.1356402218471184,0.9757155247181266,
78,315,165,	0.23689449236894491,0.3096270598438855,	0.23689449236894491,0.3096270598438855,
129,212,95,	0.3126989741775734,0.766695576756288,	0.32326174008008735,0.7701647875108413,
467,230,457,	0.5645161290322581,0.15177797051170858,	0.5631067961165048,0.15091066782307025,
378,141,165,	0.16666666666666666,0.028620988725065046,	0.16666666666666666,0.028620988725065046,
399,162,165,	1.0,0.5342584562012143,	1.0,0.5342584562012143,
446,209,165,	0.17819990954319312,0.6834345186470078,	0.2515849182515849,0.6539462272333044,
138,94,129,	0.12648809523809523,0.07372072853425846,	0.12648809523809523,0.07372072853425846,
138,426,291,	0.03489640130861505,0.027753686036426712,	0.037760416666666664,0.025777777777777778,
165,366,457,	0.18856172140430352,0.8664353859496965,	0.1891681278005065,0.8421509106678231,
165,54,95,	0.22201002625925043,0.8065915004336514,	0.2493157501866136,0.8690372940156115,
151,388,129,	0.12409105279797661,0.6808326105810928,	0.10845070422535211,0.3339115351257589,
445,208,129,	0.17063492063492064,0.7458803122289679,	0.17063492063492064,0.7458803122289679,
165,402,165,	0.09852890865549094,0.49956634865568084,	0.09736343270722041,0.4900260190806591,
165,366,165,	0.08950881396542872,0.4535993061578491,	0.08896551724137931,0.44752818733738076,
457,402,165,	0.12624584717607973,0.823937554206418,	0.12716763005780346,0.8204683434518647,
457,54,95,	0.20300157977883096,0.8915871639202082,	0.20420541852001617,0.8759757155247181,
445,208,165,	0.1699754206844394,0.779705117085863,	0.1699754206844394,0.779705117085863,
96,333,165,	0.0932395889670092,0.7476149176062445,
472,58,165,	0.02686320429811269,0.1691240242844753,	0.03467153284671533,0.01647875108412836,
467,230,129,	0.7049808429118773,0.3191673894189072,	0.7049808429118773,0.3191673894189072,
138,17,300,	0.05084745762711865,0.04423243712055507,
165,54,291,	0.18156618156618157,0.6816999132697311,	0.2483754512635379,0.9173333333333333,
331,94,165,	0.17381289865343727,0.8508239375542064,	0.17381289865343727,0.8508239375542064,
387,150,129,	0.2885878489326765,0.6097137901127494,	0.2938689217758985,0.6027753686036427,
299,62,129,	0.14666666666666667,0.6773633998265395,	0.15828303152246814,0.614050303555941,
421,184,165,	0.17994858611825193,0.3642671292281006,	0.2765432098765432,0.29141370338248046,
445,208,457,	0.17212626563430614,0.7519514310494363,	0.17195767195767195,0.7328707718993929,
17,254,457,	0.20014894805436603,0.9323503902862099,
138,331,165,	0.10973084886128365,0.09193408499566348,	0.10973084886128365,0.09193408499566348,
187,424,165,	0.10077785403797758,0.764093668690373,	0.10077785403797758,0.764093668690373,
165,220,457,	0.18285497053792055,0.834345186470078,	0.18203079321769636,0.8100607111882047,
129,366,165,	0.07869366112316221,0.5663486556808326,	0.07916616459814435,0.5698178664353859,
25,262,165,	0.2525204032645223,0.4562012142237641,	0.2525204032645223,0.4562012142237641,
426,189,457,	0.1127221702525725,0.8360797918473547,	0.1192991176836088,0.8326105810928014,
297,60,457,	0.5287356321839081,0.0398959236773634,	0.3673469387755102,0.015611448395490026,
34,271,129,	0.1291158536585366,0.7346053772766695,
199,436,165,	0.12716159809183064,0.7398091934084996,
34,284,129,	0.3875,0.053772766695576756,
295,371,165,	0.48406374501992033,0.21075455333911536,	0.4909090909090909,0.21075455333911536,
457,220,165,	0.11350345560871877,0.7406764960971379,	0.11441247647216994,0.738074588031223,
96,333,129,	0.09093023255813953,0.6782307025151778,
94,375,165,	0.013533834586466165,0.10147441457068516,	0.013533834586466165,0.10147441457068516,
224,17,300,	0.24494467760396796,0.5568083261058109,
331,331,165,	0.16545669424278237,0.849956634865568,	0.16545669424278237,0.849956634865568,
420,60,165,	0.25806451612903225,0.006938421509106678,	0.38095238095238093,0.006938421509106678,
34,269,129,	0.1291158536585366,0.7346053772766695,
32,284,129,	0.3959731543624161,0.05117085862966175,
420,150,457,	0.025866316308096566,0.2732003469210755,	0.045743329097839895,0.24978317432784042,
94,138,165,	0.09215017064846416,0.023417172593235037,	0.09215017064846416,0.023417172593235037,
467,426,95,	0.37254901960784315,0.03295750216825672,	0.3088235294117647,0.01821335646140503,
420,60,457,	0.13333333333333333,0.003469210754553339,	0.17391304347826086,0.003469210754553339,
331,94,129,	0.18730729701952722,0.632263660017346,	0.18730729701952722,0.632263660017346,
96,333,457,	0.09211886304909561,0.6183868169991327,
129,220,129,	0.12910200966675145,0.8803122289679098,	0.12910200966675145,0.8803122289679098,
165,402,457,	0.1802357207615594,0.8620988725065047,	0.18130736092901292,0.839549002601908,
138,331,129,	0.09687034277198212,0.05637467476149176,	0.09687034277198212,0.05637467476149176,
260,23,165,	0.4117647058823529,0.2367736339982654,	0.451271186440678,0.18473547267996532,
129,402,165,	0.07702507232401157,0.5542064180398959,	0.07775768535262206,0.559410234171726,
165,212,95,	0.2530471648118707,0.8282740676496098,	0.2775027502750275,0.8751084128360798,
187,424,457,	0.12207792207792208,0.8560277536860365,	0.12130815058942832,0.8300086730268864,
151,388,165,	0.1150394343214577,0.7337380745880312,	0.096015260703688,0.39288811795316564,
387,183,457,	0.46551724137931033,0.14050303555941024,	0.4599406528189911,0.1344319167389419,
409,172,457,	0.026090085767408386,0.37727666955767564,	0.049069767441860465,0.36600173460537727,
32,284,165,	0.3422818791946309,0.04423243712055507,
467,230,165,	1.0,0.7745013009540329,	1.0,0.7745013009540329,
134,58,165,	0.01420256111757858,0.05290546400693842,	0.014492753623188406,0.05290546400693842,
331,162,165,	0.0223342939481268,0.08065915004336513,	0.0223342939481268,0.08065915004336513,
129,332,291,	0.16503937007874014,0.9089332176929749,	0.17842323651452283,0.9555555555555556,
199,436,129,	0.13070669168230145,0.7250650477016479,
129,332,95,	0.16690997566909976,0.8924544666088465,	0.17964071856287425,0.9366869037294016,
426,189,129,	0.07371495327102803,0.5472679965307893,	0.09246122399903811,0.6669557675628794,
297,60,129,	0.6842105263157895,0.05637467476149176,	0.6212121212121212,0.03555941023417172,
108,345,129,	0.05073882855616877,0.7415437987857763,
162,399,129,	0.12635135135135134,0.6487424111014745,	0.12635135135135134,0.6487424111014745,
279,42,165,	0.3205398566005905,0.6591500433651344,	0.5516569200779727,0.24544666088464875,
108,345,165,	0.04985005375431449,0.764093668690373,
467,375,165,	0.819672131147541,0.7372072853425846,	0.819672131147541,0.7372072853425846,
331,375,165,	0.01730143985137018,0.12922810060711187,	0.01730143985137018,0.12922810060711187,
387,60,129,	0.6307692307692307,0.03555941023417172,	0.640625,0.03555941023417172,
457,332,95,	0.1848619768477293,0.9002601908065915,	0.19027366863905326,0.8924544666088465,
129,402,129,	0.10671387027437097,0.7320034692107545,	0.1074453292883327,0.7372072853425846,
20,257,129,	0.1262638137785093,0.4657415437987858,	0.13306681896059394,0.404163052905464,
457,220,129,	0.1348973607038123,0.8378143972246314,	0.1361389634232453,0.8360797918473547,
129,332,449,	0.15431472081218275,0.7909800520381614,	0.16067019400352733,0.790112749349523,
468,231,165,	0.24562334217506632,0.401561144839549,	0.2709132770529547,0.3061578490893322,
187,424,129,	0.1183068017366136,0.8508239375542064,	0.1183068017366136,0.8508239375542064,
57,294,457,	0.12081678956324447,0.7389418907198613,
81,318,129,	0.4218390804597701,0.3183000867302689,	0.4218390804597701,0.3183000867302689,
472,235,165,	0.2736842105263158,0.18039895923677363,	0.5,0.020815264527320035,
