217,393,	0.6485867074102368,0.5991531404375441,	0.7692307692307693,0.014084507042253521,
73,304,	0.5789473684210527,0.0038814396612561752,
73,278,	0.1844461022006714,0.34897671136203245,	0.7555555555555555,0.09577464788732394,
153,304,	0.25081806282722513,0.5409315455187015,	0.7045454545454546,0.28440366972477066,
312,278,	0.2026431718061674,0.25970359915314045,	0.8571428571428571,0.008450704225352112,
320,304,	0.20064224548049478,0.5952717007762879,	0.581081081081081,0.3944954128440367,
320,310,133,	0.39660056657223797,0.09880028228652082,
153,249,304,	0.09561375828337015,0.10691601976005646,	0.23076923076923078,0.027522935779816515,
153,239,304,	0.17215189873417722,0.07198306280875089,
153,31,304,	0.16658446362515414,0.47671136203246295,	0.43333333333333335,0.11926605504587157,
73,268,304,	0.3614457831325301,0.01058574453069866,	1.0,0.037037037037037035,
73,136,304,	0.14240606251973476,0.15913902611150318,	0.6086956521739131,0.25925925925925924,
320,111,304,	0.2033898305084746,0.004234297812279464,
153,247,278,	0.09192645883293366,0.040578687367678196,	0.7692307692307693,0.014044943820224719,
312,10,304,	0.13618485742379546,0.09774170783345096,
153,31,278,	0.08928571428571429,0.0017642907551164433,	1.0,0.0014044943820224719,
320,111,278,	0.09533639861124144,0.3585038814396613,	0.6447368421052632,0.06882022471910113,
320,107,304,	0.0880056777856636,0.13126323218066338,	0.4782608695652174,0.10091743119266056,
153,348,304,	0.34545454545454546,0.0067043048694424845,
153,72,278,	0.0642795513373598,0.10515172900494002,	0.6071428571428571,0.023876404494382022,
320,348,304,	0.5797101449275363,0.014114326040931546,
153,215,278,	0.10801144492131616,0.05328158080451659,	0.75,0.016853932584269662,
320,306,304,	0.1347469220246238,0.06951305575158787,	0.5555555555555556,0.045871559633027525,
312,173,304,	0.12274368231046931,0.35991531404375443,	0.6956521739130435,0.14814814814814814,
73,31,304,	0.3448275862068966,0.01058574453069866,	1.0,0.037037037037037035,
320,353,304,	0.5057471264367817,0.031051517290049402,
153,306,304,	0.11424541607898449,0.02858151023288638,
73,349,304,	0.3,0.007410021171489062,
320,263,278,	0.09556786703601108,0.07304163726182075,
73,147,304,	0.08598726114649681,0.05716302046577276,	0.3548387096774194,0.10185185185185185,
133,370,133,	0.41930036188178527,0.6132674664784756,
133,67,304,	0.1434435575826682,0.8877911079745943,	0.5956284153005464,1.0,
312,75,133,	0.07958452198083535,0.38390966831333806,	0.7446197991391679,0.7309859154929578,
320,2,304,	0.18958031837916064,0.09244883556810163,
153,69,304,	0.11813186813186813,0.030345800988002825,
320,304,278,	0.02564102564102564,0.001058574453069866,
73,390,133,	0.47058823529411764,0.025405786873676783,	1.0,0.061971830985915494,
312,170,304,	0.12411789124117892,0.10550458715596331,	0.21428571428571427,0.027777777777777776,
73,83,133,	0.4324786324786325,0.17854622441778406,	0.7907608695652174,0.4098591549295775,
320,344,304,	0.0850250776212085,0.12561750176429076,	0.4583333333333333,0.10091743119266056,
320,31,278,	0.03529411764705882,0.001058574453069866,	1.0,0.0014044943820224719,
153,268,278,	0.08064516129032258,0.0017642907551164433,	1.0,0.0014044943820224719,
153,410,278,	0.10685946041262565,0.21383203952011293,	0.7906976744186046,0.047752808988764044,
320,215,278,	0.12896053362979434,0.08186309103740297,	0.71875,0.032303370786516857,
312,111,304,	0.2727272727272727,0.001058574453069866,
133,278,41,	0.03571428571428571,0.026817219477769938,
312,83,133,	0.4381679389312977,0.10127028934368384,
153,248,304,	0.1721311475409836,0.059280169371912494,	0.6,0.027522935779816515,
320,249,304,	0.0951193444959031,0.18842625264643614,	0.32142857142857145,0.08256880733944955,
320,83,133,	0.06269489086111778,0.7378263937896965,	0.4849624060150376,0.7247191011235955,
312,309,304,	0.08969950665271341,0.2117148906139732,	0.5,0.08333333333333333,
153,263,278,	0.12222222222222222,0.0465772759350741,
320,75,133,	0.5365853658536586,0.015525758645024701,
320,247,278,	0.10722477064220183,0.06598447424135498,	0.88,0.03089887640449438,
153,344,304,	0.08032128514056225,0.06351446718419196,	0.5384615384615384,0.06422018348623854,
153,11,304,	0.18840579710144928,0.05963302752293578,	0.6,0.027522935779816515,
312,452,304,	0.15680473372781065,0.1122088920254058,	0.8571428571428571,0.05555555555555555,
320,173,304,	0.5454545454545454,0.002117148906139732,
73,309,304,	0.09306910147333472,0.3165137614678899,	0.4782608695652174,0.6111111111111112,
320,31,304,	0.14124193975797192,0.5642201834862385,	0.4057971014492754,0.25688073394495414,
153,310,133,	0.5054945054945055,0.048694424841213835,
153,111,278,	0.0987573577501635,0.2664079040225829,	0.6896551724137931,0.056179775280898875,
320,373,278,	0.12825520833333334,0.06951305575158787,	0.6,0.021067415730337078,
153,107,304,	0.0826048951048951,0.06669019054340156,	0.5384615384615384,0.06422018348623854,
320,72,278,	0.0656128839844915,0.155257586450247,	0.65,0.03651685393258427,
312,310,133,	0.0582837000121551,0.3383909668313338,	0.7372159090909091,0.7309859154929578,
153,112,304,	0.13252598127630336,0.5444601270289343,	0.42857142857142855,0.1651376146788991,
73,112,304,	0.3333333333333333,0.0067043048694424845,
73,310,133,	0.058631371444663474,0.36732533521524346,	0.7372159090909091,0.7309859154929578,
320,239,304,	0.17483660130718953,0.11326746647847566,
320,268,304,	0.1431471185244021,0.5723359209597741,	0.45454545454545453,0.27522935779816515,
153,407,278,	0.10372040586245772,0.032462949894142556,
312,26,304,	0.12583892617449666,0.0529287226534933,
73,170,304,	0.12337201041913332,0.1838390966831334,	0.3170731707317073,0.24074074074074073,
153,2,304,	0.1986754966887417,0.0529287226534933,
73,26,304,	0.11838191552647234,0.07021877205363444,
320,390,133,	0.0958928381586874,0.954834156669019,	0.7362978283350569,1.0,
73,348,304,	0.09540851290641894,0.44213126323218066,	0.4968944099378882,0.7407407407407407,
217,454,133,	0.652827721477607,0.7046577275935074,	0.7307692307692307,0.856338028169014,
320,349,304,	0.1160303364231542,0.6316160903316866,	0.3977272727272727,0.3211009174311927,
320,248,304,	0.13947503860010294,0.09562455892731123,	0.7142857142857143,0.045871559633027525,
133,41,278,	0.3335844791862874,0.6249117854622441,	0.6073567151411463,0.9971910112359551,
320,12,304,	0.09379407616361073,0.18772053634438957,	0.3448275862068966,0.09174311926605505,
153,349,304,	0.13127544097693353,0.5462244177840508,	0.38636363636363635,0.1559633027522936,
312,136,304,	0.1407185628742515,0.08292166549047283,
73,75,133,	0.06471473525790122,0.33380381086803107,	0.41412911084043846,0.4788732394366197,
320,11,304,	0.14858096828046743,0.09421312632321807,	0.5454545454545454,0.05504587155963303,
73,344,304,	0.375,0.001058574453069866,
153,111,304,	0.20833333333333334,0.0035285815102328866,
320,407,278,	0.11065907241659886,0.04798870853916726,
153,83,133,	0.08759669765325359,0.9509527170077628,	0.6905916585838991,1.0,
73,107,304,	0.42857142857142855,0.001058574453069866,
312,268,304,	0.2962962962962963,0.0028228652081863093,
320,69,304,	0.13389121338912133,0.06774876499647142,	0.5454545454545454,0.05504587155963303,
73,173,304,	0.1111007200972599,0.4191954834156669,	0.5238095238095238,0.7129629629629629,
153,268,304,	0.16543846720707442,0.4752999294283698,	0.4375,0.12844036697247707,
312,147,304,	0.07081807081807082,0.020465772759350742,
153,390,133,	0.11089966798931088,0.9664784756527875,	0.7542372881355932,1.0,
320,112,304,	0.11642493139945119,0.6287932251235003,	0.4,0.3119266055045872,
153,373,278,	0.12043435340572557,0.043048694424841216,	0.7142857142857143,0.014044943820224719,
312,348,304,	0.10794838963853048,0.38673253352152437,	0.6176470588235294,0.19444444444444445,
73,452,304,	0.1570130607609313,0.19513055751587863,	0.5967741935483871,0.3425925925925926,
320,116,304,	0.3697478991596639,0.031051517290049402,
320,50,304,	0.038461538461538464,0.0017642907551164433,
153,12,304,	0.09409937888198758,0.10691601976005646,	0.3076923076923077,0.03669724770642202,
312,31,304,	0.2962962962962963,0.0028228652081863093,
73,10,304,	0.12234042553191489,0.17043048694424842,	0.543859649122807,0.28703703703703703,
133,156,393,	0.6683512318382817,0.7466478475652788,	0.8,0.016853932584269662,
73,111,304,	0.43478260869565216,0.0035285815102328866,
320,410,278,	0.10065375601332183,0.28793225123500354,	0.7407407407407407,0.056179775280898875,
