109,	0.010857356795207787,0.09508196721311475,	0.016129032258064516,0.11507936507936507,
410,	0.013703208556149732,0.13442622950819672,	0.013721552878179385,0.1626984126984127,
456,	0.013888888888888888,0.006557377049180328,
31,192,	0.017708333333333333,0.05573770491803279,	0.017708333333333333,0.06746031746031746,
268,192,	0.01564129301355579,0.04918032786885246,	0.01564129301355579,0.05952380952380952,
31,117,	0.012448132780082987,0.03934426229508197,	0.013172338090010977,0.047619047619047616,
268,117,	0.012526096033402923,0.03934426229508197,	0.013303769401330377,0.047619047619047616,
117,452,215,	0.14893617021276595,0.022950819672131147,	0.14285714285714285,0.023809523809523808,
117,309,72,	0.047619047619047616,0.08852459016393442,	0.047619047619047616,0.08333333333333333,
117,310,73,	0.10325047801147227,0.5311475409836065,
117,429,456,	0.5052631578947369,0.31475409836065577,	0.5283018867924528,0.3333333333333333,
117,309,111,	0.09693877551020408,0.06229508196721312,	0.1165644171779141,0.07539682539682539,
456,219,456,	0.011235955056179775,0.006557377049180328,
117,26,410,	0.15942028985507245,0.28852459016393445,	0.16257088846880907,0.3412698412698413,
117,429,111,	0.18319327731092436,0.35737704918032787,	0.1917562724014337,0.4246031746031746,
117,173,236,	0.4166666666666667,0.14754098360655737,	0.43,0.17063492063492064,
117,147,384,	1.0,0.003278688524590164,	1.0,0.003968253968253968,
117,390,153,	0.014492753623188406,0.009836065573770493,
117,170,407,	0.21739130434782608,0.01639344262295082,	0.23809523809523808,0.01984126984126984,
117,268,268,	0.16666666666666666,0.013114754098360656,	0.16666666666666666,0.015873015873015872,
117,268,111,	0.26666666666666666,0.013114754098360656,	0.26666666666666666,0.015873015873015872,
117,173,192,	0.36681222707423583,0.2754098360655738,	0.3761467889908257,0.3253968253968254,
117,136,373,	0.4166666666666667,0.01639344262295082,	0.3333333333333333,0.011904761904761904,
117,429,192,	0.38631346578366443,0.5737704918032787,	0.3894230769230769,0.6428571428571429,
117,173,263,	0.4104803493449782,0.3081967213114754,	0.4107142857142857,0.36507936507936506,
117,173,111,	0.14516129032258066,0.4426229508196721,	0.146503884572697,0.5238095238095238,
117,173,410,	0.2582322357019064,0.4885245901639344,	0.2607913669064748,0.5753968253968254,
117,31,117,	0.5634920634920635,0.23278688524590163,	0.5677966101694916,0.26587301587301587,
117,178,415,	0.023984526112185687,0.8131147540983606,	0.027446300715990454,0.09126984126984126,
31,354,117,	0.1595744680851064,0.09836065573770492,	0.15730337078651685,0.1111111111111111,
117,31,263,	0.5,0.003278688524590164,	0.5,0.003968253968253968,
117,429,410,	0.2324159021406728,0.24918032786885247,	0.23948220064724918,0.29365079365079366,
117,346,109,	0.020979932238728172,0.5278688524590164,	0.030499803227075954,0.6150793650793651,
117,346,419,	0.0741733690795353,0.2721311475409836,
117,473,410,	0.34057971014492755,0.1540983606557377,	0.48,0.047619047619047616,
117,349,268,	0.14285714285714285,0.009836065573770493,	0.14285714285714285,0.011904761904761904,
117,235,472,	0.01694915254237288,0.013114754098360656,
268,182,419,	0.043478260869565216,0.05901639344262295,	0.07142857142857142,0.023809523809523808,
117,219,192,	0.5053191489361702,0.3114754098360656,	0.5408805031446541,0.3412698412698413,
117,75,73,	0.12523191094619665,0.4426229508196721,
117,429,236,	0.4171779141104294,0.22295081967213115,	0.5555555555555556,0.07936507936507936,
117,31,268,	0.13793103448275862,0.013114754098360656,	0.13793103448275862,0.015873015873015872,
117,26,192,	0.5633802816901409,0.13114754098360656,	0.5666666666666667,0.1349206349206349,
117,473,192,	0.4277456647398844,0.24262295081967214,	0.5,0.10317460317460317,
117,56,419,	0.05448504983388704,0.26885245901639343,	0.06944444444444445,0.01984126984126984,
117,26,236,	0.5641025641025641,0.07213114754098361,	0.6363636363636364,0.08333333333333333,
117,309,410,	0.08791208791208792,0.02622950819672131,	0.10126582278481013,0.031746031746031744,
117,268,263,	0.5,0.003278688524590164,	0.5,0.003968253968253968,
117,348,348,	0.02127659574468085,0.003278688524590164,	0.02127659574468085,0.003968253968253968,
117,348,192,	0.35443037974683544,0.36721311475409835,	0.3716216216216216,0.4365079365079365,
117,10,263,	1.0,0.003278688524590164,	1.0,0.003968253968253968,
117,26,263,	0.28337236533957844,0.7934426229508197,	0.3099688473520249,0.7896825396825397,
117,348,456,	0.48507462686567165,0.21311475409836064,	0.5,0.25,
117,219,117,	0.6052631578947368,0.07540983606557378,	0.5833333333333334,0.08333333333333333,
117,31,111,	0.4444444444444444,0.03934426229508197,	0.4444444444444444,0.047619047619047616,
117,348,236,	0.37583892617449666,0.18360655737704917,	0.4418604651162791,0.07539682539682539,
117,327,90,	0.14285714285714285,0.006557377049180328,	0.14285714285714285,0.007936507936507936,
117,26,111,	0.11861471861471862,0.4491803278688525,	0.12151215121512152,0.5357142857142857,
117,111,348,	1.0,0.003278688524590164,	1.0,0.003968253968253968,
117,219,111,	0.3645833333333333,0.22950819672131148,	0.37777777777777777,0.2698412698412698,
117,429,263,	0.6666666666666666,0.1377049180327869,	0.6363636363636364,0.1388888888888889,
410,354,117,	0.011438012327635508,0.5901639344262295,	0.01148738379814077,0.6865079365079365,
117,473,236,	0.47752808988764045,0.2786885245901639,	0.5,0.10317460317460317,
117,371,134,	0.06666666666666667,0.019672131147540985,	0.06666666666666667,0.023809523809523808,
117,268,410,	0.21052631578947367,0.013114754098360656,	0.21052631578947367,0.015873015873015872,
117,185,422,	0.0380952380952381,0.013114754098360656,
117,349,111,	0.06666666666666667,0.009836065573770493,	0.06666666666666667,0.011904761904761904,
117,349,31,	0.1111111111111111,0.009836065573770493,	0.1111111111111111,0.011904761904761904,
117,31,410,	0.46875,0.04918032786885246,	0.46875,0.05952380952380952,
117,348,117,	0.46386946386946387,0.6524590163934426,	0.47474747474747475,0.746031746031746,
117,219,263,	0.625,0.06557377049180328,	0.6086956521739131,0.05555555555555555,
117,310,312,	0.11932418162618796,0.3704918032786885,
117,349,112,	0.3333333333333333,0.009836065573770493,	0.3333333333333333,0.012396694214876033,
117,278,41,	0.06175771971496437,0.34098360655737703,	0.125,0.07539682539682539,
117,473,111,	0.2692307692307692,0.20655737704918034,	0.20192307692307693,0.08333333333333333,
117,429,117,	1.0,0.05245901639344262,	1.0,0.06349206349206349,
117,198,435,	0.0444706808343172,0.3704918032786885,
117,354,456,	0.3333333333333333,0.009836065573770493,	1.0,0.007936507936507936,
117,111,192,	0.5,0.003278688524590164,	0.5,0.003968253968253968,
117,219,456,	0.61,0.4,	0.6493506493506493,0.3968253968253968,
117,348,410,	0.15411764705882353,0.42950819672131146,	0.1570552147239264,0.5079365079365079,
117,349,117,	0.3888888888888889,0.11475409836065574,	0.39285714285714285,0.13095238095238096,
117,429,348,	0.5,0.003278688524590164,	0.5,0.003968253968253968,
117,354,192,	0.1,0.003278688524590164,	0.14285714285714285,0.003968253968253968,
117,429,247,	0.016666666666666666,0.022950819672131147,	0.01912568306010929,0.027777777777777776,
117,354,410,	0.13123359580052493,0.16393442622950818,	0.16013071895424835,0.19444444444444445,
117,354,111,	0.14782608695652175,0.16721311475409836,	0.1724137931034483,0.1984126984126984,
117,268,117,	0.3888888888888889,0.11475409836065574,	0.39285714285714285,0.13095238095238096,
112,354,117,	0.22058823529411764,0.09836065573770492,	0.21875,0.1111111111111111,
117,348,263,	0.32413793103448274,0.46229508196721314,	0.32387706855791965,0.5436507936507936,
117,268,112,	0.13636363636363635,0.009836065573770493,	0.13636363636363635,0.012396694214876033,
117,309,192,	0.6666666666666666,0.006557377049180328,	1.0,0.007936507936507936,
112,182,419,	0.16666666666666666,0.006557377049180328,
117,88,325,	0.1111111111111111,0.003278688524590164,
117,354,268,	0.012539184952978056,0.013114754098360656,	0.01639344262295082,0.015873015873015872,
117,10,247,	0.12307692307692308,0.02622950819672131,	0.12698412698412698,0.031746031746031744,
117,173,117,	0.44212962962962965,0.6262295081967213,	0.48404255319148937,0.7222222222222222,
117,354,112,	0.05357142857142857,0.009836065573770493,	0.07317073170731707,0.012396694214876033,
117,31,31,	0.11764705882352941,0.013114754098360656,	0.11764705882352941,0.015873015873015872,
117,354,117,	0.1858622790981109,1.0,	0.21883173496076722,0.996031746031746,
117,473,263,	0.5227272727272727,0.07540983606557378,	0.8888888888888888,0.031746031746031744,
117,68,305,	0.028162564396107613,0.8065573770491803,	0.03643724696356275,0.10714285714285714,
117,111,111,	0.3333333333333333,0.003278688524590164,	0.3333333333333333,0.003968253968253968,
117,309,263,	0.3333333333333333,0.08852459016393442,	0.35,0.08333333333333333,
117,26,456,	0.5,0.06557377049180328,	0.56,0.05555555555555555,
117,75,312,	0.09651076466221233,0.4262295081967213,
117,26,247,	0.015625,0.003278688524590164,	0.018867924528301886,0.003968253968253968,
268,354,117,	0.30701754385964913,0.22950819672131148,	0.3055555555555556,0.2619047619047619,
117,31,112,	0.14285714285714285,0.009836065573770493,	0.14285714285714285,0.012396694214876033,
117,10,192,	0.41379310344827586,0.03934426229508197,	0.41379310344827586,0.047619047619047616,
117,268,31,	0.14814814814814814,0.013114754098360656,	0.14814814814814814,0.015873015873015872,
117,348,111,	0.12171052631578948,0.6065573770491803,	0.12286689419795221,0.7142857142857143,
117,349,410,	0.1,0.009836065573770493,	0.1,0.011904761904761904,
117,182,419,	0.03389250256761383,0.9737704918032787,	0.06133828996282528,0.13095238095238096,
