14,	0.012658227848101266,0.019801980198019802,	0.012658227848101266,0.019801980198019802,
116,40,	0.15151515151515152,0.09900990099009901,	0.15384615384615385,0.09900990099009901,
40,31,	0.047619047619047616,0.07920792079207921,	0.047619047619047616,0.07920792079207921,
396,40,	0.09090909090909091,0.019801980198019802,	0.09090909090909091,0.019801980198019802,
376,268,	0.14457831325301204,0.3564356435643564,
159,40,	0.08695652173913043,0.019801980198019802,	0.08695652173913043,0.019801980198019802,
353,14,	0.037037037037037035,0.0297029702970297,	0.037037037037037035,0.0297029702970297,
14,112,	0.018867924528301886,0.0297029702970297,	0.018867924528301886,0.0297029702970297,
14,349,	0.018292682926829267,0.0297029702970297,	0.018292682926829267,0.0297029702970297,
40,112,	0.06666666666666667,0.2376237623762376,	0.06666666666666667,0.2376237623762376,
40,268,	0.05714285714285714,0.07920792079207921,	0.05714285714285714,0.07920792079207921,
353,40,	0.15873015873015872,0.09900990099009901,	0.16129032258064516,0.09900990099009901,
376,349,	0.07858546168958742,0.39603960396039606,
40,349,	0.06153846153846154,0.2376237623762376,	0.06153846153846154,0.2376237623762376,
376,31,	0.11440677966101695,0.26732673267326734,
376,112,	0.0784313725490196,0.39603960396039606,
116,14,	0.0379746835443038,0.0297029702970297,	0.0379746835443038,0.0297029702970297,
40,277,173,	0.07135016465422613,0.6435643564356436,
353,116,40,	0.23529411764705882,0.19801980198019803,	0.24096385542168675,0.19801980198019803,
166,403,40,	0.2553191489361702,0.2376237623762376,	0.23880597014925373,0.15841584158415842,
309,410,40,	0.12946428571428573,0.2871287128712871,	0.11764705882352941,0.19801980198019803,
10,215,40,	0.09722222222222222,0.13861386138613863,	0.09722222222222222,0.13861386138613863,
40,111,40,	0.5251396648044693,0.9306930693069307,	0.5251396648044693,0.9306930693069307,
348,111,40,	0.10348706411698538,0.9108910891089109,	0.23873873873873874,0.5247524752475248,
173,407,40,	0.12359550561797752,0.10891089108910891,
235,472,40,	0.014611872146118721,0.31683168316831684,	0.013876040703052728,0.297029702970297,
116,353,40,	0.24390243902439024,0.19801980198019803,	0.25,0.19801980198019803,
348,72,40,	0.10536779324055666,0.5247524752475248,	0.12063492063492064,0.37623762376237624,
173,277,40,	0.36065573770491804,0.21782178217821782,
309,277,40,	0.25,0.009900990099009901,
40,277,348,	0.05242610150585611,0.9306930693069307,
348,410,40,	0.136986301369863,0.693069306930693,	0.25961538461538464,0.26732673267326734,
170,410,40,	0.13846153846153847,0.1782178217821782,
211,448,40,	0.30597014925373134,0.40594059405940597,
10,111,40,	0.19886363636363635,0.3465346534653465,	0.19886363636363635,0.3465346534653465,
14,251,14,	0.011428571428571429,0.019801980198019802,
40,251,40,	0.5555555555555556,0.04950495049504951,
173,410,40,	0.24723247232472326,0.6633663366336634,	0.4027777777777778,0.2871287128712871,
452,247,40,	0.23376623376623376,0.1782178217821782,	0.4,0.07920792079207921,
173,215,40,	0.19318181818181818,0.16831683168316833,	0.19318181818181818,0.16831683168316833,
327,90,40,	0.012918287937743191,0.8217821782178217,
452,410,40,	0.21052631578947367,0.19801980198019803,	0.29411764705882354,0.09900990099009901,
88,325,40,	0.025678119349005425,0.7029702970297029,	0.02857142857142857,0.009900990099009901,
201,438,40,	0.02022058823529412,0.32673267326732675,
170,72,40,	0.25,0.009900990099009901,	0.25,0.009900990099009901,
348,247,40,	0.24285714285714285,0.33663366336633666,	0.3333333333333333,0.07920792079207921,
452,277,40,	0.14285714285714285,0.009900990099009901,
396,159,40,	0.4074074074074074,0.10891089108910891,	0.4074074074074074,0.10891089108910891,
309,247,40,	0.25,0.04950495049504951,	0.2631578947368421,0.04950495049504951,
116,116,40,	0.24096385542168675,0.19801980198019803,	0.24691358024691357,0.19801980198019803,
40,410,40,	0.6470588235294118,0.6534653465346535,
309,111,40,	0.12385321100917432,0.5346534653465347,	0.13029315960912052,0.39603960396039606,
278,41,40,	0.21755725190839695,0.5643564356435643,	0.23333333333333334,0.06930693069306931,
216,453,40,	0.013297872340425532,0.09900990099009901,
10,410,40,	0.21176470588235294,0.1782178217821782,	0.18181818181818182,0.039603960396039604,
452,111,40,	0.1917808219178082,0.4158415841584158,	0.20388349514563106,0.2079207920792079,
40,277,14,	0.1388888888888889,0.04950495049504951,
173,72,40,	0.10683760683760683,0.24752475247524752,	0.1072961373390558,0.24752475247524752,
147,384,40,	0.4117647058823529,0.06930693069306931,	0.23076923076923078,0.0297029702970297,
452,215,40,	0.24363636363636362,0.6633663366336634,	0.21739130434782608,0.297029702970297,
82,319,40,	0.020512820512820513,0.039603960396039604,	0.039473684210526314,0.0297029702970297,
10,72,40,	0.07042253521126761,0.04950495049504951,	0.07042253521126761,0.04950495049504951,
261,24,40,	0.02912621359223301,0.0297029702970297,
159,396,40,	0.4074074074074074,0.10891089108910891,	0.4074074074074074,0.10891089108910891,
75,312,40,	0.016994416120417577,0.693069306930693,	0.02170767004341534,0.1485148514851485,
371,134,40,	0.06829268292682927,0.27722772277227725,	0.06829268292682927,0.27722772277227725,
348,407,40,	0.15254237288135594,0.26732673267326734,	0.4,0.019801980198019802,
170,407,40,	0.16879795396419436,0.6534653465346535,	0.5714285714285714,0.07920792079207921,
348,215,40,	0.1926605504587156,0.4158415841584158,	0.19047619047619047,0.19801980198019803,
173,247,40,	0.2962962962962963,0.15841584158415842,	0.4,0.039603960396039604,
309,215,40,	0.11627906976744186,0.09900990099009901,	0.12048192771084337,0.09900990099009901,
40,72,40,	0.25,0.009900990099009901,	0.25,0.009900990099009901,
40,215,40,	1.0,0.009900990099009901,	1.0,0.009900990099009901,
40,277,40,	0.5519125683060109,1.0,
85,322,40,	0.014814814814814815,0.019801980198019802,
353,353,40,	0.24096385542168675,0.19801980198019803,	0.24691358024691357,0.19801980198019803,
452,72,40,	0.12345679012345678,0.09900990099009901,	0.1282051282051282,0.09900990099009901,
170,111,40,	0.1324200913242009,0.2871287128712871,	0.1336405529953917,0.2871287128712871,
213,450,40,	0.16216216216216217,0.0594059405940594,	0.4,0.019801980198019802,
309,407,40,	0.3333333333333333,0.009900990099009901,	1.0,0.009900990099009901,
136,373,40,	0.20833333333333334,0.3465346534653465,	0.20930232558139536,0.0891089108910891,
376,139,40,	0.2217391304347826,0.504950495049505,
348,277,40,	0.3218390804597701,0.5544554455445545,
10,247,40,	0.3770491803278688,0.45544554455445546,	0.36363636363636365,0.1188118811881188,
14,277,40,	0.02564102564102564,0.0297029702970297,
14,251,40,	0.25,0.0594059405940594,
309,72,40,	0.081214109926169,0.9801980198019802,	0.10619469026548672,0.7128712871287128,
158,395,40,	0.20765027322404372,0.37623762376237624,
173,111,40,	0.14496314496314497,0.5841584158415841,	0.14532019704433496,0.5841584158415841,
225,462,40,	0.15384615384615385,0.07920792079207921,
123,360,40,	0.029197080291970802,0.039603960396039604,
185,422,40,	0.02631578947368421,0.04950495049504951,
