354,4,	0.7534246575342466,0.21653543307086615,	0.7727272727272727,0.22566371681415928,
456,178,	0.010638297872340425,0.003937007874015748,
346,4,	0.75,0.023622047244094488,	0.75,0.02654867256637168,
429,4,	1.0,0.003937007874015748,	1.0,0.004424778761061947,
68,20,	0.5230769230769231,0.13385826771653545,	0.6086956521739131,0.12389380530973451,
346,20,	0.03271028037383177,0.027559055118110236,	0.16666666666666666,0.004424778761061947,
346,299,	0.011666666666666667,0.027559055118110236,	0.1,0.004464285714285714,
182,76,	0.03076923076923077,0.007874015748031496,	0.034482758620689655,0.008849557522123894,
182,313,	0.03389830508474576,0.007874015748031496,	0.037037037037037035,0.008928571428571428,
173,4,	0.4838709677419355,0.05905511811023622,	0.4838709677419355,0.06637168141592921,
219,178,	1.0,0.003937007874015748,
26,38,	0.48128342245989303,0.3543307086614173,	0.4972375690607735,0.39823008849557523,
253,38,	0.6666666666666666,0.031496062992125984,	0.6666666666666666,0.03571428571428571,
429,38,	0.631578947368421,0.047244094488188976,	0.631578947368421,0.05309734513274336,
219,38,	0.46153846153846156,0.023622047244094488,	0.46153846153846156,0.02654867256637168,
473,38,	0.5294117647058824,0.03543307086614173,	0.4444444444444444,0.017699115044247787,
173,38,	0.07529411764705882,0.12598425196850394,	0.07655502392344497,0.1415929203539823,
348,38,	0.07317073170731707,0.24803149606299213,	0.07455621301775148,0.27876106194690264,
68,299,	0.07363420427553444,0.1220472440944882,	0.08235294117647059,0.125,
348,4,	0.1956521739130435,0.03543307086614173,	0.1956521739130435,0.03982300884955752,
309,192,178,	0.015873015873015872,0.011811023622047244,	0.011695906432748537,0.008849557522123894,
429,456,178,	0.8378378378378378,0.3661417322834646,	0.8317757009345794,0.3938053097345133,
349,31,178,	0.02564102564102564,0.003937007874015748,	0.02564102564102564,0.004608294930875576,
429,247,178,	0.22413793103448276,0.051181102362204724,	0.22413793103448276,0.05752212389380531,
348,112,178,	0.7333333333333333,0.04330708661417323,	0.7333333333333333,0.048672566371681415,
136,111,178,	0.039735099337748346,0.023622047244094488,	0.04,0.02654867256637168,
10,72,178,	0.125,0.003937007874015748,	0.125,0.004424778761061947,
268,31,178,	0.12,0.011811023622047244,	0.12,0.01327433628318584,
173,112,178,	0.9,0.03543307086614173,	0.9,0.03982300884955752,
88,325,178,	0.2,0.007874015748031496,
198,435,178,	0.27548209366391185,0.3937007874015748,
26,410,178,	0.7551020408163265,0.43700787401574803,	0.7655172413793103,0.4911504424778761,
158,395,178,	0.3333333333333333,0.007874015748031496,
68,305,178,	0.029088913282107574,0.20866141732283464,	0.41133004926108374,0.7389380530973452,
166,403,178,	0.26666666666666666,0.015748031496062992,	0.26666666666666666,0.017699115044247787,
10,192,178,	0.0353356890459364,0.03937007874015748,	0.0353356890459364,0.04424778761061947,
178,415,178,	0.014711892112791173,0.14173228346456693,	0.5106382978723404,0.9557522123893806,
75,73,178,	0.45933014354066987,0.3779527559055118,
31,112,178,	0.14285714285714285,0.003937007874015748,	0.14285714285714285,0.004424778761061947,
353,116,178,	1.0,0.007874015748031496,	1.0,0.008849557522123894,
348,263,178,	0.18732394366197183,0.5236220472440944,	0.18892045454545456,0.588495575221239,
429,373,178,	0.45454545454545453,0.01968503937007874,	0.16666666666666666,0.004424778761061947,
136,215,178,	0.14285714285714285,0.003937007874015748,	0.16666666666666666,0.004424778761061947,
310,73,178,	0.36875,0.4645669291338583,
136,72,178,	0.16666666666666666,0.003937007874015748,	0.16666666666666666,0.004424778761061947,
116,353,178,	1.0,0.007874015748031496,	1.0,0.008849557522123894,
136,192,178,	0.02564102564102564,0.007874015748031496,	0.025974025974025976,0.008849557522123894,
75,312,178,	0.2161654135338346,0.452755905511811,
429,348,178,	1.0,0.007874015748031496,	1.0,0.008849557522123894,
348,72,178,	0.21608040201005024,0.16929133858267717,	0.21717171717171718,0.1902654867256637,
26,247,178,	1.0,0.003937007874015748,	1.0,0.004424778761061947,
26,268,178,	0.75,0.011811023622047244,	0.75,0.01327433628318584,
111,192,178,	1.0,0.003937007874015748,	1.0,0.004424778761061947,
452,111,178,	0.027874564459930314,0.031496062992125984,	0.031007751937984496,0.035398230088495575,
10,410,178,	0.03825136612021858,0.027559055118110236,	0.03825136612021858,0.030973451327433628,
31,268,178,	0.08571428571428572,0.011811023622047244,	0.08571428571428572,0.01327433628318584,
348,192,178,	0.3107344632768362,0.4330708661417323,	0.3107344632768362,0.48672566371681414,
309,384,178,	1.0,0.003937007874015748,	1.0,0.004424778761061947,
278,41,178,	0.1836734693877551,0.38976377952755903,	0.40384615384615385,0.09292035398230089,
235,472,178,	0.029411764705882353,0.031496062992125984,
10,215,178,	0.1,0.003937007874015748,	0.1,0.004424778761061947,
429,192,178,	0.5992063492063492,0.594488188976378,	0.5934959349593496,0.6460176991150443,
31,31,178,	0.125,0.011811023622047244,	0.125,0.01327433628318584,
173,72,178,	0.23232323232323232,0.09055118110236221,	0.23232323232323232,0.10176991150442478,
354,117,178,	0.2821917808219178,0.8110236220472441,	0.3314176245210728,0.7654867256637168,
26,263,178,	0.6411042944785276,0.8228346456692913,	0.700374531835206,0.827433628318584,
452,373,178,	0.2,0.003937007874015748,
111,348,178,	1.0,0.003937007874015748,	1.0,0.004424778761061947,
429,111,178,	0.5639810426540285,0.468503937007874,	0.5645933014354066,0.5221238938053098,
348,247,178,	0.057692307692307696,0.047244094488188976,	0.057692307692307696,0.05309734513274336,
348,31,178,	0.5,0.01968503937007874,	0.5,0.022123893805309734,
225,462,178,	0.0625,0.003937007874015748,
219,192,178,	0.782608695652174,0.3543307086614173,	0.7818181818181819,0.3805309734513274,
26,111,178,	0.7320574162679426,0.6023622047244095,	0.7427184466019418,0.6769911504424779,
173,373,178,	0.11764705882352941,0.007874015748031496,
473,236,178,	0.8160919540229885,0.2795275590551181,	0.8260869565217391,0.084070796460177,
429,263,178,	0.8292682926829268,0.13385826771653545,	0.8157894736842105,0.13716814159292035,
371,134,178,	0.041666666666666664,0.031496062992125984,	0.041666666666666664,0.035398230088495575,
26,236,178,	0.6578947368421053,0.0984251968503937,	0.6578947368421053,0.11061946902654868,
348,111,178,	0.15954415954415954,0.6614173228346457,	0.15954415954415954,0.7433628318584071,
211,448,178,	0.15384615384615385,0.015748031496062992,
170,407,178,	0.16,0.031496062992125984,	0.16,0.035398230088495575,
309,373,178,	0.2,0.003937007874015748,	1.0,0.004424778761061947,
348,268,178,	0.4117647058823529,0.05511811023622047,	0.4117647058823529,0.061946902654867256,
219,456,178,	0.9298245614035088,0.41732283464566927,	0.9339622641509434,0.43805309734513276,
473,263,178,	0.75,0.07086614173228346,	1.0,0.02654867256637168,
26,31,178,	0.75,0.011811023622047244,	0.75,0.01327433628318584,
390,153,178,	0.014492753623188406,0.003937007874015748,
111,111,178,	0.03225806451612903,0.003937007874015748,	0.03225806451612903,0.004424778761061947,
348,410,178,	0.19605077574047955,0.547244094488189,	0.19605077574047955,0.6150442477876106,
346,109,178,	0.04130808950086059,0.5669291338582677,	0.1223267750213858,0.6327433628318584,
182,293,178,	0.4512820512820513,0.6929133858267716,
348,348,178,	0.6666666666666666,0.007874015748031496,	0.6666666666666666,0.008849557522123894,
268,112,178,	0.1111111111111111,0.003937007874015748,	0.1111111111111111,0.004424778761061947,
116,116,178,	1.0,0.007874015748031496,	1.0,0.008849557522123894,
182,419,178,	0.07155247181266262,0.6496062992125984,	0.4411764705882353,0.6637168141592921,
185,422,178,	0.030927835051546393,0.011811023622047244,
327,90,178,	0.16279069767441862,0.027559055118110236,	0.1891891891891892,0.030973451327433628,
268,268,178,	0.075,0.011811023622047244,	0.075,0.01327433628318584,
309,263,178,	0.01932367149758454,0.12598425196850394,	0.01904090267983075,0.11946902654867257,
136,410,178,	0.014492753623188406,0.003937007874015748,	0.014705882352941176,0.004424778761061947,
429,410,178,	0.6766917293233082,0.3543307086614173,	0.6793893129770993,0.3938053097345133,
452,410,178,	0.0625,0.027559055118110236,	0.06666666666666667,0.030973451327433628,
310,312,178,	0.46488294314381273,0.547244094488189,
213,450,178,	0.125,0.003937007874015748,
159,396,178,	1.0,0.01968503937007874,	1.0,0.022123893805309734,
309,72,178,	0.06653992395437262,0.1377952755905512,	0.0614406779661017,0.12831858407079647,
429,215,178,	0.16666666666666666,0.003937007874015748,	0.16666666666666666,0.004424778761061947,
173,192,178,	0.3474178403755869,0.29133858267716534,	0.3474178403755869,0.3274336283185841,
56,293,178,	0.010030864197530864,0.15354330708661418,	0.014144877839691384,0.14601769911504425,
173,268,178,	0.5588235294117647,0.07480314960629922,	0.5588235294117647,0.084070796460177,
173,111,178,	0.21775544388609716,0.5118110236220472,	0.21775544388609716,0.5752212389380531,
348,373,178,	0.391304347826087,0.03543307086614173,	0.3333333333333333,0.022123893805309734,
173,215,178,	0.38095238095238093,0.031496062992125984,	0.38095238095238093,0.035398230088495575,
309,111,178,	0.017482517482517484,0.0984251968503937,	0.018223234624145785,0.10619469026548672,
349,268,178,	0.02702702702702703,0.003937007874015748,	0.02702702702702703,0.004608294930875576,
147,384,178,	0.5,0.007874015748031496,	0.5,0.008849557522123894,
10,247,178,	0.08208955223880597,0.04330708661417323,	0.08208955223880597,0.048672566371681415,
348,215,178,	0.20930232558139536,0.03543307086614173,	0.20930232558139536,0.03982300884955752,
396,159,178,	1.0,0.023622047244094488,	1.0,0.02654867256637168,
173,247,178,	0.07142857142857142,0.031496062992125984,	0.07142857142857142,0.035398230088495575,
10,263,178,	0.02564102564102564,0.003937007874015748,	0.02564102564102564,0.004424778761061947,
429,72,178,	1.0,0.011811023622047244,	1.0,0.008849557522123894,
452,215,178,	0.23076923076923078,0.03543307086614173,	0.2222222222222222,0.035398230088495575,
173,410,178,	0.34704370179948585,0.531496062992126,	0.34704370179948585,0.5973451327433629,
349,112,178,	0.3333333333333333,0.003937007874015748,	0.3333333333333333,0.004608294930875576,
26,192,178,	0.8947368421052632,0.13385826771653545,	0.8918918918918919,0.14601769911504425,
173,31,178,	1.0,0.031496062992125984,	1.0,0.035398230088495575,
136,373,178,	0.47368421052631576,0.03543307086614173,	0.5833333333333334,0.030973451327433628,
147,72,178,	0.14285714285714285,0.003937007874015748,	0.14285714285714285,0.004424778761061947,
173,263,178,	0.23595505617977527,0.33070866141732286,	0.23863636363636365,0.37168141592920356,
10,111,178,	0.026041666666666668,0.03937007874015748,	0.026041666666666668,0.04424778761061947,
75,153,178,	0.8620689655172413,0.1968503937007874,
26,72,178,	0.6829268292682927,0.2204724409448819,	0.7088607594936709,0.24778761061946902,
309,410,178,	0.015135135135135135,0.05511811023622047,	0.01629802095459837,0.061946902654867256,
353,353,178,	1.0,0.007874015748031496,	1.0,0.008849557522123894,
