206,	0.16621253405994552,0.16137566137566137,	0.2235294117647059,0.1688888888888889,
206,31,	0.03184713375796178,0.006613756613756613,	0.045871559633027525,0.007407407407407408,
152,264,	0.45714285714285713,0.021164021164021163,	0.48484848484848486,0.023703703703703703,
206,264,	0.09523809523809523,0.007936507936507936,	0.13953488372093023,0.008888888888888889,
152,191,	1.0,0.5595238095238095,	1.0,0.5333333333333333,
206,138,	0.059799713876967094,0.27645502645502645,	0.06065002901915264,0.30962962962962964,
206,428,	0.3805309734513274,0.056878306878306875,	0.546875,0.05185185185185185,
206,112,	0.028985507246376812,0.005291005291005291,	0.038834951456310676,0.005925925925925926,
206,179,	0.375,0.05952380952380952,	0.5507246376811594,0.056296296296296296,
206,349,	0.029197080291970802,0.005291005291005291,	0.0380952380952381,0.005925925925925926,
152,416,	1.0,0.5701058201058201,	1.0,0.5451851851851852,
152,324,	0.9,0.011904761904761904,	0.9,0.013333333333333334,
206,416,	0.375,0.05952380952380952,	0.5507246376811594,0.056296296296296296,
152,268,	0.203125,0.017195767195767195,	0.203125,0.01925925925925926,
152,27,	0.23809523809523808,0.03306878306878307,	0.23809523809523808,0.037037037037037035,
152,349,	0.11235955056179775,0.013227513227513227,	0.11235955056179775,0.014814814814814815,
152,87,	0.8181818181818182,0.011904761904761904,	0.8181818181818182,0.013333333333333334,
206,317,	0.037825059101654845,0.021164021164021163,	0.0387409200968523,0.023703703703703703,
152,112,	0.10989010989010989,0.013227513227513227,	0.10989010989010989,0.014814814814814815,
152,179,	1.0,0.5701058201058201,	1.0,0.5451851851851852,
206,268,	0.04093567251461988,0.009259259259259259,	0.056451612903225805,0.01037037037037037,
152,31,	0.20967741935483872,0.017195767195767195,	0.20967741935483872,0.01925925925925926,
206,27,	0.06593406593406594,0.023809523809523808,	0.08490566037735849,0.02666666666666667,
152,428,	1.0,0.5595238095238095,	1.0,0.5333333333333333,
206,191,	0.3805309734513274,0.056878306878306875,	0.546875,0.05185185185185185,
152,187,424,	0.41904761904761906,0.0582010582010582,	0.41904761904761906,0.06518518518518518,
152,31,349,	0.08620689655172414,0.01984126984126984,	0.08620689655172414,0.022222222222222223,
152,207,444,	0.2060032894736842,0.6626984126984127,	0.23982398239823982,0.6459259259259259,
152,349,112,	0.06159420289855073,0.022486772486772486,	0.06159420289855073,0.025185185185185185,
152,331,416,	0.5,0.0026455026455026454,
152,31,268,	0.1774193548387097,0.0291005291005291,	0.1774193548387097,0.03259259259259259,
152,390,153,	0.09342560553633218,0.03571428571428571,	0.058823529411764705,0.0044444444444444444,
152,196,433,	0.06953924914675767,0.2156084656084656,	0.26666666666666666,0.005925925925925926,
152,389,152,	0.168993168993169,0.7526455026455027,	0.36182336182336183,0.9407407407407408,
152,111,235,	0.027777777777777776,0.0013227513227513227,	0.027777777777777776,0.0014814814814814814,
152,124,361,	0.06362083689154568,0.1970899470899471,	0.25,0.0044444444444444444,
152,80,317,	0.20824295010845986,0.12698412698412698,	0.20824295010845986,0.14222222222222222,
152,472,235,	0.4,0.018518518518518517,	0.5333333333333333,0.011851851851851851,
152,192,429,	0.3333333333333333,0.0013227513227513227,	0.3333333333333333,0.0014814814814814814,
152,94,94,	0.5384615384615384,0.009259259259259259,	0.4,0.005925925925925926,
152,191,191,	1.0,0.5595238095238095,	1.0,0.5333333333333333,
152,179,331,	0.25,0.0026455026455026454,
152,268,348,	0.041666666666666664,0.0013227513227513227,	0.041666666666666664,0.0014814814814814814,
152,98,335,	0.1265625,0.21428571428571427,	1.0,0.0014814814814814814,
152,138,375,	0.25,0.0013227513227513227,	0.25,0.0014814814814814814,
152,331,94,	0.5625,0.011904761904761904,	0.45454545454545453,0.007407407407407408,
152,179,179,	1.0,0.5701058201058201,	1.0,0.5451851851851852,
152,59,296,	0.10396039603960396,0.4722222222222222,	0.16559139784946236,0.4562962962962963,
152,201,438,	0.20727272727272728,0.15079365079365079,
152,331,179,	0.5,0.0026455026455026454,
152,375,444,	0.23812621990891347,0.48412698412698413,	0.29545454545454547,0.4622222222222222,
152,375,244,	0.2553925798101812,0.3915343915343915,	0.3283173734610123,0.35555555555555557,
152,112,112,	0.058823529411764705,0.022486772486772486,	0.058823529411764705,0.025185185185185185,
152,390,320,	0.05263157894736842,0.022486772486772486,	0.02666666666666667,0.005925925925925926,
152,191,416,	1.0,0.458994708994709,	1.0,0.43407407407407406,
152,191,331,	0.2857142857142857,0.0026455026455026454,
152,94,416,	0.6666666666666666,0.0026455026455026454,
152,378,141,	0.5786163522012578,0.12169312169312169,	0.5855263157894737,0.13185185185185186,
152,4,241,	0.1984732824427481,0.13756613756613756,	0.21140939597315436,0.09333333333333334,
152,410,173,	0.06825938566552901,0.026455026455026454,	0.06825938566552901,0.02962962962962963,
152,428,179,	1.0,0.458994708994709,	1.0,0.43407407407407406,
152,349,268,	0.0967741935483871,0.01984126984126984,	0.0967741935483871,0.022222222222222223,
152,428,191,	1.0,0.5595238095238095,	1.0,0.5333333333333333,
152,379,142,	0.0673036093418259,0.4193121693121693,	0.23011176857330704,0.5185185185185185,
152,191,179,	1.0,0.458994708994709,	1.0,0.43407407407407406,
152,349,31,	0.0915032679738562,0.018518518518518517,	0.0915032679738562,0.02074074074074074,
152,94,179,	0.6666666666666666,0.0026455026455026454,
152,410,348,	0.035789473684210524,0.022486772486772486,	0.035789473684210524,0.025185185185185185,
152,331,244,	1.0,0.0026455026455026454,	1.0,0.002962962962962963,
152,428,94,	0.3333333333333333,0.0026455026455026454,
152,31,31,	0.16666666666666666,0.026455026455026454,	0.16666666666666666,0.02962962962962963,
152,31,112,	0.07975460122699386,0.017195767195767195,	0.07975460122699386,0.01925925925925926,
152,331,331,	0.46153846153846156,0.007936507936507936,	0.4,0.005925925925925926,
152,331,428,	0.3333333333333333,0.0013227513227513227,
152,304,67,	0.041666666666666664,0.013227513227513227,	0.030303030303030304,0.0014814814814814814,
152,179,428,	1.0,0.458994708994709,	1.0,0.43407407407407406,
152,111,173,	0.04028436018957346,0.022486772486772486,	0.04028436018957346,0.025185185185185185,
152,43,280,	0.056081081081081084,0.10978835978835978,	0.16666666666666666,0.0014814814814814814,
152,94,244,	1.0,0.0026455026455026454,	1.0,0.002962962962962963,
152,94,138,	0.14285714285714285,0.0013227513227513227,	0.14285714285714285,0.0014814814814814814,
152,112,268,	0.09036144578313253,0.01984126984126984,	0.09036144578313253,0.022222222222222223,
152,416,416,	1.0,0.5701058201058201,	1.0,0.5451851851851852,
152,83,320,	0.04466501240694789,0.023809523809523808,	0.021164021164021163,0.005925925925925926,
152,124,280,	0.043406593406593405,0.10449735449735449,	0.16666666666666666,0.0014814814814814814,
152,179,94,	0.375,0.003968253968253968,
152,94,428,	0.6666666666666666,0.0026455026455026454,
152,112,349,	0.05901639344262295,0.023809523809523808,	0.05901639344262295,0.02666666666666667,
152,268,349,	0.08648648648648649,0.021164021164021163,	0.08648648648648649,0.023703703703703703,
152,55,292,	0.11858407079646018,0.44312169312169314,	0.28888888888888886,0.057777777777777775,
152,118,316,	0.12341504649196956,0.1931216931216931,
152,348,111,	0.2,0.0013227513227513227,	0.2,0.0014814814814814814,
152,191,428,	1.0,0.5595238095238095,	1.0,0.5333333333333333,
152,112,31,	0.08588957055214724,0.018518518518518517,	0.08588957055214724,0.02074074074074074,
152,416,191,	1.0,0.458994708994709,	1.0,0.43407407407407406,
152,79,316,	0.14807302231237324,0.1931216931216931,
152,179,416,	1.0,0.5701058201058201,	1.0,0.5451851851851852,
152,443,206,	0.1280674846625767,0.2208994708994709,	0.24610591900311526,0.23407407407407407,
152,148,385,	0.3709090909090909,0.1349206349206349,	0.3713235294117647,0.14962962962962964,
152,7,138,	0.2309542902967121,0.38095238095238093,	0.2705749718151071,0.35555555555555557,
152,111,31,	0.25,0.0013227513227513227,	0.25,0.0014814814814814814,
152,7,331,	0.014492753623188406,0.0026455026455026454,	0.01694915254237288,0.002962962962962963,
152,43,361,	0.07547169811320754,0.19047619047619047,	0.25,0.0044444444444444444,
152,223,460,	0.5376955903271693,0.5,	0.5704099821746881,0.4740740740740741,
152,202,439,	0.014814814814814815,0.005291005291005291,	0.08333333333333333,0.005925925925925926,
152,268,31,	0.15625,0.026455026455026454,	0.15625,0.02962962962962963,
152,111,348,	0.02796271637816245,0.027777777777777776,	0.02796271637816245,0.03111111111111111,
152,94,331,	0.5384615384615384,0.009259259259259259,	0.45454545454545453,0.007407407407407408,
152,79,355,	0.15205327413984462,0.18121693121693122,
152,268,173,	0.09090909090909091,0.0013227513227513227,	0.09090909090909091,0.0014814814814814814,
152,375,138,	0.03766634980988593,0.4193121693121693,	0.04132928475033738,0.362962962962963,
152,163,400,	0.01354282022886674,0.7764550264550265,
152,416,331,	0.25,0.0026455026455026454,
152,416,94,	0.375,0.003968253968253968,
152,416,179,	1.0,0.5701058201058201,	1.0,0.5451851851851852,
152,232,469,	0.13549488054607509,0.5251322751322751,	0.21710526315789475,0.24444444444444444,
152,7,244,	0.27755794234030523,0.6494708994708994,	0.3328185328185328,0.6385185185185185,
152,190,427,	0.019230769230769232,0.0013227513227513227,	0.019230769230769232,0.0014814814814814814,
152,410,31,	0.2,0.0013227513227513227,	0.2,0.0014814814814814814,
152,118,355,	0.1276595744680851,0.18253968253968253,
152,3,240,	0.012658227848101266,0.003968253968253968,	0.01818181818181818,0.0014814814814814814,
152,101,338,	0.14076576576576577,0.16534391534391535,	0.2297551789077213,0.18074074074074073,
152,83,153,	0.06965174129353234,0.018518518518518517,	0.041666666666666664,0.0044444444444444444,
152,428,428,	1.0,0.5595238095238095,	1.0,0.5333333333333333,
152,331,138,	0.14285714285714285,0.0013227513227513227,	0.14285714285714285,0.0014814814814814814,
152,7,94,	0.014814814814814815,0.0026455026455026454,	0.017391304347826087,0.002962962962962963,
152,286,49,	1.0,0.0026455026455026454,
152,331,191,	0.3333333333333333,0.0013227513227513227,
152,416,428,	1.0,0.458994708994709,	1.0,0.43407407407407406,
152,428,416,	1.0,0.458994708994709,	1.0,0.43407407407407406,
152,179,191,	1.0,0.458994708994709,	1.0,0.43407407407407406,
152,349,349,	0.05821917808219178,0.022486772486772486,	0.05821917808219178,0.025185185185185185,
152,268,112,	0.08839779005524862,0.021164021164021163,	0.08839779005524862,0.023703703703703703,
152,191,94,	0.3333333333333333,0.0026455026455026454,
152,94,191,	0.6666666666666666,0.0026455026455026454,
152,428,331,	0.2857142857142857,0.0026455026455026454,
152,268,268,	0.16153846153846155,0.027777777777777776,	0.16153846153846155,0.03111111111111111,
152,207,138,	0.08231634362287629,0.455026455026455,	0.0911854103343465,0.4444444444444444,
152,301,64,	0.31950207468879666,0.2037037037037037,	0.31950207468879666,0.22814814814814816,
152,472,348,	0.02247191011235955,0.0026455026455026454,
