64,351,	0.31308810949529514,0.8375286041189931,
286,244,351,	0.10344827586206896,0.04805491990846682,
106,44,102,	0.35074626865671643,0.32265446224256294,	0.40217391304347827,0.2540045766590389,
64,416,351,	0.32125367286973555,0.7505720823798627,
378,460,351,	0.015444015444015444,0.009153318077803204,
37,380,351,	0.43548387096774194,0.12356979405034325,
37,44,351,	0.4153846153846154,0.12356979405034325,
197,434,102,	0.4066666666666667,0.2791762013729977,
143,380,351,	0.3253012048192771,0.12356979405034325,
281,274,102,	0.022988505747126436,0.02745995423340961,	0.6597222222222222,0.21739130434782608,
106,44,351,	0.40298507462686567,0.12356979405034325,
266,29,102,	0.6862068965517242,0.45537757437070936,	0.6985815602836879,0.45080091533180777,
145,382,102,	0.6854838709677419,0.3890160183066362,	0.6854838709677419,0.3890160183066362,
106,380,102,	0.35074626865671643,0.32265446224256294,	0.40217391304347827,0.2540045766590389,
281,380,102,	0.034482758620689655,0.041189931350114416,	0.6597222222222222,0.21739130434782608,
37,274,102,	0.36153846153846153,0.32265446224256294,	0.3888888888888889,0.2562929061784897,
281,380,351,	0.3253012048192771,0.12356979405034325,
37,44,102,	0.36153846153846153,0.32265446224256294,	0.3888888888888889,0.2562929061784897,
143,44,351,	0.3103448275862069,0.12356979405034325,
106,343,102,	0.3475,0.3180778032036613,	0.40217391304347827,0.2540045766590389,
155,44,102,	0.525,0.38443935926773454,	0.525,0.38443935926773454,
64,375,351,	0.375,0.006864988558352402,
143,44,102,	0.024344569288389514,0.029748283752860413,	0.2916666666666667,0.2242562929061785,
143,274,102,	0.03932584269662921,0.04805491990846682,	0.2916666666666667,0.2242562929061785,
281,343,102,	0.02681992337164751,0.032036613272311214,	0.6597222222222222,0.21739130434782608,
64,191,351,	0.32025450689289503,0.6910755148741419,
443,206,102,	0.046511627906976744,0.08695652173913043,	0.08083140877598152,0.08009153318077804,
64,428,351,	0.32025450689289503,0.6910755148741419,
37,380,102,	0.36153846153846153,0.32265446224256294,	0.3888888888888889,0.2562929061784897,
286,244,102,	0.5,0.013729977116704805,
143,343,102,	0.020599250936329586,0.02517162471395881,	0.2916666666666667,0.2242562929061785,
37,343,102,	0.36082474226804123,0.32036613272311215,	0.3888888888888889,0.2562929061784897,
202,439,102,	0.5681063122923588,0.782608695652174,	0.5681063122923588,0.782608695652174,
7,244,102,	0.3333333333333333,0.013729977116704805,
106,380,351,	0.43548387096774194,0.12356979405034325,
3,292,351,	0.04660885723134097,0.6887871853546911,
378,141,102,	0.576271186440678,0.07780320366132723,	0.576271186440678,0.07780320366132723,
281,392,102,	0.525,0.38443935926773454,	0.73,0.3340961098398169,
286,138,351,	0.10833333333333334,0.059496567505720827,
281,44,351,	0.3176470588235294,0.12356979405034325,
64,179,351,	0.32125367286973555,0.7505720823798627,
106,274,102,	0.35074626865671643,0.32265446224256294,	0.40217391304347827,0.2540045766590389,
381,144,102,	0.5154826958105647,0.6475972540045767,	0.5189873417721519,0.562929061784897,
381,460,351,	0.22272727272727272,0.11212814645308924,
286,49,102,	0.3929471032745592,0.7139588100686499,	0.3700787401574803,0.5377574370709383,
155,392,102,	0.525,0.38443935926773454,	0.525,0.38443935926773454,
64,207,351,	0.375,0.006864988558352402,
443,44,102,	0.7222222222222222,0.029748283752860413,	0.7222222222222222,0.029748283752860413,
281,44,102,	0.27992957746478875,0.7276887871853547,	0.4150641025641026,0.5926773455377574,
143,380,102,	0.0149812734082397,0.018306636155606407,	0.2916666666666667,0.2242562929061785,
102,339,102,	0.6837060702875399,0.9794050343249427,
64,301,102,	0.23616438356164385,0.9862700228832952,	0.23616438356164385,0.9862700228832952,
3,240,102,	0.04864154250657318,0.7620137299771167,	0.04497528830313015,0.6247139588100686,
3,240,351,	0.042105263157894736,0.018306636155606407,
188,425,102,	0.043478260869565216,0.004576659038901602,	0.043478260869565216,0.004576659038901602,
281,206,102,	0.257847533632287,0.2631578947368421,	0.2804532577903683,0.22654462242562928,
102,114,351,	0.23294243070362472,1.0,
