165,	0.39288811795316564,0.5960526315789474,	0.39288811795316564,0.5960526315789474,
457,	0.37551020408163266,0.24210526315789474,	0.3757700205338809,0.24078947368421053,
25,457,	0.21343283582089553,0.1881578947368421,	0.21417797888386123,0.1868421052631579,
224,129,	0.19411764705882353,0.4776315789473684,	0.20347533632286996,0.4776315789473684,
426,95,	0.13764880952380953,0.9736842105263158,	0.14732142857142858,0.9552631578947368,
357,129,	0.21739130434782608,0.006578947368421052,	0.21739130434782608,0.006578947368421052,
262,129,	0.2225705329153605,0.2802631578947368,	0.2225705329153605,0.2802631578947368,
468,129,	1.0,0.005263157894736842,	1.0,0.005263157894736842,
468,165,	1.0,0.0013157894736842105,	1.0,0.0013157894736842105,
399,129,	0.0967741935483871,0.007894736842105263,	0.0967741935483871,0.007894736842105263,
262,165,	0.20494053064958828,0.29473684210526313,	0.20494053064958828,0.29473684210526313,
426,449,	0.07844812852503845,0.6039473684210527,	0.0835214446952596,0.5355263157894737,
331,129,	0.25603070175438597,0.6144736842105263,	0.25603070175438597,0.6144736842105263,
467,165,	0.38095238095238093,0.010526315789473684,	0.38095238095238093,0.010526315789473684,
25,129,	0.19509981851179672,0.28289473684210525,	0.19509981851179672,0.28289473684210525,
224,457,	0.19201228878648233,0.32894736842105265,	0.2026251025430681,0.325,
81,468,	0.1746031746031746,0.014473684210526316,	0.3103448275862069,0.011842105263157895,
399,457,	0.13043478260869565,0.003947368421052632,	0.13043478260869565,0.003947368421052632,
467,468,	0.2909090909090909,0.021052631578947368,	0.5555555555555556,0.013157894736842105,
81,165,	0.5,0.002631578947368421,	0.5,0.002631578947368421,
461,129,	0.18753193663771078,0.48289473684210527,	0.1954206602768903,0.48289473684210527,
467,129,	0.2857142857142857,0.002631578947368421,	0.2857142857142857,0.002631578947368421,
262,457,	0.2514506769825919,0.17105263157894737,	0.2509727626459144,0.16973684210526316,
399,165,	0.05063291139240506,0.005263157894736842,	0.05063291139240506,0.005263157894736842,
81,129,	1.0,0.003947368421052632,	1.0,0.003947368421052632,
94,165,	0.18162766329025498,0.6842105263157895,	0.18162766329025498,0.6842105263157895,
408,165,	1.0,0.006578947368421052,	1.0,0.006578947368421052,
408,129,	0.7692307692307693,0.013157894736842105,	0.7692307692307693,0.013157894736842105,
461,165,	0.16223175965665235,0.49736842105263157,	0.1696588868940754,0.49736842105263157,
94,129,	0.26327312534209085,0.6328947368421053,	0.26327312534209085,0.6328947368421053,
331,457,	0.2399193548387097,0.3131578947368421,	0.23862487360970677,0.3105263157894737,
331,165,	0.17719298245614035,0.6644736842105263,	0.17719298245614035,0.6644736842105263,
25,165,	0.1611842105263158,0.2578947368421053,	0.1611842105263158,0.2578947368421053,
138,468,	0.03170731707317073,0.017105263157894738,	0.0990990990990991,0.014473684210526316,
461,457,	0.18900804289544235,0.37105263157894736,	0.19479606188466947,0.36447368421052634,
224,165,	0.16409351565946184,0.48947368421052634,	0.17190388170055454,0.48947368421052634,
357,165,	0.030303030303030304,0.0013157894736842105,	0.030303030303030304,0.0013157894736842105,
138,457,	0.0189873417721519,0.003947368421052632,	0.01935483870967742,0.003947368421052632,
17,300,	0.12877303018424147,0.8644736842105263,
231,457,	0.012048192771084338,0.003947368421052632,	0.01,0.002631578947368421,
94,457,	0.24820512820512822,0.31842105263157894,	0.24665981500513876,0.3157894736842105,
426,291,	0.11564518670237908,0.9657894736842105,	0.11993114001530222,0.8348868175765646,
467,457,	0.6,0.007894736842105263,	0.6,0.007894736842105263,
138,129,	0.019455252918287938,0.006578947368421052,	0.019455252918287938,0.006578947368421052,
138,165,	0.0117096018735363,0.006578947368421052,	0.0117096018735363,0.006578947368421052,
408,457,	0.5555555555555556,0.006578947368421052,	0.5555555555555556,0.006578947368421052,
129,366,165,	0.0547119787900699,0.5973684210526315,	0.05530786841788167,0.6039473684210527,
399,17,300,	0.2155688622754491,0.04736842105263158,
32,284,129,	0.8053691275167785,0.15789473684210525,
129,54,95,	0.11320754716981132,0.9078947368421053,	0.1245346869712352,0.968421052631579,
297,60,129,	1.0,0.125,	1.0,0.0868421052631579,
129,63,300,	0.09163250542560887,1.0,
468,231,129,	0.25523349436392917,0.41710526315789476,	0.27566964285714285,0.325,
399,94,129,	0.28901734104046245,0.06578947368421052,	0.28901734104046245,0.06578947368421052,
199,436,457,	0.08739837398373984,0.7355263157894737,
375,138,129,	0.07093899931459904,0.8171052631578948,	0.07093899931459904,0.8171052631578948,
409,172,457,	0.017153481676962755,0.3763157894736842,	0.03255813953488372,0.3684210526315789,
129,212,449,	0.1328519855595668,0.4842105263157895,	0.16907675194660735,0.6,
34,271,165,	0.08531976744186047,0.7723684210526316,
299,257,129,	0.12565073355418835,0.6986842105263158,	0.13574392412566685,0.6026315789473684,
94,331,165,	0.10615280594996619,0.8263157894736842,	0.10615280594996619,0.8263157894736842,
297,60,165,	0.5158730158730159,0.08552631578947369,	0.47126436781609193,0.05394736842105263,
171,408,129,	0.027184466019417475,0.018421052631578946,	0.027184466019417475,0.018421052631578946,
138,162,129,	0.5926517571884984,0.4881578947368421,	0.5926517571884984,0.4881578947368421,
165,212,449,	0.0772211458621644,0.3671052631578947,	0.11057142857142857,0.5092105263157894,
457,402,129,	0.08758716875871687,0.8263157894736842,	0.08845936794582393,0.825,
129,220,457,	0.0803202479338843,0.8184210526315789,	0.08129220177412949,0.8078947368421052,
108,345,95,	0.03460394701270614,0.5052631578947369,
331,94,129,	0.16829393627954778,0.8618421052631579,	0.16829393627954778,0.8618421052631579,
138,138,129,	0.015151515151515152,0.0013157894736842105,	0.015151515151515152,0.0013157894736842105,
331,94,457,	0.16042267050912584,0.4394736842105263,	0.15990338164251208,0.4355263157894737,
138,150,129,	0.23076923076923078,0.003947368421052632,	0.23076923076923078,0.003947368421052632,
109,58,129,	0.03806228373702422,0.1736842105263158,	0.04372308711493872,0.1736842105263158,
165,220,129,	0.10386427898209237,0.725,	0.10386427898209237,0.725,
165,63,300,	0.11683848797250859,0.8947368421052632,
162,399,165,	0.07593614799343577,0.6697368421052632,	0.07593614799343577,0.6697368421052632,
467,230,129,	1.0,0.6868421052631579,	1.0,0.6868421052631579,
34,271,457,	0.08826219512195121,0.7618421052631579,
138,230,129,	0.060903732809430254,0.6118421052631579,	0.060903732809430254,0.6118421052631579,
466,229,457,	0.095420511927564,0.7210526315789474,	0.10340188352873342,0.7078947368421052,
138,375,457,	0.016194331983805668,0.21052631578947367,	0.016217870257037945,0.20921052631578949,
129,212,291,	0.16711590296495957,0.6526315789473685,	0.20518134715025907,0.7909454061251664,
129,54,449,	0.056937060538501116,0.4368421052631579,	0.08154201456741872,0.6039473684210527,
467,331,129,	0.4626865671641791,0.04078947368421053,	0.4626865671641791,0.04078947368421053,
138,331,129,	0.07898658718330849,0.06973684210526315,	0.07898658718330849,0.06973684210526315,
96,333,129,	0.05290697674418605,0.5986842105263158,
138,17,300,	0.04187437686939183,0.05526315789473684,
297,60,457,	0.47126436781609193,0.05394736842105263,	0.40816326530612246,0.02631578947368421,
420,150,165,	0.01412902026398959,0.4,	0.02659818398605888,0.3815789473684211,
165,332,291,	0.09845317725752509,0.6197368421052631,	0.14174107142857142,0.8455392809587217,
375,138,457,	0.0780261493040911,0.4868421052631579,	0.0790038643194504,0.4842105263157895,
457,366,165,	0.08191489361702127,0.8105263157894737,	0.08272800645682002,0.8092105263157895,
96,333,457,	0.06304909560723514,0.6421052631578947,
151,388,457,	0.09218069250171979,0.5289473684210526,	0.08633663366336633,0.2868421052631579,
49,286,457,	0.3858520900321543,0.15789473684210525,	0.3771043771043771,0.14736842105263157,
467,375,129,	0.8090614886731392,0.6578947368421053,	0.8090614886731392,0.6578947368421053,
408,426,95,	0.4330708661417323,0.07236842105263158,	0.4731182795698925,0.05789473684210526,
32,284,165,	0.18791946308724833,0.03684210526315789,
165,366,129,	0.07423423423423424,0.5421052631578948,	0.07514975494645126,0.5447368421052632,
17,254,165,	0.10047931830285815,0.7447368421052631,
295,58,457,	0.04684711481261154,0.4144736842105263,	0.15323096609085093,0.6302631578947369,
331,138,129,	0.05508474576271186,0.017105263157894738,	0.05508474576271186,0.017105263157894738,
78,315,129,	0.22717391304347825,0.275,	0.22717391304347825,0.275,
399,331,129,	0.29333333333333333,0.05789473684210526,	0.29333333333333333,0.05789473684210526,
57,294,129,	0.08336877924287538,0.7736842105263158,	1.0,0.0013157894736842105,
81,318,457,	0.29436325678496866,0.18552631578947368,	0.29350104821802936,0.18421052631578946,
129,332,449,	0.07495769881556684,0.5828947368421052,	0.08253968253968254,0.6157894736842106,
165,402,457,	0.10208522212148685,0.7407894736842106,	0.10432665293126053,0.7328947368421053,
331,94,165,	0.10825655563430191,0.8039473684210526,	0.10825655563430191,0.8039473684210526,
49,286,129,	0.9309576837416481,0.55,	0.9267139479905437,0.5157894736842106,
129,332,291,	0.10976377952755906,0.9171052631578948,	0.12265560165975103,0.9840213049267643,
445,208,129,	0.10992063492063492,0.7289473684210527,	0.10992063492063492,0.7289473684210527,
32,269,129,	0.0973972826976592,0.7828947368421053,
94,94,129,	0.16649949849548645,0.8736842105263158,	0.16649949849548645,0.8736842105263158,
387,375,129,	0.5,0.003947368421052632,	0.5,0.003947368421052632,
77,314,129,	0.06934493346980553,0.35657894736842105,	0.06671798819604824,0.34210526315789475,
108,345,457,	0.04337247434676822,0.5394736842105263,
295,42,129,	0.07541944942172993,0.6092105263157894,	0.1655773420479303,0.7,
237,0,129,	0.9411764705882353,0.021052631578947368,	0.9411764705882353,0.021052631578947368,
34,269,165,	0.08531976744186047,0.7723684210526316,
17,254,129,	0.10984919009495439,0.7763157894736842,
276,39,129,	0.16021910304690173,0.6157894736842106,	0.16021910304690173,0.6157894736842106,
467,426,95,	0.37254901960784315,0.05,	0.35294117647058826,0.031578947368421054,
187,424,165,	0.05822466254861588,0.6697368421052632,	0.05822466254861588,0.6697368421052632,
57,294,165,	0.07936722552731205,0.7723684210526316,
20,257,457,	0.0730178627389533,0.30657894736842106,	0.06932773109243698,0.26052631578947366,
331,331,457,	0.1469423669159701,0.4394736842105263,	0.14646017699115044,0.4355263157894737,
17,254,457,	0.11897225842487433,0.8407894736842105,
446,209,129,	0.11743951612903226,0.6131578947368421,	0.16447848285922684,0.593421052631579,
331,331,129,	0.1553075279031109,0.8605263157894737,	0.1553075279031109,0.8605263157894737,
94,426,95,	0.10059542463177687,0.8447368421052631,	0.1047942986718497,0.8513157894736842,
457,366,457,	0.09342067786955284,0.8631578947368421,	0.0955404607206143,0.8513157894736842,
94,162,129,	0.013705851344227728,0.06842105263157895,	0.013705851344227728,0.06842105263157895,
108,345,165,	0.029932665648163867,0.6960526315789474,
387,183,129,	0.35232067510548526,0.21973684210526315,	0.3562231759656652,0.21842105263157896,
443,206,129,	0.014526129317980514,0.10789473684210527,	0.029818181818181817,0.10789473684210527,
165,54,449,	0.07745779543197617,0.4105263157894737,	0.09989674754775425,0.5092105263157894,
457,212,95,	0.18359643102264928,0.7039473684210527,	0.19287513494062614,0.7052631578947368,
420,183,165,	0.0986593331041595,0.37763157894736843,	0.11772315653298836,0.3592105263157895,
299,62,165,	0.08771929824561403,0.7960526315789473,	0.09348591549295775,0.6986842105263158,
472,235,129,	0.25364963503649635,0.18289473684210528,	0.5,0.018421052631578946,
409,172,129,	0.0176481181343418,0.3868421052631579,	0.03335224049914918,0.3868421052631579,
129,220,165,	0.07787481804949054,0.8447368421052631,	0.07787481804949054,0.8447368421052631,
255,18,129,	1.0,0.06578947368421052,	1.0,0.06578947368421052,
32,269,457,	0.09576035357669013,0.7697368421052632,
34,284,457,	0.3625,0.07631578947368421,
199,436,129,	0.08880550343964978,0.7473684210526316,
94,426,291,	0.0920863309352518,0.8421052631578947,	0.1008837752209438,0.8055925432756325,
445,208,165,	0.10777084515031196,0.75,	0.10777084515031196,0.75,
20,257,129,	0.12156125088173055,0.6802631578947368,	0.12764134780125644,0.5881578947368421,
138,375,129,	0.03518160081976546,0.8131578947368421,	0.03518160081976546,0.8131578947368421,
151,388,129,	0.08773316471704079,0.7302631578947368,	0.08985915492957747,0.41973684210526313,
120,357,129,	0.24742268041237114,0.031578947368421054,	0.24742268041237114,0.031578947368421054,
457,402,165,	0.07707641196013289,0.7631578947368421,	0.0776986154052964,0.7605263157894737,
299,62,129,	0.11605633802816902,0.8131578947368421,	0.12161860049183992,0.7157894736842105,
466,229,165,	0.06324710080285459,0.9328947368421052,	0.06728359359938307,0.9184210526315789,
129,402,129,	0.0624604880515868,0.65,	0.06257110352673492,0.6513157894736842,
81,426,95,	0.125,0.003947368421052632,	0.13043478260869565,0.003947368421052632,
94,94,165,	0.10849220103986135,0.8236842105263158,	0.10849220103986135,0.8236842105263158,
468,426,95,	0.6086956521739131,0.018421052631578946,	0.6086956521739131,0.018421052631578946,
399,162,129,	1.0,0.4881578947368421,	1.0,0.4881578947368421,
426,189,457,	0.07121141253507951,0.8013157894736842,	0.07617745743755437,0.8065789473684211,
138,375,165,	0.022998742665549035,0.5776315789473684,	0.022998742665549035,0.5776315789473684,
34,271,129,	0.08948170731707317,0.7723684210526316,
32,271,129,	0.0973972826976592,0.7828947368421053,
165,366,165,	0.06298134519938388,0.4842105263157895,	0.062241379310344826,0.475,
34,269,129,	0.08948170731707317,0.7723684210526316,
409,172,165,	0.016818259824952806,0.3868421052631579,	0.03180097349918875,0.3868421052631579,
331,426,95,	0.10118286445012788,0.8328947368421052,	0.10457624318519743,0.8328947368421052,
57,294,457,	0.0822461712989223,0.7631578947368421,
461,224,129,	0.09530386740331492,0.3631578947368421,	0.09992836676217765,0.3671052631578947,
457,63,300,	0.09497802051418676,0.9381578947368421,
399,375,129,	0.17572815533980582,0.4763157894736842,	0.17572815533980582,0.4763157894736842,
199,436,165,	0.08467501490757305,0.7473684210526316,
129,366,129,	0.048541182545830105,0.49473684210526314,	0.04881198347107438,0.49736842105263157,
375,138,165,	0.056360407514721,0.7934210526315789,	0.056360407514721,0.7934210526315789,
457,220,165,	0.06964380648591174,0.6894736842105263,	0.07031460069911266,0.6881578947368421,
331,331,165,	0.10281951713658619,0.8013157894736842,	0.10281951713658619,0.8013157894736842,
457,402,457,	0.09317291550083939,0.8763157894736842,	0.09531408675467866,0.8644736842105263,
165,54,291,	0.11342111342111343,0.6460526315789473,	0.1328519855595668,0.7350199733688415,
317,80,129,	0.17568214456677836,0.48289473684210527,	0.17568214456677836,0.48289473684210527,
187,424,457,	0.07742733457019171,0.8236842105263158,	0.07821016605399923,0.8118421052631579,
138,94,129,	0.09970238095238096,0.0881578947368421,	0.09970238095238096,0.0881578947368421,
466,229,129,	0.06726917941871213,0.8618421052631579,	0.071325728209104,0.8473684210526315,
129,402,457,	0.08264146123387406,0.8513157894736842,	0.08368255631220534,0.8407894736842105,
1,238,129,	0.047619047619047616,0.005263157894736842,
32,271,165,	0.09286717652567504,0.7828947368421053,
162,399,129,	0.0875,0.6815789473684211,	0.0875,0.6815789473684211,
295,58,129,	0.048229196659948174,0.4407894736842105,	0.10967379077615298,0.5131578947368421,
165,402,165,	0.06260691070817653,0.48157894736842105,	0.062036877477166984,0.47368421052631576,
129,366,457,	0.11548223350253807,0.8381578947368421,	0.11668524712002973,0.8263157894736842,
94,331,457,	0.1521835024261138,0.45394736842105265,	0.15173025732031944,0.45,
457,366,129,	0.08918353105373343,0.8407894736842105,	0.09020327498588368,0.8407894736842105,
420,150,129,	0.01375393137116838,0.38552631578947366,	0.026318271861145173,0.3671052631578947,
129,332,95,	0.11467964314679643,0.9302631578947368,	0.1264138389886893,1.0,
34,284,129,	0.7875,0.16578947368421051,
165,54,95,	0.11936022917164,0.6578947368421053,	0.13286887285394378,0.7026315789473684,
138,426,291,	0.028353326063249727,0.034210526315789476,	0.029947916666666668,0.03062583222370173,
457,54,291,	0.11625874125874126,0.875,	0.12250282698831512,0.8655126498002663,
131,368,129,	0.010065876152832675,0.5026315789473684,	0.021890547263681594,0.05789473684210526,
108,345,129,	0.031392795679781614,0.6960526315789474,
187,424,129,	0.0710323203087313,0.775,	0.0710323203087313,0.775,
165,220,457,	0.10796426534879301,0.7473684210526316,	0.10875073085168584,0.7342105263157894,
457,54,449,	0.08338038772821381,0.5828947368421052,	0.08626449204165848,0.5776315789473684,
420,183,129,	0.1537427162707306,0.4513157894736842,	0.1812117843246248,0.42894736842105263,
457,332,95,	0.12039180765805878,0.8894736842105263,	0.1246301775147929,0.8868421052631579,
472,58,129,	0.017197020988490182,0.16710526315789473,	0.020942408376963352,0.015789473684210527,
331,17,300,	0.08869115958668197,0.8131578947368421,
151,388,165,	0.07642099537666576,0.7394736842105263,	0.06676557863501484,0.4144736842105263,
276,39,457,	0.20603015075376885,0.3236842105263158,	0.20603015075376885,0.3236842105263158,
467,94,129,	0.7017543859649122,0.05263157894736842,	0.7017543859649122,0.05263157894736842,
165,212,291,	0.11371841155234658,0.5802631578947368,	0.14601063829787234,0.7310252996005326,
295,58,165,	0.04575252663206774,0.4407894736842105,	0.09015516318887105,0.44342105263157894,
138,426,95,	0.03419811320754717,0.038157894736842106,	0.028858218318695106,0.030263157894736843,
457,332,291,	0.1135743519781719,0.8763157894736842,	0.12014652014652015,0.8735019973368842,
387,150,165,	0.17261001517450683,0.5986842105263158,	0.16965678627145087,0.5723684210526315,
399,426,95,	0.19708029197080293,0.035526315789473684,	0.16379310344827586,0.025,
32,284,457,	0.3825503355704698,0.075,
279,42,129,	0.19265639165911153,0.5592105263157895,	0.4267515923566879,0.2644736842105263,
420,183,457,	0.1236722306525038,0.21447368421052632,	0.1384051329055912,0.1986842105263158,
165,402,129,	0.06501436781609195,0.4763157894736842,	0.06550850524791893,0.4763157894736842,
165,212,95,	0.12745098039215685,0.6328947368421053,	0.14603960396039603,0.6986842105263158,
94,17,300,	0.08936891147818721,0.8328947368421052,
32,271,457,	0.09576035357669013,0.7697368421052632,
20,257,165,	0.08666053357865686,0.6197368421052631,	0.0902591599642538,0.531578947368421,
165,366,457,	0.10626651566628917,0.7407894736842106,	0.10792908630430548,0.7289473684210527,
34,269,457,	0.08826219512195121,0.7618421052631579,
20,62,129,	0.09432485322896282,0.6342105263157894,	0.09495548961424333,0.5473684210526316,
457,220,129,	0.0795978215333054,0.75,	0.0804971049286824,0.75,
129,402,165,	0.05159112825458052,0.5631578947368421,	0.05159734779987944,0.5631578947368421,
299,62,457,	0.09012756516916251,0.4276315789473684,	0.08671241422333126,0.36578947368421055,
81,318,129,	0.6149425287356322,0.7039473684210527,	0.6149425287356322,0.7039473684210527,
378,141,129,	0.16666666666666666,0.04736842105263158,	0.16666666666666666,0.04736842105263158,
457,332,449,	0.08192815249266862,0.5881578947368421,	0.08648965247950019,0.5828947368421052,
331,426,291,	0.09290416971470374,0.8355263157894737,	0.1023446859489988,0.796271637816245,
426,189,165,	0.042901716068642744,0.506578947368421,	0.04416150493232393,0.506578947368421,
230,467,129,	0.015527950310559006,0.013157894736842105,	0.015527950310559006,0.013157894736842105,
129,54,291,	0.09450199203187251,0.7802631578947369,	0.12401541813306519,0.9853528628495339,
467,230,165,	0.41209406494960804,0.4842105263157895,	0.41209406494960804,0.4842105263157895,
331,162,129,	0.014532492459555799,0.06973684210526315,	0.014532492459555799,0.06973684210526315,
49,286,165,	0.3645699614890886,0.3736842105263158,	0.36694677871148457,0.3447368421052632,
94,331,129,	0.1613368598220726,0.8828947368421053,	0.1613368598220726,0.8828947368421053,
81,318,165,	0.2672978878368536,0.48289473684210527,	0.2672978878368536,0.48289473684210527,
457,212,449,	0.1404494382022472,0.5263157894736842,	0.14633260711692084,0.5302631578947369,
457,212,291,	0.17217675941080196,0.6921052631578948,	0.1781007096992227,0.7017310252996005,
165,220,165,	0.08943812233285918,0.6618421052631579,	0.08943812233285918,0.6618421052631579,
32,269,165,	0.09286717652567504,0.7828947368421053,
421,184,129,	0.14823670053795576,0.3263157894736842,	0.22828507795100222,0.26973684210526316,
276,39,165,	0.10940129838903583,0.5986842105263158,	0.10940129838903583,0.5986842105263158,
445,208,457,	0.11097875719674409,0.7355263157894737,	0.11253561253561253,0.7276315789473684,
387,60,129,	0.8615384615384616,0.07368421052631578,	0.875,0.07368421052631578,
165,332,95,	0.11296980230284596,0.6842105263157895,	0.14038205242114615,0.8315789473684211,
467,17,300,	0.3387096774193548,0.05526315789473684,
295,235,129,	0.24598930481283424,0.6052631578947368,	0.8571428571428571,0.015789473684210527,
129,212,95,	0.20233463035019456,0.7526315789473684,	0.21914816163087003,0.7921052631578948,
279,58,129,	0.15481699621371478,0.4842105263157895,	0.4053333333333333,0.2,
165,332,449,	0.07612988152698552,0.45657894736842103,	0.10388101324657216,0.5881578947368421,
387,150,129,	0.19293924466338258,0.618421052631579,	0.1945031712473573,0.6052631578947368,
457,220,457,	0.08297126839523476,0.7789473684210526,	0.08467683369644154,0.7671052631578947,
94,94,457,	0.15796897038081806,0.4421052631578947,	0.1574468085106383,0.4381578947368421,
295,346,129,	0.19090231170768082,0.6736842105263158,	0.2970922882427307,0.3092105263157895,
426,189,129,	0.04264018691588785,0.48026315789473684,	0.047012143801851626,0.5144736842105263,
129,220,129,	0.08560162808445688,0.8855263157894737,	0.08560162808445688,0.8855263157894737,
96,333,165,	0.06371011357490536,0.775,
94,138,129,	0.07142857142857142,0.018421052631578946,	0.07142857142857142,0.018421052631578946,
138,150,165,	0.23076923076923078,0.003947368421052632,	0.23076923076923078,0.003947368421052632,
34,284,165,	0.1625,0.034210526315789476,
244,7,129,	1.0,0.006578947368421052,	1.0,0.006578947368421052,
260,23,129,	0.3333333333333333,0.24078947368421053,	0.3808353808353808,0.20394736842105263,
420,60,129,	0.23076923076923078,0.003947368421052632,	0.3,0.003947368421052632,
134,371,129,	0.5645161290322581,0.09210526315789473,	1.0,0.04736842105263158,
162,399,457,	0.1608088589311507,0.4394736842105263,	0.1608088589311507,0.4394736842105263,
457,54,95,	0.13270142180094788,0.8842105263157894,	0.13566518398706026,0.8828947368421053,
