315,	0.011461318051575931,0.01593625498007968,	0.011527377521613832,0.01593625498007968,
11,181,	0.04,0.00796812749003984,	0.04,0.00796812749003984,
306,181,	0.48314606741573035,0.17131474103585656,	0.48314606741573035,0.17131474103585656,
344,181,	0.0707070707070707,0.055776892430278883,	0.0707070707070707,0.055776892430278883,
463,181,	0.06451612903225806,0.00796812749003984,	0.06451612903225806,0.00796812749003984,
181,186,	1.0,0.3745019920318725,	1.0,0.3745019920318725,
69,181,	0.46236559139784944,0.17131474103585656,	0.46236559139784944,0.17131474103585656,
181,423,	1.0,0.3745019920318725,	1.0,0.3745019920318725,
107,181,	0.0782122905027933,0.055776892430278883,	0.0782122905027933,0.055776892430278883,
248,181,	0.04081632653061224,0.00796812749003984,	0.04081632653061224,0.00796812749003984,
414,181,	0.02564102564102564,0.00398406374501992,	0.02564102564102564,0.00398406374501992,
226,181,	0.06666666666666667,0.00796812749003984,	0.06666666666666667,0.00796812749003984,
306,60,	0.012396694214876033,0.01195219123505976,	0.012396694214876033,0.01195219123505976,
177,181,	0.02702702702702703,0.00398406374501992,	0.02702702702702703,0.00398406374501992,
373,309,181,	0.023668639053254437,0.03187250996015936,	0.02564102564102564,0.03187250996015936,
349,112,181,	0.023792093704245974,0.5179282868525896,	0.0238400880249404,0.5179282868525896,
183,297,181,	0.012439065389141033,0.2948207171314741,
268,31,181,	0.06074766355140187,0.36254980079681276,	0.06074766355140187,0.36254980079681276,
181,420,183,	0.02789729354614851,0.8007968127490039,	0.0248131961088397,0.701195219123506,
111,136,181,	0.15384615384615385,0.055776892430278883,	0.15384615384615385,0.055776892430278883,
247,348,181,	0.04417670682730924,0.043824701195219126,	0.044715447154471545,0.043824701195219126,
111,348,181,	0.07461902259590121,0.5657370517928287,	0.07477619799894682,0.5657370517928287,
349,107,181,	0.012658227848101266,0.05179282868525897,	0.012670565302144249,0.05179282868525897,
31,112,181,	0.02637444279346211,0.28286852589641437,	0.02637444279346211,0.28286852589641437,
410,173,181,	0.13506139154160982,0.3944223107569721,	0.13506139154160982,0.3944223107569721,
349,268,181,	0.027505651846269782,0.2908366533864542,	0.027547169811320753,0.2908366533864542,
344,249,181,	0.027522935779816515,0.05976095617529881,	0.027522935779816515,0.05976095617529881,
107,268,181,	0.02109704641350211,0.0199203187250996,	0.02109704641350211,0.0199203187250996,
12,112,181,	0.017817371937639197,0.06374501992031872,	0.017817371937639197,0.06374501992031872,
181,138,375,	0.126178390137781,0.6932270916334662,	0.126178390137781,0.6932270916334662,
410,10,181,	0.16455696202531644,0.05179282868525897,	0.16455696202531644,0.05179282868525897,
72,348,181,	0.055342465753424656,0.40239043824701193,	0.055403181568842566,0.40239043824701193,
249,107,181,	0.037463976945244955,0.05179282868525897,	0.037463976945244955,0.05179282868525897,
344,31,181,	0.02727272727272727,0.02390438247011952,	0.02727272727272727,0.02390438247011952,
31,249,181,	0.017069701280227598,0.04780876494023904,	0.017069701280227598,0.04780876494023904,
410,309,181,	0.0641025641025641,0.2589641434262948,	0.06461232604373758,0.2589641434262948,
239,2,181,	0.0611439842209073,0.12350597609561753,	0.0611439842209073,0.12350597609561753,
249,31,181,	0.03636363636363636,0.04780876494023904,	0.03636363636363636,0.04780876494023904,
111,452,181,	0.09022556390977443,0.04780876494023904,	0.09022556390977443,0.04780876494023904,
72,10,181,	0.04782608695652174,0.043824701195219126,	0.04782608695652174,0.043824701195219126,
215,348,181,	0.062111801242236024,0.0398406374501992,	0.062111801242236024,0.0398406374501992,
460,223,181,	0.03933495539334955,0.38645418326693226,	0.03965303593556382,0.38247011952191234,
111,173,181,	0.08115671641791045,0.3466135458167331,	0.08115671641791045,0.3466135458167331,
344,268,181,	0.025423728813559324,0.02390438247011952,	0.025423728813559324,0.02390438247011952,
349,31,181,	0.02948960302457467,0.3107569721115538,	0.029545454545454545,0.3107569721115538,
326,89,181,	0.06158357771260997,0.08366533864541832,	0.08866995073891626,0.07171314741035857,
2,239,181,	0.030155642023346304,0.12350597609561753,	0.030155642023346304,0.12350597609561753,
344,344,181,	0.13677811550151975,0.35856573705179284,	0.13677811550151975,0.35856573705179284,
141,378,181,	0.21428571428571427,0.08366533864541832,	0.21428571428571427,0.08366533864541832,
23,418,181,	0.010769230769230769,0.027888446215139442,
72,136,181,	0.04945054945054945,0.035856573705179286,	0.04945054945054945,0.035856573705179286,
268,112,181,	0.028560830860534125,0.30677290836653387,	0.028560830860534125,0.30677290836653387,
263,26,181,	0.09278350515463918,0.17928286852589642,	0.09429824561403509,0.17131474103585656,
349,344,181,	0.01287128712871287,0.05179282868525897,	0.01288404360753221,0.05179282868525897,
23,260,181,	0.08456659619450317,0.1593625498007968,	0.05251141552511415,0.09163346613545817,
181,418,183,	0.037938844847112116,0.26693227091633465,	0.03699284009546539,0.24701195219123506,
249,268,181,	0.034782608695652174,0.04780876494023904,	0.034782608695652174,0.04780876494023904,
248,11,181,	0.3106796116504854,0.12749003984063745,	0.3106796116504854,0.12749003984063745,
72,309,181,	0.032976265490443184,0.6254980079681275,	0.03559127439724455,0.6175298804780877,
112,31,181,	0.03194287861706126,0.3386454183266932,	0.031990967256304105,0.3386454183266932,
31,344,181,	0.012376237623762377,0.0199203187250996,	0.012376237623762377,0.0199203187250996,
268,249,181,	0.017118402282453638,0.04780876494023904,	0.017118402282453638,0.04780876494023904,
72,452,181,	0.0391304347826087,0.035856573705179286,	0.04128440366972477,0.035856573705179286,
12,268,181,	0.036827195467422094,0.05179282868525897,	0.036827195467422094,0.05179282868525897,
112,107,181,	0.014354066985645933,0.05976095617529881,	0.014367816091954023,0.05976095617529881,
112,344,181,	0.01264591439688716,0.05179282868525897,	0.012658227848101266,0.05179282868525897,
215,452,181,	0.9230769230769231,0.04780876494023904,	0.9230769230769231,0.04780876494023904,
107,249,181,	0.03207547169811321,0.06772908366533864,	0.03207547169811321,0.06772908366533864,
181,418,60,	0.043668122270742356,0.11952191235059761,	0.0421216848673947,0.10756972111553785,
111,10,181,	0.08783783783783784,0.05179282868525897,	0.08783783783783784,0.05179282868525897,
390,153,181,	0.017016782067832414,0.5776892430278885,	0.030637254901960783,0.099601593625498,
31,349,181,	0.02916205241786637,0.3147410358565737,	0.02916205241786637,0.3147410358565737,
107,112,181,	0.01564537157757497,0.04780876494023904,	0.01564537157757497,0.04780876494023904,
268,12,181,	0.01818181818181818,0.04780876494023904,	0.01818181818181818,0.04780876494023904,
247,10,181,	0.3508771929824561,0.0796812749003984,	0.3877551020408163,0.07569721115537849,
344,107,181,	0.16396103896103897,0.40239043824701193,	0.16396103896103897,0.40239043824701193,
304,67,181,	0.022203947368421052,0.32270916334661354,	0.036036036036036036,0.03187250996015936,
306,306,181,	0.8048780487804879,0.26294820717131473,	0.8048780487804879,0.26294820717131473,
12,107,181,	0.04087193460490463,0.05976095617529881,	0.04087193460490463,0.05976095617529881,
31,268,181,	0.05733333333333333,0.3426294820717131,	0.05733333333333333,0.3426294820717131,
249,249,181,	0.08710801393728224,0.29880478087649404,	0.08710801393728224,0.29880478087649404,
69,69,181,	0.7857142857142857,0.26294820717131473,	0.7857142857142857,0.26294820717131473,
107,349,181,	0.016713091922005572,0.04780876494023904,	0.016713091922005572,0.04780876494023904,
107,344,181,	0.15233785822021115,0.40239043824701193,	0.15233785822021115,0.40239043824701193,
181,297,60,	1.0,0.6972111553784861,	1.0,0.5936254980079682,
249,12,181,	0.093935790725327,0.3147410358565737,	0.093935790725327,0.3147410358565737,
373,348,181,	0.08609271523178808,0.05179282868525897,	0.08666666666666667,0.05179282868525897,
60,297,181,	0.029453681710213776,0.4940239043824701,	0.019230769230769232,0.3107569721115538,
18,255,181,	0.018272425249169437,0.13147410358565736,	0.01514301738642737,0.10756972111553785,
181,297,181,	0.12313432835820895,0.13147410358565736,	0.1124031007751938,0.11553784860557768,
12,12,181,	0.09058402860548272,0.30278884462151395,	0.09058402860548272,0.30278884462151395,
247,173,181,	0.07534246575342465,0.043824701195219126,	0.07534246575342465,0.043824701195219126,
268,107,181,	0.015053763440860216,0.027888446215139442,	0.015053763440860216,0.027888446215139442,
344,12,181,	0.025341130604288498,0.05179282868525897,	0.025341130604288498,0.05179282868525897,
181,420,181,	0.08588235294117647,0.2908366533864542,	0.07866507747318235,0.26294820717131473,
373,136,181,	0.6666666666666666,0.07171314741035857,	0.75,0.07171314741035857,
181,418,181,	0.585081585081585,1.0,	0.5718157181571816,0.8406374501992032,
112,349,181,	0.02459016393442623,0.5378486055776892,	0.02463953276145282,0.5378486055776892,
11,248,181,	0.26785714285714285,0.11952191235059761,	0.26785714285714285,0.11952191235059761,
31,107,181,	0.015521064301552107,0.027888446215139442,	0.015521064301552107,0.027888446215139442,
12,349,181,	0.01893491124260355,0.06374501992031872,	0.01893491124260355,0.06374501992031872,
181,260,181,	0.125,0.055776892430278883,	0.102803738317757,0.043824701195219126,
249,112,181,	0.016519823788546256,0.05976095617529881,	0.016519823788546256,0.05976095617529881,
249,344,181,	0.034482758620689655,0.05179282868525897,	0.034482758620689655,0.05179282868525897,
215,309,181,	0.01977401129943503,0.027888446215139442,	0.021148036253776436,0.027888446215139442,
344,349,181,	0.019444444444444445,0.055776892430278883,	0.019444444444444445,0.055776892430278883,
249,349,181,	0.015568862275449102,0.05179282868525897,	0.015568862275449102,0.05179282868525897,
107,107,181,	0.14893617021276595,0.36254980079681276,	0.14893617021276595,0.36254980079681276,
349,349,181,	0.023019757114373755,0.5059760956175299,	0.02306993642143506,0.5059760956175299,
384,147,181,	0.7333333333333333,0.043824701195219126,	0.6666666666666666,0.03187250996015936,
268,349,181,	0.03085966201322557,0.3346613545816733,	0.03085966201322557,0.3346613545816733,
107,12,181,	0.029354207436399216,0.05976095617529881,	0.029354207436399216,0.05976095617529881,
187,424,181,	0.06451612903225806,0.01593625498007968,	0.06451612903225806,0.01593625498007968,
181,418,23,	0.037800687285223365,0.043824701195219126,	0.033707865168539325,0.035856573705179286,
31,31,181,	0.05833905284831846,0.3386454183266932,	0.05833905284831846,0.3386454183266932,
268,344,181,	0.011990407673860911,0.0199203187250996,	0.011990407673860911,0.0199203187250996,
31,12,181,	0.018209408194233688,0.04780876494023904,	0.018209408194233688,0.04780876494023904,
268,268,181,	0.056142668428005284,0.3386454183266932,	0.056142668428005284,0.3386454183266932,
403,166,181,	0.7333333333333333,0.043824701195219126,	0.7333333333333333,0.043824701195219126,
323,86,181,	0.022456461961503207,0.1952191235059761,	0.024423337856173677,0.07171314741035857,
69,306,181,	0.81,0.32270916334661354,	0.81,0.32270916334661354,
72,173,181,	0.06526104417670683,0.2589641434262948,	0.06532663316582915,0.2589641434262948,
112,112,181,	0.02333272092595995,0.5059760956175299,	0.023375667218847783,0.5059760956175299,
12,344,181,	0.03970223325062035,0.06374501992031872,	0.03970223325062035,0.06374501992031872,
306,69,181,	0.85,0.3386454183266932,	0.85,0.3386454183266932,
72,170,181,	0.05084745762711865,0.01195219123505976,	0.05084745762711865,0.01195219123505976,
344,112,181,	0.01593625498007968,0.04780876494023904,	0.01593625498007968,0.04780876494023904,
107,31,181,	0.022727272727272728,0.0199203187250996,	0.022727272727272728,0.0199203187250996,
111,309,181,	0.046468401486988845,0.398406374501992,	0.04655493482309125,0.398406374501992,
112,268,181,	0.029973772948669913,0.3187250996015936,	0.0300187617260788,0.3187250996015936,
12,31,181,	0.038348082595870206,0.05179282868525897,	0.038348082595870206,0.05179282868525897,
12,249,181,	0.0979498861047836,0.3426294820717131,	0.0979498861047836,0.3426294820717131,
410,348,181,	0.08635917566241413,0.350597609561753,	0.08652900688298919,0.350597609561753,
247,309,181,	0.0156794425087108,0.035856573705179286,	0.01532567049808429,0.03187250996015936,
