37,	0.6195462478184991,0.5707395498392283,	0.75,0.6428571428571429,
106,	0.6095551894563427,0.594855305466238,	0.6956521739130435,0.5714285714285714,
281,	0.14514285714285713,0.8167202572347267,	0.1782178217821782,0.32142857142857145,
443,45,	0.64,0.02572347266881029,
64,281,	0.4375,0.022508038585209004,
286,143,	0.25,0.001607717041800643,
37,270,	0.4425182481751825,0.7797427652733119,
281,282,	0.3945908460471567,0.9147909967845659,
286,281,	0.25,0.001607717041800643,
37,282,	0.44986200551977923,0.7861736334405145,
37,33,	0.46673095467695275,0.7781350482315113,
37,45,	0.4455626715462031,0.7829581993569131,
64,37,	0.7272727272727273,0.012861736334405145,
64,106,	0.7,0.011254019292604502,
106,270,	0.43738819320214667,0.7861736334405145,
281,45,	0.3972318339100346,0.9228295819935691,
443,33,	0.6538461538461539,0.027331189710610933,
443,270,	0.6551724137931034,0.03054662379421222,
443,282,	0.7307692307692307,0.03054662379421222,
106,282,	0.4430379746835443,0.7877813504823151,
143,33,	0.42153146322971946,0.8938906752411575,
143,45,	0.39914163090128757,0.8971061093247589,
143,270,	0.3977512297962052,0.909967845659164,
143,282,	0.4027476500361533,0.8954983922829582,
281,270,	0.12627607634265423,0.9147909967845659,
106,33,	0.46161137440758293,0.7829581993569131,
281,33,	0.1287106276909132,0.9131832797427653,
106,45,	0.44144144144144143,0.7877813504823151,
64,143,	0.42857142857142855,0.014469453376205787,
49,286,143,	1.0,0.001607717041800643,
102,339,106,	0.6748878923766816,0.48392282958199356,
281,380,143,	0.20276497695852536,0.5659163987138264,	0.75,0.32142857142857145,
37,44,106,	0.32,0.5659163987138264,	0.75,0.6428571428571429,
472,235,143,	1.0,0.001607717041800643,
202,439,143,	0.18,0.477491961414791,	0.7,0.375,
286,49,37,	0.3045267489711934,0.35691318327974275,	0.26,0.23214285714285715,
64,301,106,	0.25020850708924103,0.48231511254019294,	0.25555555555555554,0.4107142857142857,
244,375,143,	1.0,0.001607717041800643,
286,143,282,	0.20454545454545456,0.014469453376205787,
106,380,37,	0.29681647940074907,0.5096463022508039,	0.6956521739130435,0.5714285714285714,
202,439,37,	0.6238095238095238,0.4212218649517685,	0.7,0.375,
46,283,143,	0.017857142857142856,0.001607717041800643,
102,339,143,	0.5592105263157895,0.5466237942122186,
202,439,281,	0.07108549471661864,0.4758842443729904,	0.04906542056074766,0.375,
381,144,143,	0.5594541910331384,0.46141479099678456,	0.6071428571428571,0.30357142857142855,
64,301,143,	0.22207707380796865,0.5466237942122186,	0.25842696629213485,0.4107142857142857,
443,206,143,	0.19678714859437751,0.07877813504823152,	0.3076923076923077,0.07142857142857142,
188,425,143,	0.043478260869565216,0.02090032154340836,
281,380,106,	0.27728813559322035,0.657556270096463,	0.75,0.32142857142857145,
420,23,143,	0.2,0.001607717041800643,
143,380,37,	0.226215644820296,0.5160771704180064,	1.0,1.0,
281,206,143,	0.41998497370398197,0.8987138263665595,	0.7543859649122807,0.7678571428571429,
99,336,143,	0.014285714285714285,0.001607717041800643,
190,427,143,	0.3333333333333333,0.001607717041800643,
443,44,143,	0.6333333333333333,0.06109324758842444,	1.0,0.05357142857142857,
37,380,37,	0.24660194174757283,0.40836012861736337,	0.75,0.6428571428571429,
102,339,281,	0.2702702702702703,0.5466237942122186,
286,143,45,	0.25,0.01607717041800643,
381,144,37,	0.5398230088495575,0.39228295819935693,	0.5862068965517241,0.30357142857142855,
281,44,106,	0.18533604887983707,0.43890675241157556,	0.7678571428571429,0.7678571428571429,
186,423,143,	1.0,0.001607717041800643,
381,144,281,	0.1333014811275681,0.44855305466237944,	0.18823529411764706,0.2857142857142857,
143,44,281,	0.1352112676056338,0.3858520900321543,	1.0,1.0,
64,301,281,	0.10285194174757281,0.545016077170418,	0.06534090909090909,0.4107142857142857,
420,183,143,	0.043478260869565216,0.001607717041800643,
64,143,33,	0.4,0.03858520900321544,
244,7,143,	1.0,0.001607717041800643,
37,44,37,	0.30984555984555984,0.5160771704180064,	0.75,0.6428571428571429,
266,29,106,	0.6746031746031746,0.409967845659164,	0.7037037037037037,0.3392857142857143,
420,60,143,	0.1111111111111111,0.001607717041800643,
37,44,143,	0.2212798766383963,0.46141479099678456,	0.75,0.6428571428571429,
37,380,106,	0.2775250227479527,0.4903536977491961,	0.75,0.6428571428571429,
64,143,282,	0.359375,0.03697749196141479,
64,143,45,	0.3582089552238806,0.03858520900321544,
281,44,143,	0.18458884416331225,0.5160771704180064,	0.7678571428571429,0.7678571428571429,
281,44,37,	0.2215007215007215,0.49356913183279744,	0.7678571428571429,0.7678571428571429,
3,240,281,	0.02340189678531839,0.6109324758842444,	0.014769230769230769,0.42857142857142855,
301,64,281,	0.05612244897959184,0.017684887459807074,
3,240,143,	0.06077435734687401,0.6157556270096463,	0.07868852459016394,0.42857142857142855,
143,44,143,	0.16328828828828829,0.4662379421221865,	1.0,1.0,
468,231,143,	0.02,0.001607717041800643,
443,380,143,	0.6333333333333333,0.06109324758842444,	1.0,0.05357142857142857,
37,380,281,	0.31303006939090205,0.6527331189710611,	0.75,0.6428571428571429,
286,49,106,	0.30709677419354836,0.38263665594855306,	0.3191489361702128,0.26785714285714285,
106,44,37,	0.27715355805243447,0.4758842443729904,	0.6956521739130435,0.5714285714285714,
423,186,143,	1.0,0.001607717041800643,
281,380,37,	0.27443881245474294,0.6093247588424437,	0.75,0.32142857142857145,
64,301,37,	0.2557544757033248,0.48231511254019294,	0.25,0.4107142857142857,
138,375,281,	0.3333333333333333,0.001607717041800643,
143,44,37,	0.20933521923620935,0.4758842443729904,	1.0,1.0,
138,7,143,	0.3333333333333333,0.001607717041800643,
143,380,106,	0.23388704318936876,0.5659163987138264,	1.0,1.0,
143,380,443,	0.4419475655430712,0.18971061093247588,	0.5,1.0,
143,380,143,	0.17547806524184478,0.5016077170418006,	1.0,1.0,
186,186,143,	1.0,0.001607717041800643,
301,64,37,	0.07272727272727272,0.006430868167202572,
297,183,143,	0.1,0.001607717041800643,
281,380,281,	0.2364475201845444,0.6591639871382636,	0.75,0.32142857142857145,
378,141,143,	0.5783132530120482,0.07717041800643087,	1.0,0.05357142857142857,
106,44,281,	0.16654219566840925,0.35852090032154343,	0.6956521739130435,0.5714285714285714,
266,29,143,	0.5594541910331384,0.46141479099678456,	0.7037037037037037,0.3392857142857143,
286,49,281,	0.12166666666666667,0.4694533762057878,	0.06285714285714286,0.19642857142857142,
106,380,143,	0.24044943820224718,0.5160771704180064,	0.6956521739130435,0.5714285714285714,
266,29,281,	0.24322033898305084,0.46141479099678456,	0.2638888888888889,0.3392857142857143,
106,380,281,	0.3106287425149701,0.6672025723472669,	0.6956521739130435,0.5714285714285714,
143,380,281,	0.21147356580427445,0.6045016077170418,	1.0,1.0,
202,439,106,	0.5822222222222222,0.4212218649517685,	0.7,0.375,
106,44,143,	0.2083644510828977,0.44855305466237944,	0.6956521739130435,0.5714285714285714,
138,375,143,	0.3333333333333333,0.001607717041800643,
301,64,143,	0.08148148148148149,0.017684887459807074,
297,23,143,	0.3333333333333333,0.001607717041800643,
281,44,281,	0.03095890410958904,0.3633440514469453,	0.037719298245614034,0.7678571428571429,
381,144,106,	0.5294117647058824,0.39067524115755625,	0.5,0.21428571428571427,
143,44,106,	0.19187208527648233,0.4630225080385852,	1.0,1.0,
3,240,37,	0.07435107787065552,0.5434083601286174,	0.07868852459016394,0.42857142857142855,
260,60,143,	1.0,0.001607717041800643,
106,380,106,	0.3173758865248227,0.5755627009646302,	0.6956521739130435,0.5714285714285714,
3,240,106,	0.07400087834870443,0.5418006430868167,	0.07868852459016394,0.42857142857142855,
64,375,143,	0.09090909090909091,0.001607717041800643,
64,143,270,	0.34328358208955223,0.03697749196141479,
102,339,37,	0.7235576923076923,0.48392282958199356,
301,64,106,	0.08,0.006430868167202572,
260,23,143,	0.3333333333333333,0.001607717041800643,
286,49,143,	0.4616384915474642,0.5707395498392283,	0.39215686274509803,0.35714285714285715,
423,423,143,	1.0,0.001607717041800643,
37,44,281,	0.22153846153846155,0.4630225080385852,	0.75,0.6428571428571429,
260,183,143,	0.16666666666666666,0.001607717041800643,
351,114,143,	0.043478260869565216,0.008038585209003215,
266,29,37,	0.7264957264957265,0.409967845659164,	0.7037037037037037,0.3392857142857143,
9,246,143,	0.02040816326530612,0.001607717041800643,
37,380,143,	0.2337962962962963,0.4871382636655949,	0.75,0.6428571428571429,
297,60,143,	1.0,0.001607717041800643,
143,206,143,	0.4268867924528302,0.8729903536977492,	1.0,1.0,
106,44,106,	0.26017699115044246,0.47266881028938906,	0.6956521739130435,0.5714285714285714,
