86,	0.012211668928086838,0.0743801652892562,	0.011013215859030838,0.04854368932038835,
103,248,	0.034482758620689655,0.008264462809917356,	0.034482758620689655,0.009708737864077669,
103,69,	0.08,0.01652892561983471,	0.09523809523809523,0.019417475728155338,
103,306,	0.08333333333333333,0.01652892561983471,	0.09523809523809523,0.019417475728155338,
103,256,	0.1111111111111111,0.01652892561983471,	0.11764705882352941,0.019417475728155338,
103,11,	0.02631578947368421,0.008264462809917356,	0.02631578947368421,0.009708737864077669,
103,344,	0.04054054054054054,0.024793388429752067,	0.041666666666666664,0.02912621359223301,
103,463,	0.21428571428571427,0.024793388429752067,	0.21428571428571427,0.02912621359223301,
103,19,	0.08695652173913043,0.01652892561983471,	0.09090909090909091,0.019417475728155338,
103,226,	0.1875,0.024793388429752067,	0.1875,0.02912621359223301,
103,249,	0.05982905982905983,0.05785123966942149,	0.05982905982905983,0.06796116504854369,
103,107,	0.03896103896103896,0.024793388429752067,	0.039473684210526314,0.02912621359223301,
103,12,	0.07079646017699115,0.06611570247933884,	0.07079646017699115,0.07766990291262135,
103,12,12,	0.08967391304347826,0.2727272727272727,	0.08967391304347826,0.32038834951456313,
103,11,11,	0.16216216216216217,0.09917355371900827,	0.16216216216216217,0.11650485436893204,
103,248,344,	0.09345794392523364,0.08264462809917356,	0.09345794392523364,0.0970873786407767,
103,192,429,	0.2631578947368421,0.04132231404958678,	0.2631578947368421,0.04854368932038835,
103,72,10,	0.03211009174311927,0.05785123966942149,	0.034653465346534656,0.06796116504854369,
103,239,2,	0.045146726862302484,0.1652892561983471,	0.045,0.17475728155339806,
103,112,344,	0.025362318840579712,0.05785123966942149,	0.025735294117647058,0.06796116504854369,
103,344,248,	0.06172839506172839,0.04132231404958678,	0.06172839506172839,0.04854368932038835,
103,349,31,	0.03319502074688797,0.2644628099173554,	0.03314285714285714,0.2815533980582524,
103,112,268,	0.033953997809419496,0.256198347107438,	0.03385731559854897,0.27184466019417475,
103,31,2,	0.041666666666666664,0.008264462809917356,	0.043478260869565216,0.009708737864077669,
103,112,249,	0.01948051948051948,0.049586776859504134,	0.02097902097902098,0.05825242718446602,
103,187,424,	0.07894736842105263,0.049586776859504134,	0.07894736842105263,0.05825242718446602,
103,107,11,	0.09302325581395349,0.06611570247933884,	0.09302325581395349,0.07766990291262135,
103,349,12,	0.026578073089700997,0.06611570247933884,	0.027491408934707903,0.07766990291262135,
103,328,91,	0.010181355392936684,0.5289256198347108,
103,268,344,	0.08333333333333333,0.04132231404958678,	0.08928571428571429,0.04854368932038835,
103,111,348,	0.06377858002406739,0.4380165289256198,	0.056504599211563734,0.4174757281553398,
103,31,348,	0.02564102564102564,0.008264462809917356,	0.02564102564102564,0.009708737864077669,
103,337,100,	0.09848484848484848,0.10743801652892562,	0.09482758620689655,0.10679611650485436,
103,112,112,	0.0273972602739726,0.4297520661157025,	0.026423957721667644,0.4368932038834951,
103,70,307,	0.01195814648729447,0.1322314049586777,	0.03409090909090909,0.05825242718446602,
103,112,248,	0.014184397163120567,0.01652892561983471,	0.014388489208633094,0.019417475728155338,
103,69,69,	0.75,0.1487603305785124,	0.75,0.14563106796116504,
103,455,218,	0.036585365853658534,0.09917355371900827,	0.03007518796992481,0.038834951456310676,
103,31,268,	0.08008213552361396,0.32231404958677684,	0.07456140350877193,0.3300970873786408,
103,112,31,	0.03282275711159737,0.24793388429752067,	0.03361344537815126,0.27184466019417475,
103,239,349,	0.03418803418803419,0.03305785123966942,	0.034482758620689655,0.038834951456310676,
103,248,11,	0.16,0.09917355371900827,	0.16,0.11650485436893204,
103,344,11,	0.06172839506172839,0.04132231404958678,	0.06172839506172839,0.04854368932038835,
103,19,256,	0.5909090909090909,0.10743801652892562,	0.6,0.11650485436893204,
103,31,173,	0.09090909090909091,0.008264462809917356,	0.09090909090909091,0.009708737864077669,
103,12,107,	0.03389830508474576,0.06611570247933884,	0.03389830508474576,0.07766990291262135,
103,111,173,	0.0659090909090909,0.2396694214876033,	0.06341463414634146,0.2524271844660194,
103,11,349,	0.011627906976744186,0.01652892561983471,	0.011695906432748537,0.019417475728155338,
103,268,249,	0.04854368932038835,0.04132231404958678,	0.04950495049504951,0.04854368932038835,
103,183,297,	0.012770137524557957,0.32231404958677684,	0.010602409638554217,0.21359223300970873,
103,268,12,	0.061855670103092786,0.049586776859504134,	0.06315789473684211,0.05825242718446602,
103,349,268,	0.03273495248152059,0.256198347107438,	0.03278688524590164,0.27184466019417475,
103,69,306,	0.84,0.17355371900826447,	0.85,0.1650485436893204,
103,215,452,	0.8571428571428571,0.049586776859504134,	1.0,0.038834951456310676,
103,349,344,	0.021897810218978103,0.049586776859504134,	0.022727272727272728,0.05825242718446602,
103,403,166,	0.5714285714285714,0.06611570247933884,	0.5454545454545454,0.05825242718446602,
103,373,136,	0.4375,0.05785123966942149,	0.5384615384615384,0.06796116504854369,
103,256,19,	0.5217391304347826,0.09917355371900827,	0.5238095238095238,0.10679611650485436,
103,176,413,	0.02586206896551724,0.09917355371900827,	0.026845637583892617,0.038834951456310676,
103,11,107,	0.053763440860215055,0.04132231404958678,	0.053763440860215055,0.04854368932038835,
103,11,248,	0.2073170731707317,0.14049586776859505,	0.2073170731707317,0.1650485436893204,
103,390,153,	0.02015411973918198,0.5619834710743802,	0.020202020202020204,0.0970873786407767,
103,406,169,	0.0189873417721519,0.049586776859504134,	0.016877637130801686,0.038834951456310676,
103,268,268,	0.07370517928286853,0.30578512396694213,	0.06779661016949153,0.3106796116504854,
103,107,344,	0.2023121387283237,0.2892561983471074,	0.20118343195266272,0.3300970873786408,
103,2,239,	0.04501607717041801,0.23140495867768596,	0.046992481203007516,0.24271844660194175,
103,410,173,	0.12213740458015267,0.2644628099173554,	0.11462450592885376,0.2815533980582524,
103,239,268,	0.016666666666666666,0.008264462809917356,	0.01694915254237288,0.009708737864077669,
103,268,112,	0.036427732079905996,0.256198347107438,	0.03427172582619339,0.27184466019417475,
103,349,349,	0.027426160337552744,0.4297520661157025,	0.02626970227670753,0.4368932038834951,
103,12,344,	0.043478260869565216,0.08264462809917356,	0.043478260869565216,0.0970873786407767,
103,410,10,	0.08163265306122448,0.03305785123966942,	0.08333333333333333,0.038834951456310676,
103,107,12,	0.06134969325153374,0.08264462809917356,	0.062111801242236024,0.0970873786407767,
103,107,107,	0.17647058823529413,0.24793388429752067,	0.17365269461077845,0.2815533980582524,
103,53,290,	0.015748031496062992,0.06611570247933884,
103,349,107,	0.02877697841726619,0.06611570247933884,	0.02973977695167286,0.07766990291262135,
103,181,418,	0.16853932584269662,0.12396694214876033,	0.14102564102564102,0.10679611650485436,
103,111,452,	0.09230769230769231,0.049586776859504134,	0.06451612903225806,0.038834951456310676,
103,31,12,	0.054945054945054944,0.04132231404958678,	0.056179775280898875,0.04854368932038835,
103,18,255,	0.02402745995423341,0.17355371900826447,	0.029411764705882353,0.10679611650485436,
103,12,249,	0.09946236559139784,0.30578512396694213,	0.09946236559139784,0.3592233009708738,
103,407,170,	0.5,0.01652892561983471,	0.5,0.019417475728155338,
103,175,412,	0.010665529010238909,0.4132231404958678,	0.01206140350877193,0.42718446601941745,
103,344,31,	0.022099447513812154,0.03305785123966942,	0.022099447513812154,0.038834951456310676,
103,344,112,	0.017977528089887642,0.06611570247933884,	0.018018018018018018,0.07766990291262135,
103,304,67,	0.02539208364451083,0.2809917355371901,	0.026143790849673203,0.038834951456310676,
103,268,348,	0.025,0.008264462809917356,	0.025,0.009708737864077669,
103,247,348,	0.09210526315789473,0.05785123966942149,	0.09210526315789473,0.06796116504854369,
103,340,103,	0.55,1.0,	0.5309278350515464,1.0,
103,239,112,	0.02586206896551724,0.024793388429752067,	0.02608695652173913,0.02912621359223301,
103,268,173,	0.09090909090909091,0.008264462809917356,	0.09090909090909091,0.009708737864077669,
103,414,177,	0.28205128205128205,0.09090909090909091,	0.28205128205128205,0.10679611650485436,
103,183,420,	0.01509433962264151,0.6611570247933884,	0.01569815477829799,0.5533980582524272,
103,344,12,	0.06321839080459771,0.09090909090909091,	0.06395348837209303,0.10679611650485436,
103,60,420,	0.013464696223316914,0.33884297520661155,
103,149,386,	0.01834862385321101,0.01652892561983471,
103,344,349,	0.016129032258064516,0.05785123966942149,	0.016166281755196306,0.06796116504854369,
103,239,31,	0.01818181818181818,0.008264462809917356,	0.018518518518518517,0.009708737864077669,
103,344,268,	0.017341040462427744,0.024793388429752067,	0.017341040462427744,0.02912621359223301,
103,11,344,	0.102803738317757,0.09090909090909091,	0.102803738317757,0.10679611650485436,
103,11,112,	0.012195121951219513,0.01652892561983471,	0.012195121951219513,0.019417475728155338,
103,249,112,	0.014705882352941176,0.0743801652892562,	0.014705882352941176,0.08737864077669903,
103,31,344,	0.06349206349206349,0.03305785123966942,	0.06779661016949153,0.038834951456310676,
103,249,268,	0.026923076923076925,0.05785123966942149,	0.026923076923076925,0.06796116504854369,
103,349,112,	0.028825995807127882,0.45454545454545453,	0.02772963604852686,0.46601941747572817,
103,31,349,	0.03634232121922626,0.256198347107438,	0.0343558282208589,0.27184466019417475,
103,12,31,	0.02631578947368421,0.049586776859504134,	0.02631578947368421,0.05825242718446602,
103,344,249,	0.04864864864864865,0.0743801652892562,	0.04918032786885246,0.08737864077669903,
103,12,112,	0.012280701754385965,0.05785123966942149,	0.012280701754385965,0.06796116504854369,
103,72,452,	0.03225806451612903,0.04132231404958678,	0.032,0.038834951456310676,
103,372,135,	0.023255813953488372,0.049586776859504134,	0.023255813953488372,0.05825242718446602,
103,384,147,	0.7142857142857143,0.04132231404958678,	1.0,0.038834951456310676,
103,226,463,	0.3939393939393939,0.10743801652892562,	0.3939393939393939,0.1262135922330097,
103,23,260,	0.06837606837606838,0.1322314049586777,	0.0728476821192053,0.10679611650485436,
103,344,344,	0.17142857142857143,0.24793388429752067,	0.17058823529411765,0.2815533980582524,
103,323,86,	0.03035413153456998,0.2975206611570248,	0.01997780244173141,0.17475728155339806,
103,263,26,	0.12886597938144329,0.2066115702479339,	0.12571428571428572,0.21359223300970873,
103,12,349,	0.011705685618729096,0.05785123966942149,	0.011725293132328308,0.06796116504854369,
103,249,107,	0.03896103896103896,0.0743801652892562,	0.03896103896103896,0.08737864077669903,
103,111,31,	0.25,0.008264462809917356,	0.25,0.009708737864077669,
103,249,12,	0.09898477157360407,0.32231404958677684,	0.09898477157360407,0.3786407766990291,
103,112,2,	0.047619047619047616,0.03305785123966942,	0.05,0.038834951456310676,
103,31,107,	0.02857142857142857,0.01652892561983471,	0.030303030303030304,0.019417475728155338,
103,107,268,	0.030120481927710843,0.04132231404958678,	0.030120481927710843,0.04854368932038835,
103,112,12,	0.02622950819672131,0.06611570247933884,	0.028469750889679714,0.07766990291262135,
103,112,349,	0.029411764705882353,0.45454545454545453,	0.028811524609843937,0.46601941747572817,
103,410,31,	0.25,0.008264462809917356,	0.25,0.009708737864077669,
103,72,309,	0.03727034120734908,0.5867768595041323,	0.03785488958990536,0.5825242718446602,
103,315,78,	0.08771929824561403,0.12396694214876033,	0.08771929824561403,0.14563106796116504,
103,72,348,	0.04332552693208431,0.30578512396694213,	0.04086845466155811,0.3106796116504854,
103,349,248,	0.015037593984962405,0.01652892561983471,	0.015384615384615385,0.019417475728155338,
103,247,173,	0.125,0.03305785123966942,	0.125,0.038834951456310676,
103,268,2,	0.045454545454545456,0.008264462809917356,	0.047619047619047616,0.009708737864077669,
103,349,249,	0.018808777429467086,0.049586776859504134,	0.01948051948051948,0.05825242718446602,
103,247,10,	0.4,0.06611570247933884,	0.4,0.07766990291262135,
103,215,309,	0.0625,0.05785123966942149,	0.054945054945054944,0.04854368932038835,
103,60,297,	0.029158699808795412,0.5041322314049587,	0.022004889975550123,0.34951456310679613,
103,112,107,	0.02142857142857143,0.049586776859504134,	0.021739130434782608,0.05825242718446602,
103,72,173,	0.050970873786407765,0.17355371900826447,	0.05089058524173028,0.1941747572815534,
103,31,31,	0.07535641547861507,0.30578512396694213,	0.06941431670281996,0.3106796116504854,
103,410,309,	0.061971830985915494,0.18181818181818182,	0.06086956521739131,0.20388349514563106,
103,249,349,	0.012841091492776886,0.06611570247933884,	0.012861736334405145,0.07766990291262135,
103,268,349,	0.03488372093023256,0.24793388429752067,	0.03398058252427184,0.27184466019417475,
103,344,107,	0.1956521739130435,0.2975206611570248,	0.19101123595505617,0.3300970873786408,
103,249,249,	0.08375634517766498,0.2727272727272727,	0.08375634517766498,0.32038834951456313,
103,268,107,	0.046153846153846156,0.024793388429752067,	0.04918032786885246,0.02912621359223301,
103,349,2,	0.0379746835443038,0.024793388429752067,	0.04,0.02912621359223301,
103,268,31,	0.07677165354330709,0.32231404958677684,	0.0709812108559499,0.3300970873786408,
103,249,344,	0.04072398190045249,0.0743801652892562,	0.04072398190045249,0.08737864077669903,
103,31,112,	0.0356718192627824,0.24793388429752067,	0.033498759305210915,0.2621359223300971,
103,306,69,	0.8,0.1652892561983471,	0.8095238095238095,0.1650485436893204,
103,107,31,	0.036585365853658534,0.049586776859504134,	0.036585365853658534,0.05825242718446602,
103,463,226,	0.5238095238095238,0.09090909090909091,	0.5238095238095238,0.10679611650485436,
103,111,309,	0.056439942112879886,0.32231404958677684,	0.05263157894736842,0.3300970873786408,
103,460,223,	0.0313124583610926,0.3884297520661157,	0.032171581769437,0.34951456310679613,
103,247,309,	0.043795620437956206,0.049586776859504134,	0.043795620437956206,0.05825242718446602,
103,107,349,	0.020942408376963352,0.06611570247933884,	0.02099737532808399,0.07766990291262135,
103,12,268,	0.028455284552845527,0.05785123966942149,	0.028455284552845527,0.06796116504854369,
103,249,31,	0.027450980392156862,0.05785123966942149,	0.027450980392156862,0.06796116504854369,
103,326,89,	0.08181818181818182,0.0743801652892562,	0.08,0.05825242718446602,
103,111,268,	0.3333333333333333,0.008264462809917356,	0.3333333333333333,0.009708737864077669,
103,410,348,	0.07178217821782178,0.2396694214876033,	0.06649616368286446,0.2524271844660194,
103,248,248,	0.17105263157894737,0.10743801652892562,	0.17105263157894737,0.1262135922330097,
103,248,107,	0.052083333333333336,0.04132231404958678,	0.052083333333333336,0.04854368932038835,
103,107,112,	0.015957446808510637,0.049586776859504134,	0.016,0.05825242718446602,
103,31,249,	0.05,0.04132231404958678,	0.05102040816326531,0.04854368932038835,
103,107,249,	0.05952380952380952,0.08264462809917356,	0.060240963855421686,0.0970873786407767,
103,410,268,	0.3333333333333333,0.008264462809917356,	0.3333333333333333,0.009708737864077669,
103,306,306,	0.8571428571428571,0.1487603305785124,	0.8823529411764706,0.14563106796116504,
103,215,348,	0.09836065573770492,0.049586776859504134,	0.07142857142857142,0.038834951456310676,
103,141,378,	0.34210526315789475,0.10743801652892562,	0.29411764705882354,0.0970873786407767,
103,111,10,	0.07526881720430108,0.05785123966942149,	0.08139534883720931,0.06796116504854369,
103,107,248,	0.12345679012345678,0.08264462809917356,	0.12345679012345678,0.0970873786407767,
103,177,414,	0.3548387096774194,0.09090909090909091,	0.3548387096774194,0.10679611650485436,
