42,	0.011632737847943497,0.17834394904458598,	0.011671529804085035,0.17834394904458598,
85,262,	0.013182674199623353,0.08917197452229299,	0.013182674199623353,0.08917197452229299,
348,150,	0.011636363636363636,0.20382165605095542,	0.011657559198542805,0.20382165605095542,
309,150,	0.012600806451612902,0.3184713375796178,	0.013292716698975353,0.3057324840764331,
235,230,	0.01545253863134658,0.044585987261146494,	0.015486725663716814,0.044585987261146494,
110,85,	0.32142857142857145,0.05732484076433121,	0.32142857142857145,0.05732484076433121,
347,85,	0.3103448275862069,0.05732484076433121,	0.3103448275862069,0.057692307692307696,
371,375,	0.04,0.006369426751592357,
353,85,	0.23333333333333334,0.044585987261146494,	0.23333333333333334,0.044585987261146494,
85,94,	0.03197674418604651,0.07006369426751592,	0.03197674418604651,0.07006369426751592,
170,150,	0.010285714285714285,0.05732484076433121,	0.010309278350515464,0.05732484076433121,
85,331,	0.052132701421800945,0.07006369426751592,	0.052132701421800945,0.07006369426751592,
136,150,	0.010574018126888218,0.044585987261146494,	0.010622154779969651,0.044585987261146494,
147,150,	0.01440329218106996,0.044585987261146494,	0.01440329218106996,0.044585987261146494,
85,25,	0.028846153846153848,0.09554140127388536,	0.028846153846153848,0.09554140127388536,
116,85,	0.25,0.044585987261146494,	0.25,0.044585987261146494,
123,360,85,	0.05483405483405483,0.24203821656050956,
10,373,85,	0.24358974358974358,0.12101910828025478,	0.20588235294117646,0.08917197452229299,
348,410,85,	0.12627986348122866,0.4713375796178344,	0.1269296740994854,0.4713375796178344,
215,173,85,	1.0,0.006369426751592357,	1.0,0.007462686567164179,
147,410,85,	0.1506849315068493,0.07006369426751592,	0.1506849315068493,0.07006369426751592,
111,173,85,	0.3333333333333333,0.006369426751592357,	0.3333333333333333,0.006369426751592357,
309,373,85,	0.14285714285714285,0.07643312101910828,	0.15942028985507245,0.07006369426751592,
348,111,85,	0.11826821541710665,0.7133757961783439,	0.11864406779661017,0.7133757961783439,
136,111,85,	0.16296296296296298,0.14012738853503184,	0.16417910447761194,0.14012738853503184,
166,403,85,	0.3302752293577982,0.22929936305732485,	0.3142857142857143,0.21019108280254778,
10,111,85,	0.15228426395939088,0.1910828025477707,	0.15228426395939088,0.1910828025477707,
10,215,85,	0.12371134020618557,0.07643312101910828,	0.12371134020618557,0.07643312101910828,
410,452,85,	1.0,0.006369426751592357,	1.0,0.007462686567164179,
10,72,85,	0.10084033613445378,0.07643312101910828,	0.10084033613445378,0.07643312101910828,
136,215,85,	0.1527777777777778,0.07006369426751592,	0.1527777777777778,0.07006369426751592,
147,111,85,	0.15384615384615385,0.11464968152866242,	0.15384615384615385,0.11464968152866242,
173,373,85,	0.1643835616438356,0.07643312101910828,	0.18461538461538463,0.07643312101910828,
215,452,85,	1.0,0.006369426751592357,	1.0,0.007462686567164179,
452,111,85,	0.23529411764705882,0.17834394904458598,	0.25225225225225223,0.17834394904458598,
136,410,85,	0.24193548387096775,0.09554140127388536,	0.2459016393442623,0.09554140127388536,
75,153,85,	0.047619047619047616,0.006369426751592357,
309,72,85,	0.08131997642899234,0.8789808917197452,	0.08230719377835385,0.8089171974522293,
390,153,85,	0.07692307692307693,0.006369426751592357,
348,247,85,	0.07449856733524356,0.16560509554140126,	0.1092436974789916,0.16560509554140126,
211,448,85,	0.15,0.11464968152866242,	0.09090909090909091,0.012738853503184714,
346,109,85,	0.04417670682730924,0.6305732484076433,	0.039383561643835614,0.4394904458598726,
75,320,85,	0.0196078431372549,0.006369426751592357,
247,452,85,	1.0,0.006369426751592357,	1.0,0.007462686567164179,
347,110,85,	0.9310344827586207,0.17197452229299362,	0.9310344827586207,0.17307692307692307,
88,325,85,	0.03708838821490468,0.6815286624203821,	0.08689248895434462,0.37579617834394907,
75,73,85,	0.030710172744721688,0.3057324840764331,	0.022935779816513763,0.09554140127388536,
452,215,85,	0.32051282051282054,0.3184713375796178,	0.3287671232876712,0.3057324840764331,
158,395,85,	0.15384615384615385,0.03821656050955414,	0.3333333333333333,0.006369426751592357,
173,384,85,	0.09876543209876543,0.050955414012738856,	0.1,0.050955414012738856,
327,90,85,	0.02708703374777975,0.7770700636942676,	0.029288702928870293,0.7133757961783439,
410,348,85,	1.0,0.006369426751592357,	1.0,0.007462686567164179,
1,238,85,	0.09037900874635568,0.19745222929936307,
116,353,85,	0.43902439024390244,0.11464968152866242,	0.43902439024390244,0.11464968152866242,
147,384,85,	0.19014084507042253,0.34394904458598724,	0.19318181818181818,0.3248407643312102,
10,410,85,	0.1891891891891892,0.1337579617834395,	0.1891891891891892,0.1337579617834395,
247,348,85,	1.0,0.006369426751592357,	1.0,0.007462686567164179,
147,72,85,	0.1702127659574468,0.15286624203821655,	0.1702127659574468,0.15286624203821655,
452,72,85,	0.11842105263157894,0.05732484076433121,	0.11764705882352941,0.050955414012738856,
75,312,85,	0.04976958525345622,0.34394904458598724,	0.04195804195804196,0.03821656050955414,
213,450,85,	0.12631578947368421,0.07643312101910828,	0.19230769230769232,0.03184713375796178,
278,41,85,	0.13360323886639677,0.21019108280254778,	0.25806451612903225,0.050955414012738856,
348,72,85,	0.10726643598615918,0.5923566878980892,	0.10739030023094688,0.5923566878980892,
136,247,85,	0.25,0.12101910828025478,	0.2222222222222222,0.08917197452229299,
452,247,85,	0.09497206703910614,0.10828025477707007,	0.15841584158415842,0.10191082802547771,
173,247,85,	0.07692307692307693,0.08917197452229299,	0.1111111111111111,0.08917197452229299,
173,410,85,	0.21639344262295082,0.42038216560509556,	0.21782178217821782,0.42038216560509556,
310,320,85,	0.05970149253731343,0.050955414012738856,
310,312,85,	0.0387038703870387,0.5477707006369427,	0.05405405405405406,0.012738853503184714,
116,116,85,	0.4186046511627907,0.11464968152866242,	0.4186046511627907,0.11464968152866242,
215,10,85,	1.0,0.006369426751592357,	1.0,0.007462686567164179,
309,111,85,	0.10927835051546392,0.6751592356687898,	0.11521252796420582,0.6560509554140127,
390,320,85,	0.0125,0.006369426751592357,
136,373,85,	0.2867647058823529,0.2484076433121019,	0.27419354838709675,0.21656050955414013,
309,384,85,	0.11219512195121951,0.1464968152866242,	0.12105263157894737,0.1464968152866242,
110,347,85,	0.9032258064516129,0.17834394904458598,	0.9032258064516129,0.17834394904458598,
170,111,85,	0.10483870967741936,0.2484076433121019,	0.10569105691056911,0.2484076433121019,
309,215,85,	0.10666666666666667,0.050955414012738856,	0.10144927536231885,0.044585987261146494,
136,72,85,	0.08163265306122448,0.050955414012738856,	0.08247422680412371,0.050955414012738856,
309,410,85,	0.12887438825448613,0.5031847133757962,	0.13799283154121864,0.49044585987261147,
247,173,85,	1.0,0.006369426751592357,	1.0,0.007462686567164179,
111,348,85,	0.3333333333333333,0.006369426751592357,	0.3333333333333333,0.006369426751592357,
247,10,85,	1.0,0.006369426751592357,	1.0,0.007462686567164179,
452,410,85,	0.3,0.15286624203821655,	0.32,0.15286624203821655,
185,422,85,	0.031791907514450865,0.07006369426751592,
353,353,85,	0.45,0.11464968152866242,	0.45,0.11464968152866242,
410,173,85,	1.0,0.006369426751592357,	1.0,0.007462686567164179,
348,215,85,	0.16101694915254236,0.12101910828025478,	0.16101694915254236,0.12101910828025478,
147,247,85,	0.11194029850746269,0.09554140127388536,	0.12,0.09554140127388536,
173,72,85,	0.11464968152866242,0.34394904458598724,	0.1148936170212766,0.34394904458598724,
410,10,85,	1.0,0.006369426751592357,	1.0,0.007462686567164179,
111,452,85,	0.3333333333333333,0.006369426751592357,	0.3333333333333333,0.006369426751592357,
396,159,85,	0.4,0.050955414012738856,	0.4,0.05128205128205128,
83,153,85,	0.022222222222222223,0.006369426751592357,
159,396,85,	0.42105263157894735,0.050955414012738856,	0.42105263157894735,0.050955414012738856,
348,384,85,	0.10404624277456648,0.11464968152866242,	0.10465116279069768,0.11464968152866242,
452,373,85,	0.2542372881355932,0.09554140127388536,	0.2777777777777778,0.09554140127388536,
348,407,85,	0.092,0.1464968152866242,	0.09387755102040816,0.1464968152866242,
173,111,85,	0.1257995735607676,0.37579617834394907,	0.12660944206008584,0.37579617834394907,
309,247,85,	0.14285714285714285,0.1337579617834395,	0.15555555555555556,0.1337579617834395,
310,153,85,	0.06756756756756757,0.03184713375796178,
134,371,85,	1.0,0.006369426751592357,	1.0,0.006369426751592357,
348,373,85,	0.18421052631578946,0.1337579617834395,	0.19811320754716982,0.1337579617834395,
10,384,85,	0.08743169398907104,0.10191082802547771,	0.08743169398907104,0.10191082802547771,
111,10,85,	0.3333333333333333,0.006369426751592357,	0.3333333333333333,0.006369426751592357,
215,348,85,	1.0,0.006369426751592357,	1.0,0.007462686567164179,
173,215,85,	0.18292682926829268,0.09554140127388536,	0.18292682926829268,0.09554140127388536,
310,73,85,	0.031059683313032885,0.6496815286624203,	0.024691358024691357,0.025477707006369428,
82,319,85,	0.10095735422106179,0.7388535031847133,	0.13836477987421383,0.14012738853503184,
170,407,85,	0.1125,0.4585987261146497,	0.11038961038961038,0.43312101910828027,
225,462,85,	0.12292358803986711,0.2356687898089172,
371,134,85,	0.12052117263843648,0.2356687898089172,	0.12052117263843648,0.2356687898089172,
14,251,85,	0.14772727272727273,0.08280254777070063,
235,472,85,	0.05305305305305305,0.3375796178343949,	0.096,0.22929936305732485,
216,453,85,	0.026245313336904125,0.31210191082802546,
85,322,85,	0.06142111601766359,0.9745222929936306,	1.0,0.8598726114649682,
10,247,85,	0.12359550561797752,0.49044585987261147,	0.15365853658536585,0.4012738853503185,
353,116,85,	0.4634146341463415,0.12101910828025478,	0.4634146341463415,0.12101910828025478,
