380,	0.8167202572347267,0.14514285714285713,	0.75,0.11042944785276074,
392,	0.8032786885245902,0.042,	0.8979591836734694,0.26993865030674846,
265,	0.8141280353200883,0.5268571428571428,	0.7881873727087576,0.8147368421052632,
274,	0.8202443280977313,0.13428571428571429,	0.7037037037037037,0.1165644171779141,
464,	0.743801652892562,0.025714285714285714,	1.0,0.016129032258064516,
343,	0.8023064250411862,0.13914285714285715,	0.6538461538461539,0.10429447852760736,
359,	0.8081343943412909,0.5222857142857142,	0.7827868852459017,0.6377295492487479,
33,265,	0.7548784662786717,0.63,
274,64,	0.016,0.0034285714285714284,	0.03125,0.012269938650306749,
270,44,	0.6668932698844323,0.8408571428571429,
44,8,	0.8146718146718147,0.12057142857142857,	0.7570093457943925,0.12695924764890282,
380,301,	0.5714285714285714,0.0034285714285714284,
33,380,	0.4877020379479972,0.1982857142857143,
270,359,	0.7554030874785592,0.6291428571428571,
359,245,	0.7868852459016393,0.027428571428571427,	0.7692307692307693,0.0333889816360601,
33,434,	0.6101694915254238,0.010285714285714285,
45,343,	0.569620253164557,0.18,
282,343,	0.5702702702702702,0.18085714285714286,
33,274,	0.573905109489051,0.17971428571428572,
33,343,	0.5652951699463328,0.18057142857142858,
33,359,	0.7541995200548509,0.6285714285714286,
274,301,	0.6363636363636364,0.002,
44,245,	0.7741935483870968,0.027428571428571427,	0.7692307692307693,0.03134796238244514,
343,301,	0.6,0.0017142857142857142,
270,265,	0.7554869684499315,0.6294285714285714,
270,274,	0.6046287367405979,0.17914285714285713,
45,274,	0.578656853725851,0.17971428571428572,
380,64,	0.014018691588785047,0.0034285714285714284,	0.01818181818181818,0.006134969325153374,
270,380,	0.5109931766489765,0.19257142857142856,
33,44,	0.6540168664003551,0.842,
44,301,	0.5,0.004571428571428572,
359,8,	0.818,0.11685714285714285,	0.7676767676767676,0.12687813021702837,
270,392,	0.4,0.001142857142857143,
45,44,	0.492371705963939,0.20285714285714285,
265,8,	0.8092592592592592,0.12485714285714286,	0.76,0.16,
282,380,	0.4907010014306152,0.196,
33,392,	0.4,0.001142857142857143,
343,64,	0.017412935323383085,0.004,	0.03389830508474576,0.012269938650306749,
45,380,	0.4945770065075922,0.19542857142857142,
282,274,	0.5782250686184812,0.18057142857142858,
282,44,	0.4955017301038062,0.20457142857142857,
270,343,	0.5962085308056873,0.17971428571428572,
265,245,	0.8,0.027428571428571427,	0.7692307692307693,0.042105263157894736,
44,3,240,	0.07242271215666954,0.336,	0.15632754342431762,0.0987460815047022,
44,443,206,	0.06742323097463285,0.028857142857142856,	0.0658682634730539,0.017241379310344827,
380,281,44,	0.4427832087406556,0.22,	1.0,0.3496932515337423,
44,202,439,	0.16930835734870317,0.20142857142857143,	0.5067873303167421,0.1755485893416928,
44,7,49,	0.8157894736842105,0.008857142857142857,	0.6666666666666666,0.009404388714733543,
44,143,44,	0.44232987312572086,0.21914285714285714,	1.0,0.08934169278996865,
44,381,144,	0.6516961299569995,0.38971428571428574,	0.5934959349593496,0.11442006269592477,
44,281,380,	0.432112676056338,0.21914285714285714,	0.75,0.02821316614420063,
44,188,425,	0.0392156862745098,0.0074285714285714285,	0.06521739130434782,0.004702194357366771,
44,122,359,	0.29619686800894857,0.3782857142857143,	0.39117043121149897,0.5971786833855799,
44,351,339,	0.6989247311827957,0.037142857142857144,
44,301,64,	0.10204081632653061,0.005714285714285714,	0.07692307692307693,0.003134796238244514,
44,363,144,	0.767097966728281,0.23714285714285716,	0.7272727272727273,0.025078369905956112,
44,363,126,	0.7564575645756457,0.2342857142857143,	0.7142857142857143,0.023510971786833857,
44,28,359,	0.3170022371364653,0.40485714285714286,
44,351,114,	0.043478260869565216,0.0017142857142857142,
270,33,44,	0.6777510391599213,0.8851428571428571,
44,7,244,	0.13227513227513227,0.007142857142857143,	0.10869565217391304,0.007836990595611285,
44,381,126,	0.7562326869806094,0.234,	0.6,0.032915360501567396,
44,64,301,	0.19993932038834952,0.18828571428571428,	0.2154696132596685,0.12225705329153605,
44,28,265,	0.33086917562724016,0.422,
380,143,380,	0.43250843644544434,0.21971428571428572,	0.75,0.11042944785276074,
44,122,265,	0.31227598566308246,0.3982857142857143,	0.395112016293279,0.6081504702194357,
44,266,29,	0.6296610169491526,0.21228571428571427,	0.71875,0.18025078369905956,
44,281,44,	0.23726027397260274,0.4948571428571429,	0.14186248912097477,0.2554858934169279,
44,389,152,	0.01867816091954023,0.0037142857142857142,
33,270,44,	0.6710668686431508,0.886,
44,4,241,	0.0125,0.0074285714285714285,	0.013513513513513514,0.001567398119122257,
44,102,339,	0.5262321144674086,0.18914285714285714,
44,207,444,	0.014388489208633094,0.002285714285714286,
44,143,380,	0.43250843644544434,0.21971428571428572,	0.75,0.02821316614420063,
44,286,49,	0.56375,0.38657142857142857,	0.5801749271137027,0.31191222570532917,
44,80,317,	0.016522988505747127,0.006571428571428572,	0.06666666666666667,0.004702194357366771,
44,106,343,	0.5115931189229619,0.19542857142857142,	0.6538461538461539,0.02664576802507837,
