449,366,	0.40523314324052334,0.5671361502347417,	0.44455445544554456,0.3323464100666173,
95,402,	0.34261671007814065,0.8028169014084507,	0.340627973358706,0.7949666913397483,
189,25,	0.31786542923433875,0.25727699530516435,	0.32021466905187834,0.26498889711324947,
189,94,	0.3211125158027813,0.7154929577464789,	0.3255347593582888,0.7209474463360473,
189,331,	0.32426864441697567,0.7389671361502348,	0.3288787483702738,0.7468541820873427,
189,262,	0.2953795379537954,0.252112676056338,	0.29121338912133893,0.25758697261287933,
189,171,	0.9230769230769231,0.011267605633802818,	1.0,0.008882309400444115,
189,461,	0.2939550949913644,0.3995305164319249,	0.301728945900725,0.40044411547002223,
291,402,	0.3313741386299149,0.7676056338028169,	0.3722794959908362,0.4811250925240563,
291,366,	0.25513196480938416,0.8577464788732394,	0.291471048513302,0.5514433752775721,
95,220,	0.25236486486486487,0.7014084507042253,	0.24945348554772892,0.7601776461880089,
189,224,	0.28999663186258,0.4042253521126761,	0.2966973470492691,0.40562546262028126,
449,402,	0.35338528981977596,0.6812206572769953,	0.3872031662269129,0.43449296817172467,
189,230,	0.4722222222222222,0.007981220657276996,	0.5625,0.006661732050333087,
189,318,	1.0,0.004694835680751174,	1.0,0.0051813471502590676,
95,366,	0.2509865824782952,0.895774647887324,	0.26229508196721313,0.9356032568467801,
291,220,	0.3236363636363636,0.5849765258215962,	0.44508118433619864,0.3449296817172465,
189,162,	0.12903225806451613,0.005633802816901409,	0.10344827586206896,0.0044411547002220575,
449,220,	0.34831915755366544,0.40375586854460094,	0.3847102342786683,0.230940044411547,
189,375,	0.019138755980861243,0.005633802816901409,	0.01804123711340206,0.0051813471502590676,
189,94,375,	0.11618257261410789,0.07887323943661972,	0.11661166116611661,0.07846039970392302,
189,297,150,	0.8192090395480226,0.06807511737089202,	0.8282828282828283,0.06069578090303479,
189,331,375,	0.1348314606741573,0.09014084507042254,	0.13935340022296544,0.0925240562546262,
189,399,162,	1.0,0.45258215962441317,	1.0,0.4515173945225759,
189,295,346,	0.07979734008866371,0.17746478873239438,	0.07010014306151645,0.03626943005181347,
189,151,388,	0.1661772151898734,0.7704225352112676,	0.14257425742574256,0.42635085122131755,
95,332,189,	0.2007814848211602,0.9408450704225352,	0.22246184472461844,0.9925980754996299,
189,299,257,	0.15743440233236153,0.6591549295774648,	0.1608786610878661,0.5692079940784603,
189,295,42,	0.28465575794998454,0.4328638497652582,	0.5641025641025641,0.14655810510732792,
189,255,18,	1.0,0.04460093896713615,	1.0,0.046632124352331605,
189,331,230,	0.7637795275590551,0.045539906103286384,	0.7530864197530864,0.04515173945225759,
189,420,150,	0.5145385587863464,0.19107981220657277,	0.5128712871287129,0.19170984455958548,
189,295,58,	0.09531703273932864,0.431924882629108,	0.19011882426516574,0.45003700962250187,
189,317,80,	0.31229012760241776,0.43661971830985913,	0.30097087378640774,0.4359733530717987,
291,220,331,	0.23385195662423386,0.6985915492957746,	0.2976694915254237,0.41598815692079943,
189,20,257,	0.18973581089622046,0.7046948356807512,	0.19465468306527908,0.609178386380459,
95,402,94,	0.22523229943724643,0.807981220657277,	0.22400658842907145,0.8053293856402665,
189,57,294,	0.16359000509943905,0.7530516431924883,
189,472,58,	0.39373923032739805,0.643661971830986,	0.8695652173913043,0.014803849000740192,
189,199,436,	0.1882591093117409,0.7859154929577464,
291,332,189,	0.17454204829308909,0.7873239436619718,	0.24210215529967524,0.6069578090303479,
189,443,206,	0.015856375311230506,0.0568075117370892,	0.015802269043760128,0.05773501110288675,
189,81,318,	0.6593148756452369,0.6596244131455399,	0.6573116691285081,0.6587712805329385,
291,366,94,	0.20617542133103703,0.7868544600938967,	0.24520101412531692,0.5011102886750555,
291,220,375,	0.03695652173913044,0.01596244131455399,	0.04477611940298507,0.008882309400444115,
189,129,402,	0.12965123816932453,0.4694835680751174,	0.1274787535410765,0.46632124352331605,
95,366,94,	0.20180241843486196,0.8305164319248827,	0.20105448154657293,0.846780162842339,
189,457,366,	0.1669127145229747,0.8492957746478873,	0.16434064369125606,0.8541820873427091,
189,20,62,	0.19927536231884058,0.7230046948356808,	0.20365535248041775,0.6350851221317543,
95,54,189,	0.18887775551102204,0.8849765258215962,	0.21447239464227377,0.9718726868985936,
449,212,189,	0.15856454941527173,0.6492957746478873,	0.21354484441732763,0.5181347150259067,
189,297,60,	1.0,0.10234741784037558,	1.0,0.07772020725388601,
189,260,183,	0.04212637913741224,0.01971830985915493,	0.0432,0.01998519615099926,
189,237,0,	1.0,0.016901408450704224,	1.0,0.017024426350851222,
189,387,183,	0.02414113277623027,0.34178403755868547,	0.023047375160051217,0.33308660251665434,
189,131,368,	0.015204575450945886,0.4056338028169014,	0.04108108108108108,0.028127313101406367,
189,295,235,	0.03433649767723692,0.1596244131455399,	0.02610966057441253,0.014803849000740192,
189,426,189,	0.08664199192462987,0.4835680751173709,	0.08814549316341432,0.4914877868245744,
95,220,331,	0.2107463420631993,0.8046948356807512,	0.20827312138728324,0.8534418948926721,
189,331,331,	0.21851809567302202,0.8985915492957747,	0.2169692611900054,0.8934122871946706,
189,375,399,	0.13962264150943396,0.01737089201877934,	0.16541353383458646,0.01628423390081421,
189,165,402,	0.12916559028674762,0.4694835680751174,	0.1283811061768268,0.4707623982235381,
95,220,94,	0.21014583073663218,0.7915492957746478,	0.2044330463454845,0.8260547742413027,
189,34,269,	0.19992935358530556,0.7971830985915493,
189,162,399,	0.179147465437788,0.7300469483568075,	0.1734657680028379,0.7239082161361954,
189,32,269,	0.19992935358530556,0.7971830985915493,
95,366,171,	0.3103448275862069,0.03380281690140845,	0.34507042253521125,0.03626943005181347,
189,162,94,	0.31645569620253167,0.023474178403755867,	0.3472222222222222,0.018504811250925242,
189,187,424,	0.12944228274967576,0.7028169014084507,	0.12649640861931366,0.7039230199851961,
189,49,286,	0.9699604743083003,0.576056338028169,	0.9985935302390999,0.5255366395262768,
95,366,318,	0.23076923076923078,0.004225352112676056,	0.2916666666666667,0.0051813471502590676,
189,420,60,	0.010577705451586655,0.006103286384976526,
95,402,162,	0.21019108280254778,0.015492957746478873,	0.19801980198019803,0.014803849000740192,
95,402,375,	0.06291706387035272,0.030985915492957747,	0.05504587155963303,0.026646928201332347,
189,94,230,	0.6183206106870229,0.038028169014084505,	0.6265060240963856,0.0384900074019245,
189,472,235,	0.2830336200156372,0.1699530516431925,	0.5,0.017024426350851222,
449,332,189,	0.204711802378774,0.8403755868544601,	0.2521193092621664,0.5943745373797187,
189,138,375,	0.0639138374389744,0.8051643192488263,	0.060730799594000226,0.7971872686898593,
189,165,366,	0.1200654902674186,0.6197183098591549,	0.11829630677798217,0.61880088823094,
189,94,94,	0.21304849884526558,0.8661971830985915,	0.21140573919360697,0.8615840118430792,
291,402,162,	0.2345679012345679,0.01784037558685446,	0.25,0.010362694300518135,
291,54,189,	0.1596559320255953,0.7145539906103286,	0.19379170293008413,0.4944485566247224,
189,378,141,	0.16666666666666666,0.022065727699530517,	0.16666666666666666,0.023686158401184307,
449,63,254,	0.24707470747074708,0.7732394366197183,
95,402,331,	0.22635005744925316,0.8323943661971831,	0.22564412238325282,0.8297557364914878,
189,134,371,	0.49169435215946844,0.06948356807511737,	1.0,0.023686158401184307,
189,162,138,	0.026618705035971222,0.01737089201877934,	0.02875816993464052,0.01628423390081421,
189,17,254,	0.2251238783982858,0.7892018779342723,
189,467,375,	0.1079627891098404,0.5938967136150235,	0.10394449441089554,0.5988156920799408,
189,1,238,	0.047619047619047616,0.005164319248826291,
189,77,314,	0.12375632745679874,0.33286384976525824,	0.11168060426220663,0.306439674315322,
189,457,220,	0.15137522585826138,0.707981220657277,	0.14981447124304267,0.7172464840858623,
189,399,375,	0.5888480392156863,0.45117370892018777,	0.5927734375,0.44929681717246484,
189,467,94,	0.01585651156745516,0.05727699530516432,	0.015095079396196824,0.05699481865284974,
189,299,62,	0.19494505494505496,0.8328638497652582,	0.1951887345980833,0.7387120651369357,
189,467,230,	1.0,0.6572769953051644,	1.0,0.6609918578830496,
291,63,254,	0.24122137404580152,0.815962441314554,
189,457,402,	0.2011323806956053,0.7004694835680751,	0.1978530835613555,0.695780903034789,
189,331,94,	0.21994763151630564,0.8676056338028169,	0.21841019872515935,0.8623242042931162,
95,63,254,	0.249229945091737,0.8737089201877934,
189,171,408,	0.05084745762711865,0.01267605633802817,	0.05652173913043478,0.009622501850481125,
189,32,271,	0.1849780701754386,0.792018779342723,
189,138,94,	0.018381140784701617,0.10469483568075118,	0.01788375558867362,0.10658771280532939,
189,279,58,	0.14717812029203847,0.596244131455399,	0.3221614227086183,0.6972612879348631,
189,34,271,	0.1849780701754386,0.792018779342723,
189,409,172,	0.03121896454941923,0.33943661971830985,	0.030697364030697363,0.3404885270170244,
95,366,331,	0.20070538961754655,0.8549295774647887,	0.20084889643463497,0.8756476683937824,
189,47,269,	0.7181208053691275,0.10046948356807511,
189,297,183,	0.23529411764705882,0.009389671361502348,	0.24242424242424243,0.005921539600296077,
189,375,138,	0.12535707168006377,0.8859154929577465,	0.1228809205794719,0.8852701702442635,
189,446,209,	0.200103591160221,0.544131455399061,	0.20877817319098457,0.5210954848260547,
291,220,94,	0.23373688458434222,0.67981220657277,	0.2959128065395095,0.40192450037009625,
189,244,7,	1.0,0.009389671361502348,	1.0,0.009622501850481125,
189,94,331,	0.21835443037974683,0.9070422535211268,	0.21617777777777777,0.9000740192450037,
95,366,375,	0.031678082191780824,0.01737089201877934,	0.030343007915567283,0.017024426350851222,
189,466,229,	0.12140992167101827,0.8732394366197183,	0.12283646281338509,0.8667653589933383,
189,399,331,	0.026876590330788805,0.07934272300469483,	0.026258732835461335,0.08068097705403404,
291,366,331,	0.20746340292776577,0.8117370892018779,	0.24805928016937193,0.5203552923760177,
189,109,58,	0.33089450082605615,0.6582159624413145,	0.32067202337472606,0.6498889711324944,
189,445,208,	0.21678321678321677,0.7131455399061033,	0.2112087912087912,0.7113249444855663,
291,366,375,	0.031073446327683617,0.015492957746478873,	0.03380281690140845,0.008882309400444115,
189,96,333,	0.12868217054263567,0.7403755868544601,
189,108,345,	0.06187000347584289,0.6685446009389672,
189,120,357,	0.46551724137931033,0.01267605633802817,	0.4722222222222222,0.012583271650629163,
95,220,375,	0.036619718309859155,0.018309859154929577,	0.037037037037037035,0.01998519615099926,
291,402,331,	0.22279025965289923,0.7774647887323943,	0.25878717651602934,0.49592894152479644,
189,138,230,	0.9038854805725971,0.6225352112676056,	0.9058823529411765,0.6269430051813472,
189,138,150,	0.7,0.009859154929577466,	0.7647058823529411,0.009622501850481125,
291,402,94,	0.21994815118024288,0.7568075117370892,	0.25511006289308175,0.48038490007401924,
189,387,375,	0.5675675675675675,0.009859154929577466,	0.5,0.009622501850481125,
189,420,23,	0.23863636363636365,0.01971830985915493,	0.24324324324324326,0.01998519615099926,
189,138,331,	0.017671345995045416,0.10046948356807511,	0.016679113766492407,0.09918578830495929,
95,366,230,	0.4411764705882353,0.02112676056338028,	0.4626865671641791,0.0229459659511473,
189,129,220,	0.1778783308195073,0.8305164319248827,	0.17316017316017315,0.8290155440414507,
189,331,162,	0.4199395770392749,0.06525821596244132,	0.44549763033175355,0.0695780903034789,
189,399,94,	0.027627035027133696,0.07887323943661972,	0.027867628763373974,0.08290155440414508,
95,212,189,	0.19811023622047244,0.8859154929577465,	0.21775970174546688,0.9511472982975574,
291,212,189,	0.16009852216748768,0.7018779342723005,	0.2129091465279902,0.5151739452257587,
189,94,162,	0.40129449838187703,0.05821596244131456,	0.4153846153846154,0.05995558845299778,
189,47,271,	0.7125,0.10704225352112676,
189,78,315,	0.25045537340619306,0.25821596244131456,	0.2534001431639227,0.26202812731310143,
189,260,23,	0.39954853273137697,0.16619718309859155,	0.39019189765458423,0.13545521835677277,
189,461,224,	0.13077487166951846,0.2511737089201878,	0.14086193136472466,0.2612879348630644,
95,402,230,	0.525,0.029577464788732393,	0.5205479452054794,0.028127313101406367,
449,54,189,	0.15842606401284845,0.6483568075117371,	0.2169898430286242,0.5218356772760918,
189,387,150,	0.36472184531886026,0.6309859154929578,	0.35,0.6062176165803109,
189,129,366,	0.10664832645575424,0.5460093896713615,	0.1030233557816306,0.5321983715766099,
189,467,331,	0.013980480084410446,0.04976525821596244,	0.013532338308457712,0.050333086602516654,
189,375,94,	0.11774193548387096,0.03427230046948357,	0.11827956989247312,0.03256846780162842,
189,375,331,	0.15703971119133575,0.04084507042253521,	0.15337423312883436,0.037009622501850484,
291,402,375,	0.06787762906309751,0.03333333333333333,	0.07142857142857142,0.018504811250925242,
95,366,231,	0.6,0.004225352112676056,	0.5714285714285714,0.0029607698001480384,
189,276,39,	0.22885826101752596,0.6314553990610329,	0.23372378098610733,0.6350851221317543,
189,138,162,	0.24359989443124835,0.43333333333333335,	0.24253731343283583,0.43301258327165065,
189,421,184,	0.18601583113456466,0.2647887323943662,	0.20246734397677793,0.20651369356032567,
189,230,467,	0.017947537965945698,0.018309859154929577,	0.014084507042253521,0.012583271650629163,
189,468,231,	0.3091660405709992,0.3863849765258216,	0.32028753993610226,0.29681717246484085,
95,366,162,	0.25287356321839083,0.020657276995305163,	0.2743362831858407,0.0229459659511473,
189,165,220,	0.1749171603574656,0.8178403755868544,	0.17081081081081081,0.8186528497409327,
189,420,183,	0.21022039234681522,0.40751173708920185,	0.2039550213260954,0.3893412287194671,
189,162,331,	0.36538461538461536,0.02676056338028169,	0.4225352112676056,0.02220577350111029,
