37,	0.8202443280977313,0.7742998352553542,	0.7391304347826086,0.7555555555555555,
143,	0.594855305466238,0.6095551894563427,	0.5714285714285714,0.6956521739130435,
281,	0.13914285714285715,0.8023064250411862,	0.16831683168316833,0.3695652173913043,
64,37,	0.8181818181818182,0.014827018121911038,	1.0,0.022222222222222223,
64,106,	0.8,0.013179571663920923,	1.0,0.011111111111111112,
64,143,	0.42857142857142855,0.014827018121911038,
64,281,	0.53125,0.02800658978583196,	1.0,0.021739130434782608,
443,270,	0.6896551724137931,0.032948929159802305,
37,33,	0.5660559305689489,0.9670510708401977,	0.7708333333333334,0.4111111111111111,
37,45,	0.5379688929551693,0.9686985172981878,	0.7708333333333334,0.4111111111111111,
37,270,	0.5364963503649635,0.9686985172981878,
37,282,	0.5409383624655014,0.9686985172981878,
443,33,	0.6538461538461539,0.02800658978583196,	0.6666666666666666,0.022222222222222223,
106,33,	0.5563981042654028,0.9670510708401977,	0.6956521739130435,0.35555555555555557,
106,45,	0.5297297297297298,0.9686985172981878,	0.6956521739130435,0.35555555555555557,
106,270,	0.5277280858676208,0.9719934102141681,
106,282,	0.5316455696202531,0.9686985172981878,
286,281,	0.25,0.0016474464579901153,
143,33,	0.41925701288855194,0.9110378912685337,	0.5892857142857143,0.36666666666666664,
143,45,	0.40486409155937053,0.9324546952224053,	0.5892857142857143,0.36666666666666664,
143,270,	0.4033731553056922,0.9456342668863262,
143,282,	0.4092552422270427,0.9324546952224053,
286,143,	0.25,0.0016474464579901153,
443,45,	0.6,0.02471169686985173,	0.6666666666666666,0.022222222222222223,
443,282,	0.6923076923076923,0.029654036243822075,
281,33,	0.13460231135282122,0.9785831960461285,	0.5535714285714286,0.34444444444444444,
281,45,	0.4124567474048443,0.9818780889621087,	0.8333333333333334,0.2222222222222222,
281,270,	0.13204616067465602,0.9802306425041186,
281,282,	0.41262135922330095,0.9802306425041186,
143,270,270,	0.3832908163265306,0.9901153212520593,
37,343,281,	0.3338473400154202,0.71334431630972,	0.7083333333333334,0.7391304347826086,
37,282,45,	0.5216262975778547,0.9934102141680395,
281,45,282,	0.38917525773195877,0.9950576606260296,
102,339,106,	0.7511210762331838,0.5518945634266886,
286,143,33,	0.15625,0.008237232289950576,
143,33,45,	0.38866930171277997,0.9719934102141681,
64,106,45,	0.5555555555555556,0.016474464579901153,
64,281,45,	0.4492753623188406,0.051070840197693576,	1.0,0.011111111111111112,
266,29,106,	0.7380952380952381,0.4596375617792422,	0.8333333333333334,0.5,
266,29,281,	0.2364406779661017,0.4596375617792422,	0.3055555555555556,0.4782608695652174,
102,339,37,	0.8028846153846154,0.5502471169686985,
64,375,143,	0.09090909090909091,0.0016474464579901153,
281,270,33,	0.13191861737037847,0.9934102141680395,
106,282,270,	0.5088309503784693,0.9967051070840197,
143,343,37,	0.2404881550610194,0.5518945634266886,	0.5803571428571429,0.7222222222222222,
64,301,37,	0.28388746803069054,0.5485996705107083,	0.28804347826086957,0.5888888888888889,
37,44,143,	0.2536622976098689,0.5420098846787479,	0.7083333333333334,0.7391304347826086,
281,45,33,	0.41020408163265304,0.9934102141680395,
106,343,143,	0.2744951383694839,0.6046128500823723,	1.0,1.0,
106,343,281,	0.23485415108451757,0.5172981878088962,	1.0,1.0,
106,44,281,	0.16131441374159822,0.35584843492586493,	1.0,1.0,
37,380,281,	0.361603700848111,0.7726523887973641,	0.7083333333333334,0.7391304347826086,
37,33,282,	0.5212121212121212,0.9917627677100495,
266,29,37,	0.792022792022792,0.45799011532125206,	0.8333333333333334,0.5,
106,33,45,	0.5088309503784693,0.9967051070840197,
202,439,106,	0.6488888888888888,0.48105436573311366,	0.75,0.5,
281,44,37,	0.2352092352092352,0.5370675453047776,	0.5625,0.7,
286,49,143,	0.305591677503251,0.3871499176276771,	0.27450980392156865,0.30434782608695654,
143,44,37,	0.22277227722772278,0.5189456342668863,	0.5803571428571429,0.7222222222222222,
106,343,106,	0.2726457399103139,0.500823723228995,	0.8478260869565217,0.8666666666666667,
106,270,45,	0.5092592592592593,0.9967051070840197,
106,44,37,	0.351123595505618,0.6177924217462932,	0.8478260869565217,0.8666666666666667,
281,44,106,	0.1846571622539036,0.44810543657331137,	0.5625,0.7,
37,270,282,	0.5211754537597234,0.9934102141680395,
143,270,33,	0.40160642570281124,0.9884678747940692,
143,45,270,	0.38368387507966856,0.9917627677100495,
443,206,281,	0.028037383177570093,0.06919275123558484,	0.012195121951219513,0.021739130434782608,
188,425,106,	0.043478260869565216,0.0214168039538715,	0.043478260869565216,0.011111111111111112,
37,380,106,	0.3448589626933576,0.6243822075782537,	0.7395833333333334,0.7888888888888889,
106,44,143,	0.24122479462285287,0.5321252059308073,	1.0,1.0,
381,144,143,	0.5009746588693957,0.4233937397034596,	0.6071428571428571,0.3695652173913043,
286,143,45,	0.15,0.009884678747940691,
281,380,281,	0.24798154555940022,0.7084019769357496,	0.7083333333333334,0.3695652173913043,
37,282,270,	0.5211754537597234,0.9934102141680395,
37,45,33,	0.5492700729927007,0.9917627677100495,
64,281,33,	0.5161290322580645,0.05271828665568369,	0.75,0.03333333333333333,
286,281,45,	0.15,0.009884678747940691,
378,141,106,	0.5657894736842105,0.07084019769357495,	0.4166666666666667,0.05555555555555555,
443,343,106,	0.6875,0.054365733113673806,	0.5,0.03333333333333333,
64,281,282,	0.48484848484848486,0.05271828665568369,
281,343,106,	0.22482758620689655,0.5370675453047776,	0.7708333333333334,0.4111111111111111,
37,33,33,	0.5478577939835916,0.9901153212520593,
106,282,33,	0.5359361135758651,0.9950576606260296,
37,44,37,	0.3861003861003861,0.6589785831960461,	0.7395833333333334,0.7888888888888889,
64,301,281,	0.1016383495145631,0.5518945634266886,	0.07102272727272728,0.5434782608695652,
64,143,33,	0.5,0.04942339373970346,
266,29,143,	0.5419103313840156,0.45799011532125206,	0.8148148148148148,0.4782608695652174,
143,45,33,	0.40227576974564927,0.9901153212520593,
143,282,33,	0.4020066889632107,0.9901153212520593,
281,343,143,	0.20679723502304148,0.5914332784184514,	0.7083333333333334,0.3695652173913043,
64,143,282,	0.484375,0.051070840197693576,
102,339,143,	0.5427631578947368,0.5436573311367381,
106,45,282,	0.5067001675041876,0.9967051070840197,
143,44,143,	0.17173423423423423,0.5024711696869851,	0.5714285714285714,0.6956521739130435,
301,64,37,	0.16363636363636364,0.014827018121911038,	0.1,0.011111111111111112,
286,49,106,	0.46064516129032257,0.5881383855024712,	0.39603960396039606,0.4444444444444444,
286,281,282,	0.13636363636363635,0.009884678747940691,
443,206,106,	0.17647058823529413,0.07413509060955518,	0.19230769230769232,0.05555555555555555,
37,44,106,	0.37363636363636366,0.6771004942339374,	0.7395833333333334,0.7888888888888889,
143,380,37,	0.22692036645525018,0.5304777594728172,	0.5803571428571429,0.7222222222222222,
37,44,281,	0.2569230769230769,0.5502471169686985,	0.7083333333333334,0.7391304347826086,
143,380,106,	0.23920265780730898,0.5930807248764415,	0.5803571428571429,0.7222222222222222,
37,380,143,	0.26080246913580246,0.556836902800659,	0.7083333333333334,0.7391304347826086,
106,45,33,	0.5359361135758651,0.9950576606260296,
64,143,45,	0.44776119402985076,0.04942339373970346,
281,282,45,	0.38892466194462333,0.9950576606260296,
286,143,270,	0.1590909090909091,0.011532125205930808,
143,282,270,	0.38295165394402036,0.9917627677100495,
37,45,282,	0.5198275862068965,0.9934102141680395,
281,33,45,	0.3968462549277267,0.9950576606260296,
64,301,143,	0.21815806662312215,0.5502471169686985,	0.2808988764044944,0.5434782608695652,
106,380,281,	0.3690119760479042,0.8121911037891268,	1.0,1.0,
106,45,270,	0.5088309503784693,0.9967051070840197,
381,144,37,	0.6128318584070797,0.45634266886326197,	0.603448275862069,0.3888888888888889,
37,282,33,	0.5492700729927007,0.9917627677100495,
37,270,33,	0.5492700729927007,0.9917627677100495,
37,45,45,	0.5202761000862812,0.9934102141680395,
281,270,45,	0.3894261766602192,0.9950576606260296,
3,240,281,	0.021246458923512748,0.5683690280065898,	0.012923076923076923,0.45652173913043476,
106,380,37,	0.3408239700374532,0.5996705107084019,	0.8478260869565217,0.8666666666666667,
37,343,37,	0.4009756097560976,0.6771004942339374,	0.7395833333333334,0.7888888888888889,
202,439,37,	0.6928571428571428,0.4794069192751236,	0.75,0.5,
102,339,281,	0.26629570747217807,0.5518945634266886,
106,343,37,	0.36129647283126787,0.6243822075782537,	0.8478260869565217,0.8666666666666667,
281,343,281,	0.19195402298850575,0.5502471169686985,	0.7083333333333334,0.3695652173913043,
64,281,270,	0.4583333333333333,0.054365733113673806,
64,375,281,	0.09090909090909091,0.0016474464579901153,
143,380,281,	0.20528683914510687,0.6013179571663921,	0.5714285714285714,0.6956521739130435,
106,270,33,	0.5359361135758651,0.9950576606260296,
106,33,282,	0.5088309503784693,0.9967051070840197,
202,439,143,	0.17636363636363636,0.4794069192751236,	0.7,0.45652173913043476,
143,270,45,	0.3825588796944621,0.9901153212520593,
281,44,281,	0.02863013698630137,0.3443163097199341,	0.028070175438596492,0.6956521739130435,
286,49,37,	0.3813443072702332,0.45799011532125206,	0.31,0.34444444444444444,
281,282,270,	0.38892466194462333,0.9950576606260296,
106,380,106,	0.39361702127659576,0.7314662273476112,	0.8478260869565217,0.8666666666666667,
281,282,33,	0.4099252209381373,0.9934102141680395,
64,301,106,	0.2793994995829858,0.5518945634266886,	0.29120879120879123,0.5888888888888889,
106,206,106,	0.7182389937106918,0.9406919275123559,	0.8478260869565217,0.8666666666666667,
106,45,45,	0.5071248952221291,0.9967051070840197,
37,343,106,	0.3697247706422018,0.6639209225700164,	0.7395833333333334,0.7888888888888889,
106,33,270,	0.5109797297297297,0.9967051070840197,
106,270,270,	0.5109797297297297,0.9967051070840197,
281,45,45,	0.38917525773195877,0.9950576606260296,
143,343,106,	0.2099932478055368,0.5123558484349259,	0.5803571428571429,0.7222222222222222,
381,144,106,	0.6143790849673203,0.4645799011532125,	0.660377358490566,0.3888888888888889,
37,270,45,	0.5216262975778547,0.9934102141680395,
37,343,143,	0.2580893682588598,0.5518945634266886,	0.7083333333333334,0.7391304347826086,
281,380,143,	0.2056451612903226,0.5881383855024712,	0.7083333333333334,0.3695652173913043,
37,45,270,	0.5211754537597234,0.9934102141680395,
281,343,37,	0.28329654157468726,0.6342668863261944,	0.7708333333333334,0.4111111111111111,
3,240,143,	0.05458584576324976,0.5667215815485996,	0.06885245901639345,0.45652173913043476,
301,64,281,	0.04591836734693878,0.014827018121911038,
143,282,45,	0.3831954169318905,0.9917627677100495,
143,343,143,	0.18345526167698367,0.5370675453047776,	0.5714285714285714,0.6956521739130435,
143,33,270,	0.38943894389438943,0.9719934102141681,
301,64,106,	0.2,0.016474464579901153,	0.2,0.011111111111111112,
143,270,282,	0.3825588796944621,0.9901153212520593,
143,33,33,	0.40095302927161336,0.9703459637561779,
443,206,37,	0.22404371584699453,0.06754530477759473,	0.25,0.044444444444444446,
286,143,282,	0.13636363636363635,0.009884678747940691,
281,33,282,	0.3968462549277267,0.9950576606260296,
281,270,270,	0.12986454525908406,0.9950576606260296,
106,270,282,	0.5088309503784693,0.9967051070840197,
37,282,282,	0.5211754537597234,0.9934102141680395,
37,33,270,	0.5225694444444444,0.9917627677100495,
286,49,281,	0.12041666666666667,0.47611202635914335,	0.05142857142857143,0.1956521739130435,
37,270,270,	0.5225303292894281,0.9934102141680395,
143,282,282,	0.38270820089001906,0.9917627677100495,
443,206,143,	0.1686746987951807,0.06919275123558484,	0.15384615384615385,0.043478260869565216,
143,380,143,	0.1856017997750281,0.5436573311367381,	0.5714285714285714,0.6956521739130435,
281,33,270,	0.13070763903916902,0.9950576606260296,
106,282,282,	0.5088309503784693,0.9967051070840197,
281,270,282,	0.3894261766602192,0.9950576606260296,
106,380,143,	0.2861423220973783,0.6293245469522241,	1.0,1.0,
281,33,33,	0.13232389730085584,0.9934102141680395,
3,240,106,	0.0764163372859025,0.5733113673805601,	0.07049180327868852,0.4777777777777778,
281,282,282,	0.38892466194462333,0.9950576606260296,
3,240,37,	0.07589089309282886,0.5683690280065898,	0.07049180327868852,0.4777777777777778,
143,45,45,	0.38246505717916135,0.9917627677100495,
281,380,37,	0.27371469949312094,0.6227347611202636,	0.7708333333333334,0.4111111111111111,
188,425,37,	0.039525691699604744,0.016474464579901153,
106,44,106,	0.28938053097345134,0.5387149917627677,	0.8478260869565217,0.8666666666666667,
202,439,281,	0.07012487992315082,0.48105436573311366,	0.04906542056074766,0.45652173913043476,
106,343,443,	0.5154639175257731,0.16474464579901152,	0.5,1.0,
106,282,45,	0.5092592592592593,0.9967051070840197,
143,33,282,	0.38866930171277997,0.9719934102141681,
381,144,281,	0.13186813186813187,0.4546952224052718,	0.18823529411764706,0.34782608695652173,
64,143,270,	0.4626865671641791,0.051070840197693576,
106,33,33,	0.5345132743362832,0.9950576606260296,
143,44,281,	0.14028169014084507,0.4102141680395387,	0.5714285714285714,0.6956521739130435,
37,380,37,	0.26990291262135924,0.45799011532125206,	0.7395833333333334,0.7888888888888889,
143,45,282,	0.38246505717916135,0.9917627677100495,
281,44,143,	0.1891891891891892,0.5420098846787479,	0.5714285714285714,0.6956521739130435,
143,343,281,	0.18549747048903878,0.5436573311367381,	0.5714285714285714,0.6956521739130435,
37,33,45,	0.5212121212121212,0.9917627677100495,
281,45,270,	0.3896774193548387,0.9950576606260296,
64,106,282,	0.5555555555555556,0.016474464579901153,
143,44,106,	0.1938707528314457,0.4794069192751236,	0.5803571428571429,0.7222222222222222,
301,64,143,	0.02962962962962963,0.006589785831960461,
281,380,106,	0.2976271186440678,0.7232289950576606,	0.7708333333333334,0.4111111111111111,
