80,	0.0463768115942029,0.08791208791208792,	0.0463768115942029,0.08791208791208792,
375,	0.01980388386848683,0.5659340659340659,	0.01980388386848683,0.5659340659340659,
416,375,	0.06379310344827586,0.4065934065934066,	0.06379310344827586,0.4065934065934066,
375,375,	0.02010522360015032,0.5879120879120879,	0.02010522360015032,0.5879120879120879,
191,101,	1.0,0.4945054945054945,	1.0,0.4945054945054945,
325,42,	0.03021978021978022,0.06043956043956044,	0.05847953216374269,0.054945054945054944,
7,171,	0.09691629955947137,0.12087912087912088,	0.09734513274336283,0.12087912087912088,
7,230,	0.11720226843100189,0.34065934065934067,	0.11720226843100189,0.34065934065934067,
191,375,	0.06620808254514188,0.4230769230769231,	0.06620808254514188,0.4230769230769231,
401,101,	1.0,0.005494505494505495,	1.0,0.005494505494505495,
7,375,	0.04649721016738995,0.41208791208791207,	0.04655493482309125,0.41208791208791207,
164,101,	0.12,0.016483516483516484,	0.12,0.016483516483516484,
223,150,	0.10272277227722772,0.45604395604395603,	0.10272277227722772,0.45604395604395603,
375,171,	0.061569688768606225,0.5,	0.061569688768606225,0.5,
268,101,	0.16,0.02197802197802198,	0.16,0.02197802197802198,
428,375,	0.06620808254514188,0.4230769230769231,	0.06620808254514188,0.4230769230769231,
428,101,	1.0,0.4945054945054945,	1.0,0.4945054945054945,
375,230,	0.07195696032279758,0.5879120879120879,	0.07195696032279758,0.5879120879120879,
424,101,	1.0,0.01098901098901099,	1.0,0.01098901098901099,
27,101,	0.14285714285714285,0.01098901098901099,	0.14285714285714285,0.01098901098901099,
179,101,	1.0,0.4945054945054945,	1.0,0.4945054945054945,
187,101,	0.15254237288135594,0.04945054945054945,	0.15254237288135594,0.04945054945054945,
207,230,	0.20727272727272728,0.6263736263736264,	0.20765027322404372,0.6263736263736264,
179,375,	0.06379310344827586,0.4065934065934066,	0.06379310344827586,0.4065934065934066,
349,101,	0.08108108108108109,0.016483516483516484,	0.08108108108108109,0.016483516483516484,
31,101,	0.12903225806451613,0.02197802197802198,	0.12903225806451613,0.02197802197802198,
112,101,	0.12121212121212122,0.02197802197802198,	0.12121212121212122,0.02197802197802198,
264,101,	0.45454545454545453,0.027472527472527472,	0.45454545454545453,0.027472527472527472,
416,101,	1.0,0.4945054945054945,	1.0,0.4945054945054945,
207,171,	0.19848771266540643,0.5769230769230769,	0.19886363636363635,0.5769230769230769,
146,383,101,	0.17543859649122806,0.10989010989010989,	0.17543859649122806,0.10989010989010989,
191,428,101,	1.0,0.4945054945054945,	1.0,0.4945054945054945,
43,316,101,	0.15562913907284767,0.5164835164835165,
349,31,101,	0.034482758620689655,0.02197802197802198,	0.034482758620689655,0.02197802197802198,
196,433,101,	0.28895184135977336,0.5604395604395604,
124,361,101,	0.29793510324483774,0.554945054945055,
137,374,101,	0.816,0.5604395604395604,	0.816,0.5604395604395604,
201,438,101,	0.1024390243902439,0.11538461538461539,
416,179,101,	1.0,0.4945054945054945,	1.0,0.4945054945054945,
43,280,101,	0.31125827814569534,0.5164835164835165,
118,316,101,	0.30277777777777776,0.5989010989010989,
55,292,101,	0.21940928270042195,0.5714285714285714,	0.21712538226299694,0.3901098901098901,
428,191,101,	1.0,0.4945054945054945,	1.0,0.4945054945054945,
301,64,101,	0.20809248554913296,0.1978021978021978,	0.20809248554913296,0.1978021978021978,
118,355,101,	0.6055555555555555,0.5989010989010989,
112,349,101,	0.02824858757062147,0.027472527472527472,	0.02824858757062147,0.027472527472527472,
111,173,101,	0.06666666666666667,0.027472527472527472,	0.06666666666666667,0.027472527472527472,
79,316,101,	0.2918781725888325,0.6318681318681318,
375,244,101,	0.19302949061662197,0.3956043956043956,	0.19302949061662197,0.3956043956043956,
43,355,101,	0.31125827814569534,0.5164835164835165,
428,179,101,	1.0,0.36813186813186816,	1.0,0.36813186813186816,
148,385,101,	0.10820895522388059,0.15934065934065933,	0.10820895522388059,0.15934065934065933,
7,244,101,	0.2069672131147541,0.554945054945055,	0.20739219712525667,0.554945054945055,
179,416,101,	1.0,0.4945054945054945,	1.0,0.4945054945054945,
191,179,101,	1.0,0.36813186813186816,	1.0,0.36813186813186816,
191,416,101,	1.0,0.36813186813186816,	1.0,0.36813186813186816,
31,268,101,	0.1,0.038461538461538464,	0.1,0.038461538461538464,
80,317,101,	0.13333333333333333,0.10989010989010989,	0.13333333333333333,0.10989010989010989,
124,433,101,	0.29793510324483774,0.554945054945055,
389,152,101,	0.12388503468780972,0.6868131868131868,	0.07216494845360824,0.11538461538461539,
375,138,101,	0.07393292682926829,0.532967032967033,	0.07393292682926829,0.532967032967033,
416,416,101,	1.0,0.4945054945054945,	1.0,0.4945054945054945,
31,349,101,	0.06097560975609756,0.027472527472527472,	0.06097560975609756,0.027472527472527472,
59,296,101,	0.1736842105263158,0.5439560439560439,	0.1763668430335097,0.5494505494505495,
331,94,101,	1.0,0.005494505494505495,	1.0,0.005494505494505495,
101,338,101,	0.013927576601671309,0.027472527472527472,	0.013927576601671309,0.027472527472527472,
349,268,101,	0.03773584905660377,0.02197802197802198,	0.03773584905660377,0.02197802197802198,
112,112,101,	0.03125,0.027472527472527472,	0.03125,0.027472527472527472,
268,349,101,	0.05952380952380952,0.027472527472527472,	0.05952380952380952,0.027472527472527472,
232,469,101,	0.19924098671726756,0.5769230769230769,	0.291497975708502,0.3956043956043956,
472,235,101,	0.4,0.01098901098901099,	1.0,0.005494505494505495,
79,280,101,	0.5786802030456852,0.6263736263736264,
31,112,101,	0.0684931506849315,0.027472527472527472,	0.0684931506849315,0.027472527472527472,
223,460,101,	0.5136612021857924,0.5164835164835165,	0.5168539325842697,0.5054945054945055,
191,191,101,	1.0,0.4945054945054945,	1.0,0.4945054945054945,
196,361,101,	0.28895184135977336,0.5604395604395604,
390,320,101,	0.04838709677419355,0.03296703296703297,	0.02040816326530612,0.005494505494505495,
428,416,101,	1.0,0.36813186813186816,	1.0,0.36813186813186816,
179,179,101,	1.0,0.4945054945054945,	1.0,0.4945054945054945,
428,428,101,	1.0,0.4945054945054945,	1.0,0.4945054945054945,
187,424,101,	0.17307692307692307,0.04945054945054945,	0.17307692307692307,0.04945054945054945,
223,268,101,	0.125,0.005494505494505495,	0.125,0.005494505494505495,
207,444,101,	0.21890547263681592,0.7252747252747253,	0.21926910299003322,0.7252747252747253,
223,112,101,	0.15384615384615385,0.01098901098901099,	0.15384615384615385,0.01098901098901099,
443,206,101,	0.10465116279069768,0.24725274725274726,	0.053475935828877004,0.054945054945054944,
416,428,101,	1.0,0.36813186813186816,	1.0,0.36813186813186816,
349,112,101,	0.046357615894039736,0.038461538461538464,	0.046357615894039736,0.038461538461538464,
410,348,101,	0.09433962264150944,0.027472527472527472,	0.09433962264150944,0.027472527472527472,
349,349,101,	0.03550295857988166,0.03296703296703297,	0.03550295857988166,0.03296703296703297,
223,349,101,	0.14285714285714285,0.01098901098901099,	0.14285714285714285,0.01098901098901099,
179,428,101,	1.0,0.36813186813186816,	1.0,0.36813186813186816,
112,31,101,	0.0423728813559322,0.027472527472527472,	0.0423728813559322,0.027472527472527472,
379,142,101,	0.1072,0.36813186813186816,	0.20238095238095238,0.09340659340659341,
4,241,101,	0.07954545454545454,0.11538461538461539,	0.07633587786259542,0.10989010989010989,
416,191,101,	1.0,0.36813186813186816,	1.0,0.36813186813186816,
268,31,101,	0.09090909090909091,0.038461538461538464,	0.09090909090909091,0.038461538461538464,
83,320,101,	0.02464788732394366,0.038461538461538464,
7,138,101,	0.29133858267716534,0.4065934065934066,	0.2924901185770751,0.4065934065934066,
98,335,101,	0.5070422535211268,0.5934065934065934,
79,355,101,	0.5786802030456852,0.6263736263736264,
268,112,101,	0.0684931506849315,0.027472527472527472,	0.0684931506849315,0.027472527472527472,
118,280,101,	0.6055555555555555,0.5989010989010989,
268,268,101,	0.0958904109589041,0.038461538461538464,	0.0958904109589041,0.038461538461538464,
190,427,101,	0.019230769230769232,0.005494505494505495,	0.019230769230769232,0.005494505494505495,
410,173,101,	0.11320754716981132,0.03296703296703297,	0.11320754716981132,0.03296703296703297,
179,191,101,	1.0,0.36813186813186816,	1.0,0.36813186813186816,
31,31,101,	0.09722222222222222,0.038461538461538464,	0.09722222222222222,0.038461538461538464,
378,141,101,	0.43137254901960786,0.12087912087912088,	0.43137254901960786,0.12087912087912088,
223,31,101,	0.09090909090909091,0.005494505494505495,	0.09090909090909091,0.005494505494505495,
112,268,101,	0.04716981132075472,0.027472527472527472,	0.04716981132075472,0.027472527472527472,
111,348,101,	0.05714285714285714,0.03296703296703297,	0.05714285714285714,0.03296703296703297,
83,153,101,	0.025925925925925925,0.038461538461538464,
304,67,101,	0.0375,0.016483516483516484,	0.04878048780487805,0.01098901098901099,
390,153,101,	0.036,0.04945054945054945,	0.023809523809523808,0.005494505494505495,
