281,	0.025714285714285714,0.743801652892562,	0.08695652173913043,0.05405405405405406,
227,33,	0.18604651162790697,0.1322314049586777,
227,270,	0.18604651162790697,0.1322314049586777,
227,464,227,	0.6436170212765957,1.0,	0.8738738738738738,0.8016528925619835,
381,144,227,	0.75,0.12396694214876033,
281,464,227,	0.6302083333333334,1.0,	0.6666666666666666,0.049586776859504134,
227,270,33,	0.8275862068965517,0.39669421487603307,
281,44,281,	0.016575342465753425,1.0,	0.024500907441016333,0.7297297297297297,
443,206,227,	0.07758620689655173,0.0743801652892562,	0.125,0.04132231404958678,
227,359,122,	0.2,0.08264462809917356,
286,49,227,	0.4142857142857143,0.4793388429752066,	0.371900826446281,0.371900826446281,
286,49,281,	0.01875,0.371900826446281,	0.01639344262295082,0.02702702702702703,
202,439,281,	0.023054755043227664,0.7933884297520661,	0.07323232323232323,0.7837837837837838,
227,33,33,	0.8275862068965517,0.39669421487603307,
227,44,281,	0.6436170212765957,1.0,	1.0,1.0,
227,464,281,	0.6436170212765957,1.0,	1.0,1.0,
227,44,227,	0.6436170212765957,1.0,	0.7094594594594594,0.8677685950413223,
266,29,227,	0.6538461538461539,0.2809917355371901,
281,44,227,	0.6302083333333334,1.0,	0.6397058823529411,0.71900826446281,
281,464,281,	0.6302083333333334,1.0,	0.6666666666666666,0.05405405405405406,
3,240,227,	0.05804555473916238,0.6528925619834711,	0.046193327630453376,0.4462809917355372,
227,270,270,	0.8275862068965517,0.39669421487603307,
227,33,270,	0.8275862068965517,0.39669421487603307,
202,439,227,	0.6153846153846154,0.7933884297520661,	0.6153846153846154,0.7933884297520661,
266,29,281,	0.0288135593220339,0.2809917355371901,
