19,113,	0.3183023872679045,0.0109639104613979,	0.3305785123966942,0.011593082793932953,
344,113,	0.26276595744680853,0.06770214709913203,	0.2759009009009009,0.07100763211283934,
12,113,	0.30114470208394484,0.09374143444495203,	0.3138231631382316,0.0973818954690368,
107,113,	0.26034063260340634,0.06843307446322522,	0.2736648250460405,0.07178050429910153,
306,113,	0.33081285444234404,0.03197807217907721,	0.3472222222222222,0.033813158148971116,
268,113,	0.25558960390421065,0.2057560529922339,	0.2631578947368421,0.21109071587286252,
239,113,	0.24204468517264727,0.06532663316582915,	0.24805378627034677,0.06772292532122501,
463,113,	0.2857142857142857,0.016811329374143445,	0.2922077922077922,0.01738962419089943,
349,113,	0.23739454581126151,0.3316582914572864,	0.24661094331671,0.33919428074582164,
177,113,	0.3212669683257919,0.01946094106898127,	0.33069620253164556,0.020191285866099893,
2,113,	0.27825808517451167,0.07939698492462312,	0.281592039800995,0.08202106076707565,
256,113,	0.3005050505050505,0.010872544540886249,	0.31398416886543534,0.01149647377065018,
113,113,	1.0,0.0012791228871630882,	1.0,0.0013525263259588445,
248,113,	0.2750439367311072,0.028597533120146186,	0.2847985347985348,0.030045406240942905,
226,113,	0.28637059724349156,0.017085427135678392,	0.29233226837060705,0.017679451260747756,
112,113,	0.23831959167648215,0.3327546825034262,	0.2478211976384594,0.34064341609506327,
69,113,	0.33115671641791045,0.03243490178163545,	0.3460038986354776,0.03429620326538499,
414,113,	0.31981981981981983,0.01946094106898127,	0.3270735524256651,0.020191285866099893,
31,113,	0.2552752293577982,0.20338053905893103,	0.26299135937690155,0.20877209931407595,
249,113,	0.3057040998217469,0.09401553220648698,	0.3185115105644907,0.09757511351560236,
11,113,	0.281447963800905,0.028414801279122888,	0.2923368022705771,0.029852188194377356,
287,50,113,	0.08448692595034059,0.2107811786203746,	0.09247409486851339,0.21640421215341513,
38,275,113,	0.04325186864869405,0.14116034719049794,	0.06592194841307891,0.13283740701381508,
69,306,113,	0.879295154185022,0.09118318867062586,	0.8807763401109058,0.09206839918848421,
112,112,113,	0.1494670058014918,0.47784376427592506,	0.15672864796722344,0.48043667278523816,
268,344,113,	0.20343007915567282,0.0704431247144815,	0.2132847533632287,0.07351946671819148,
107,349,113,	0.16439379787035308,0.08040201005025126,	0.17413338739103992,0.08298715099990339,
268,112,113,	0.16698496645609912,0.31155778894472363,	0.17457681594171845,0.3148488068785625,
31,31,113,	0.22765544041450778,0.32115121059844676,	0.23303261623872312,0.3244131001835571,
112,12,113,	0.1623469311096086,0.1974417542256738,	0.17281011411214187,0.20336199401024055,
247,10,113,	0.6204306459689535,0.1132023755139333,	0.6266592920353983,0.10945802337938364,
239,268,113,	0.21030405405405406,0.02275011420740064,	0.2163846838824577,0.02347599265771423,
2,349,113,	0.2623413258110014,0.03398812243033349,	0.2664692820133235,0.03477924838179886,
344,344,113,	0.2993476234855545,0.14673366834170853,	0.3077695241919293,0.1481016326924935,
215,173,113,	0.4328453214513049,0.06212882594792143,	0.46302695231513474,0.064728045599459,
31,349,113,	0.16966696669666967,0.3100045682960256,	0.17603260869565218,0.31291662641290696,
239,2,113,	0.17474452554744527,0.10936500685244403,	0.1782163071745449,0.11254951212443243,
112,306,113,	0.26575716234652114,0.08899040657834628,	0.27520045819014893,0.0928412713747464,
31,348,113,	0.22110552763819097,0.004020100502512563,	0.2346368715083799,0.004057578977876533,
70,307,113,	0.11080594753291031,0.10689812699862951,	0.20274267276149502,0.07284320355521205,
268,249,113,	0.17363539607723885,0.10433988122430334,	0.1823634300534933,0.10868515119312144,
268,26,113,	0.3409090909090909,0.0013704888076747374,	0.35,0.0013525263259588445,
239,112,113,	0.21755725190839695,0.03645500228414801,	0.22586206896551725,0.03796734615013042,
31,239,113,	0.22942073170731708,0.027501142074006394,	0.23373493975903614,0.028113225775287413,
304,67,113,	0.10258863089544018,0.32334399269072633,	0.11318960050729232,0.06897884262390107,
263,268,113,	0.2517482517482518,0.0032891731384193696,	0.24166666666666667,0.0028016616752004637,
373,136,113,	0.7314447592067989,0.11795340338053906,	0.7607868020304569,0.11583421891604676,
31,249,113,	0.17686129131912265,0.10461397898583828,	0.185881576777173,0.10887836923968698,
215,348,113,	0.35291683905668186,0.07793513019643673,	0.38610216290842153,0.0810549705342479,
111,268,113,	0.18255578093306288,0.008222932846048425,	0.18494623655913978,0.008308376002318617,
328,91,113,	0.05374966280010791,0.36409319323892186,	0.0506164986789314,0.19988406917206067,
249,344,113,	0.229001976284585,0.08469620831429876,	0.23872679045092837,0.08694812095449715,
111,170,113,	0.1256544502617801,0.057012334399269074,	0.14018691588785046,0.05651627862042315,
349,268,113,	0.18483075637275387,0.4041114664230242,	0.19011680143755616,0.40884938653270214,
268,107,113,	0.1895817680941648,0.06916400182731841,	0.19893617021276597,0.07226354941551541,
112,31,113,	0.18603384718498658,0.4057560529922339,	0.1918918918918919,0.41155443918461987,
310,73,113,	0.06903353057199212,0.0031978072179077205,
349,112,113,	0.15195702225633154,0.4884422110552764,	0.15916000626860993,0.4905806202299295,
306,349,113,	0.20434298440979956,0.03353129282777524,	0.2155688622754491,0.03477924838179886,
349,107,113,	0.16823135858422358,0.14243947007766103,	0.17718728243211881,0.14752197855279683,
349,31,113,	0.1858314503305716,0.4057560529922339,	0.19159951379822626,0.41116800309148877,
460,420,113,	0.2222222222222222,0.005847418912745546,	0.22142857142857142,0.005989759443532026,
2,268,113,	0.24287118977384464,0.022567382366377342,	0.2453416149068323,0.022896338518017582,
31,112,113,	0.16739432427068862,0.30826861580630427,	0.1745352051601713,0.31108105497053423,
344,107,113,	0.3067517278043594,0.1581544084056647,	0.3147053213808888,0.1594048884165781,
323,86,113,	0.07249841440210762,0.13576975788031065,	0.07447742842086773,0.040962225871896435,
344,31,113,	0.2041036717062635,0.05180447693010507,	0.21042689837551945,0.05381122596850546,
31,107,113,	0.186848635235732,0.06879853814527181,	0.19593881856540085,0.07178050429910153,
112,2,113,	0.21376211870418538,0.08259479214253083,	0.21972534332084895,0.08501594048884166,
460,223,113,	0.13308791917454857,0.45253540429419825,	0.13781003508982395,0.4439184619843493,
83,73,113,	0.3223767383059418,0.023298309730470534,	0.2962962962962963,0.0015457443725243939,
344,249,113,	0.19163090128755364,0.0815897670169027,	0.2016670525584626,0.08414645927929669,
107,268,113,	0.20294784580498867,0.04906349931475559,	0.20944069813566046,0.05100956429330499,
12,107,113,	0.22106754841757204,0.0855185015989036,	0.23024316109422494,0.08781760216404212,
180,417,113,	0.011799644913111314,0.5009593421653723,	0.0449438202247191,0.13911699352719545,
263,309,113,	0.2659698025551684,0.020922795797167656,	0.25673534072900156,0.015650661771809488,
349,239,113,	0.22654941373534337,0.049428962996802196,	0.23328906595838866,0.05091295527002222,
111,349,113,	0.22,0.0010050251256281408,	0.23404255319148937,0.0010626992561105207,
2,239,113,	0.16869398207426375,0.1444495203289173,	0.16990019064707862,0.14636267027340352,
249,249,113,	0.2623324779013402,0.16811329374143444,	0.2740752302169502,0.16964544488455222,
306,112,113,	0.2084233261339093,0.03526724531749657,	0.2196969696969697,0.036421601777606026,
239,349,113,	0.21973333333333334,0.03764275925079945,	0.226890756302521,0.03912665442952372,
349,344,113,	0.17662396553678722,0.14234810415714938,	0.1858966565349544,0.14771519659936239,
69,349,113,	0.20578602620087336,0.03444495203289173,	0.2160892542571932,0.035552120568061056,
247,173,113,	0.32813238770685577,0.06340794883508451,	0.34992303745510517,0.06588735387885228,
404,167,113,	0.04309239522397628,0.19652809502055732,	0.04980708523325149,0.19205873828615594,
268,239,113,	0.2232796486090776,0.027866605756052994,	0.22987616099071206,0.028692879914984058,
12,31,113,	0.24205581652390162,0.08003654636820466,	0.25109617071031864,0.08298715099990339,
349,306,113,	0.2697939262472885,0.09090909090909091,	0.27921524026158656,0.09487006086368467,
183,297,113,	0.08509377719353466,0.4199177706715395,	0.08116362358007602,0.3568737320065694,
60,420,113,	0.08328325223426322,0.39250799451804474,	0.07247874489172812,0.29813544585064244,
113,350,113,	0.014507197116132887,0.5280036546368204,	0.017455414088166928,0.49840595111583424,
60,244,113,	0.11241217798594848,0.004385564184559159,	0.11241217798594848,0.004637233117573181,
268,2,113,	0.2111263109895121,0.04230242119689356,	0.2150997150997151,0.0437638875470969,
18,255,113,	0.1071719641401793,0.14417542256738236,	0.09644300727566693,0.11525456477635011,
107,12,113,	0.19446864111498258,0.0815897670169027,	0.203655964377783,0.08395324123273114,
111,452,113,	0.26576717916535925,0.15477386934673368,	0.2657664813343924,0.16162689595208193,
111,309,113,	0.17185749495854807,0.2803106441297396,	0.17937930613986952,0.2842237464979229,
107,107,113,	0.28954954954954953,0.14682503426222018,	0.2964396284829721,0.1480050236692107,
344,268,113,	0.19664967225054625,0.04933759707629054,	0.20283199387677,0.051202782339870544,
268,173,113,	0.2608695652173913,0.0016445865692096848,	0.25,0.0015457443725243939,
69,112,113,	0.20877944325481798,0.03563270899954317,	0.2199769053117783,0.03680803787073713,
72,348,113,	0.15395455346133521,0.31941525810872545,	0.16293128870539664,0.3202589121823978,
306,69,113,	0.9070631970260223,0.08917313841936958,	0.9075875486381323,0.09013621872282872,
12,112,113,	0.19224658404829997,0.11055276381909548,	0.20366172624237142,0.11283933919428074,
349,349,113,	0.1497353888633226,0.4756509821836455,	0.1560903299060115,0.47811805622645154,
215,452,113,	0.8962834917891098,0.09474645957058017,	0.9388349514563107,0.09342092551444305,
23,260,113,	0.2317029632274188,0.1185929648241206,	0.19203444564047362,0.08617524876823496,
268,31,113,	0.23225075528700906,0.33714024668798537,	0.23763310419193961,0.34064341609506327,
268,268,113,	0.2250143504050003,0.3223389675650982,	0.2297683923705722,0.32586223553279875,
373,309,113,	0.27300242130750607,0.08241206030150754,	0.3003264417845484,0.07999227127813738,
407,309,113,	0.09788254095085897,0.022384650525354044,	0.10666666666666667,0.023186165587865907,
12,344,113,	0.2280915287244401,0.08560986751941525,	0.23675280605586008,0.08762438411747657,
31,344,113,	0.19931990583311535,0.06962083142987666,	0.20929585304759254,0.07264998550864651,
249,12,113,	0.27800829875518673,0.17752398355413432,	0.2884735202492212,0.17891991111969857,
390,73,113,	0.2632850241545894,0.009958885335769758,
12,268,113,	0.24394939493949394,0.0810415714938328,	0.25195936139332364,0.08385663220944836,
107,31,113,	0.21168977144998127,0.05162174508908177,	0.21846758349705306,0.053714616945222685,
268,12,113,	0.17825284527837587,0.10589310187300137,	0.1888704318936877,0.10984445947251473,
31,2,113,	0.2144859813084112,0.04193695751484696,	0.21821724305893814,0.043280842430683024,
349,12,113,	0.16203107237589995,0.19534033805390588,	0.1727332892124421,0.2017196406144334,
112,349,113,	0.15338844866550333,0.4899040657834628,	0.1598733304069731,0.49260940971886774,
12,349,113,	0.191695832007636,0.11009593421653723,	0.20267919276270008,0.11254951212443243,
390,153,113,	0.11731083287969515,0.5119232526267702,	0.1407520325203252,0.0802820983479857,
31,268,113,	0.23383530919577059,0.3333942439470078,	0.23870879309163182,0.33648922809390397,
112,268,113,	0.1868452902633446,0.40904522613065325,	0.19243185078909614,0.41464592792966865,
249,349,113,	0.19224658404829997,0.11055276381909548,	0.204454497998956,0.11351560235726017,
72,10,113,	0.2082356538579146,0.18666057560529922,	0.20817262587303242,0.1929282194957009,
83,320,113,	0.06125619519634007,0.5872087711283691,	0.09703166226912929,0.14211187324896146,
344,349,113,	0.16357910337161913,0.0806761078117862,	0.17308079790449324,0.08298715099990339,
111,26,113,	0.2425531914893617,0.14061215166742805,	0.25227233750643113,0.14211187324896146,
112,107,113,	0.16802487668882693,0.14317039744175422,	0.17690446006684338,0.14829485073905901,
107,112,113,	0.16290588882773804,0.08113293741434445,	0.17388688327316487,0.08376002318616559,
410,26,113,	0.2471131639722864,0.07820922795797168,	0.2570799244808055,0.07892957202202686,
175,412,113,	0.04745077252292047,0.220831429876656,	0.04985758180635611,0.21476185875760795,
83,153,113,	0.09397587142112787,0.6426678848789401,	0.13709014521874144,0.1450101439474447,
150,387,113,	0.017272195458601456,0.5853814527181361,	0.014042760268215456,0.4293304994686504,
2,31,113,	0.24095238095238095,0.023115577889447236,	0.24302788844621515,0.023572601680997004,
249,107,113,	0.22277936962750716,0.08524440383736866,	0.23364965375737368,0.08801082021060767,
111,112,113,	0.2037037037037037,0.0010050251256281408,	0.21568627450980393,0.0010626992561105207,
111,348,113,	0.19439434926360083,0.4727272727272727,	0.20420520051424543,0.4757028306443822,
348,111,113,	0.3023255813953488,0.0011877569666514391,	0.3023255813953488,0.00125591730267607,
410,31,113,	0.3783783783783784,0.0038373686614892647,	0.3939393939393939,0.0037677519080282097,
112,348,113,	0.4074074074074074,0.0020100502512562816,	0.46808510638297873,0.0021253985122210413,
112,239,113,	0.22826086956521738,0.05180447693010507,	0.23414218816517668,0.053134962805526036,
112,69,113,	0.2512302512302512,0.08862494289629969,	0.25939951311874493,0.09264805332818085,
31,173,113,	0.34615384615384615,0.0016445865692096848,	0.3333333333333333,0.0015457443725243939,
111,10,113,	0.2534984719317999,0.14399269072635906,	0.2553745928338762,0.15148294850739058,
373,173,113,	0.4648719632304662,0.06468707172224761,	0.4901269393511989,0.06714327118152835,
249,112,113,	0.19350711658403966,0.11055276381909548,	0.2063268892794376,0.1134189933339774,
107,344,113,	0.31459022418228594,0.15641845591594336,	0.3225870253164557,0.1575693169742054,
183,420,113,	0.08004138449962378,0.544266788487894,	0.07428107385115124,0.45068109361414355,
263,173,113,	0.21897810218978103,0.08222932846048424,	0.21951219512195122,0.07912279006859241,
410,136,113,	0.30739673390970224,0.0877112836911832,	0.3056456846203764,0.09100569993237369,
2,112,113,	0.25510204081632654,0.03197807217907721,	0.26226993865030673,0.033040285962708915,
97,334,113,	0.07171644675095236,0.11868433074463225,	0.14550353654429102,0.1252052941744759,
349,69,113,	0.2537429013939081,0.08981269986295112,	0.2619368761801996,0.09380736160757415,
247,309,113,	0.21970639462552874,0.0806761078117862,	0.2377314134587129,0.07815669983576466,
22,259,113,	0.04248320071976833,0.13805390589310187,	0.3625,0.005603323350400927,
111,136,113,	0.26044687020296775,0.13951576062128826,	0.2602739726027397,0.1450101439474447,
390,320,113,	0.08219316403291765,0.4462311557788945,	0.10837282780410742,0.06627378997198338,
410,452,113,	0.312552418227565,0.10214709913202376,	0.3114059853190288,0.1065597526809004,
183,244,113,	0.10014947683109118,0.006121516674280493,	0.10014947683109118,0.006472804559945899,
349,348,113,	0.391304347826087,0.0024668798538145273,	0.45,0.0026084436286349143,
111,111,113,	0.3673469387755102,0.0016445865692096848,	0.3673469387755102,0.001738962419089943,
373,348,113,	0.3795562599049128,0.0875285518501599,	0.4092294296909012,0.09081248188580814,
263,26,113,	0.2475411930003832,0.17706715395157607,	0.24690402476780185,0.15409139213602552,
72,170,113,	0.1083071721806327,0.08195523069894929,	0.12412412412412413,0.08385663220944836,
268,349,113,	0.1682344786612536,0.31046139789858385,	0.1749905716286838,0.31378610762245196,
72,173,113,	0.19029337196667873,0.24001827318410232,	0.19998419097304562,0.24442082890541977,
215,309,113,	0.2751396648044693,0.07199634536317953,	0.29918032786885246,0.07052458699642547,
72,147,113,	0.21402849538124316,0.1248972133394244,	0.21244284781188766,0.12568833929088977,
263,31,113,	0.3153846153846154,0.003746002740977615,	0.3148148148148148,0.0032847067916143367,
12,249,113,	0.2702326229279844,0.17724988579259937,	0.28164074412930773,0.1784368660032847,
249,268,113,	0.24603608529250956,0.08222932846048424,	0.254393546528378,0.08530576755868999,
249,31,113,	0.24668874172185432,0.08168113293741434,	0.2562007586810622,0.08482272244227611,
72,452,113,	0.21998605160904652,0.20173595248972134,	0.22307943062044985,0.19833832479953628,
31,12,113,	0.17955112219451372,0.10525354042941983,	0.19079723579976404,0.10936141435610086,
111,31,113,	0.2135306553911205,0.009227957971676564,	0.21797752808988763,0.009371075258429137,
72,26,113,	0.2777777777777778,0.021014161717679305,	0.2756232686980609,0.019225195633272147,
239,31,113,	0.22489270386266094,0.023937871174052078,	0.2304230423042304,0.024731909960390302,
344,112,113,	0.1623884944474786,0.08149840109639105,	0.17277070063694266,0.08385663220944836,
12,12,113,	0.26195574589578874,0.1676564641388762,	0.27175264139216904,0.1689691817215728,
349,249,113,	0.16156642932888957,0.19488350845134764,	0.17125256673511294,0.20142981354458506,
384,309,113,	0.22428694900605012,0.04741891274554591,	0.23641160949868073,0.043280842430683024,
268,348,113,	0.23043478260869565,0.0048423937871174055,	0.24056603773584906,0.004927060187421505,
407,348,113,	0.1613053613053613,0.031612608497030605,	0.16152263374485595,0.03033523331079123,
410,173,113,	0.2869231371934498,0.3345820009136592,	0.2956683902687124,0.33697227321031786,
410,268,113,	0.319672131147541,0.003563270899954317,	0.32727272727272727,0.003477924838179886,
263,348,113,	0.19853181076672105,0.11119232526267703,	0.19989096856260222,0.10626992561105207,
410,309,113,	0.20294297976701411,0.18145271813613523,	0.21430967020681946,0.18519949763307894,
72,309,113,	0.1557097831969692,0.446870717222476,	0.1631011085981239,0.4249830934209255,
329,92,113,	0.04632804917502426,0.1308359981726816,	0.0923152067730381,0.05477731620133321,
112,344,113,	0.1764640017915127,0.14399269072635906,	0.18527401367070392,0.14926094097188677,
410,348,113,	0.21743544191358416,0.31311100959342164,	0.22752319174164748,0.3151386339484108,
111,173,113,	0.22304853500335495,0.36445865692096846,	0.23187613843351548,0.36894985991691626,
247,348,113,	0.27424749163879597,0.08241206030150754,	0.3019952654717619,0.08627185779151773,
344,12,113,	0.195980985306828,0.08286888990406578,	0.20612813370473537,0.08578881267510385,
410,10,113,	0.2900420757363254,0.09447236180904522,	0.2899290780141844,0.09873442179499566,
107,249,113,	0.1936466492602263,0.08131566925536775,	0.20286788904560413,0.0833735870930345,
60,297,113,	0.1320651460093691,0.5512105984467793,	0.10683424980361352,0.38102598782726305,
72,136,113,	0.21036680948897482,0.18391959798994975,	0.20804289544235924,0.18742150516858275,
112,249,113,	0.1600268576544315,0.19597989949748743,	0.1696551724137931,0.2020094676842817,
349,2,113,	0.2121951219512195,0.07948835084513477,	0.21797175866495508,0.08202106076707565,
