58,	0.08337857752268672,0.4466140423764022,	0.08330747750542973,0.4476865360566903,
68,	0.10820895522388059,0.012048192771084338,	0.11814345991561181,0.011671529804085035,
85,	0.17834394904458598,0.011632737847943497,	0.17834394904458598,0.011671529804085035,
185,	0.37967914438502676,0.029497299542999584,	0.37967914438502676,0.029595664860358483,
235,	0.02047082906857728,0.008309098462816784,	0.020512820512820513,0.008336807002917883,
346,	0.058779483339573196,0.06522642293311176,	0.054945054945054944,0.0020842017507294707,
42,331,	0.037619380386675984,0.13419194017449107,	0.03770281312011206,0.1346394330971238,
166,150,	0.5902140672782875,0.08018280016618197,	0.5902140672782875,0.08045018757815757,
396,42,	0.48484848484848486,0.05982550893228085,	0.5035460992907801,0.059191329720716966,
159,42,	0.4831081081081081,0.059410054009140005,	0.5035714285714286,0.05877448937057107,
235,375,	0.2524390243902439,0.17199833818030744,	0.2529016493585828,0.17257190496040017,
235,94,	0.01854714064914992,0.009970918155380142,	0.01854714064914992,0.010004168403501459,
353,42,	0.5788113695090439,0.09306190278354798,	0.5888594164456233,0.09253855773238849,
170,150,	0.4742857142857143,0.1724137931034483,	0.47308132875143183,0.17215506461025426,
173,150,	0.43031470777135516,0.2783547985043623,	0.42994858611825193,0.27886619424760317,
348,80,	0.5849056603773585,0.012879102617366016,	0.5849056603773585,0.012922050854522717,
110,42,	0.6391304347826087,0.06107187370170337,	0.6387665198237885,0.060441850771154645,
371,189,	0.011577424023154847,0.006647278770253427,
348,150,	0.3956363636363636,0.45201495637723305,	0.39562841530054643,0.45268862025844103,
147,150,	0.6419753086419753,0.12962193601994185,	0.6419753086419753,0.13005418924551895,
58,94,	0.014430931203485205,0.1981719983381803,	0.014432241081964238,0.1988328470195915,
58,230,	0.06802721088435375,0.016618196925633568,	0.06802721088435375,0.016673614005835766,
235,171,	0.7345132743362832,0.10344827586206896,	0.7366863905325444,0.10379324718632764,
235,230,	0.6600441501103753,0.12422102201911092,	0.661504424778761,0.12463526469362234,
371,150,	0.8,0.006647278770253427,	0.7894736842105263,0.006252605252188412,
347,42,	0.6324786324786325,0.061487328624844205,	0.6293103448275862,0.06085869112130054,
346,230,	0.5,0.0024927295388450354,
353,58,	0.12218430034129693,0.07436643124221022,	0.12098427887901572,0.07378074197582327,
42,94,	0.036145926589077886,0.13419194017449107,	0.03623920116683496,0.1346394330971238,
58,331,	0.012518956852716406,0.1749065226422933,	0.012520073752453459,0.17548978741142143,
58,162,	0.011363636363636364,0.00540091400083091,	0.011363636363636364,0.005418924551896623,
42,230,	0.3409090909090909,0.0062318238471125885,	0.3409090909090909,0.006252605252188412,
116,42,	0.5739795918367347,0.09347735770668883,	0.5807291666666666,0.09295539808253439,
116,58,	0.11862160371106693,0.07436643124221022,	0.11745189117451892,0.07378074197582327,
346,171,	0.5,0.0024927295388450354,
346,375,	0.025974025974025976,0.0024927295388450354,
42,375,	0.018043684710351376,0.007893643539675945,	0.01811248808388942,0.007919966652771988,
452,150,	0.6122715404699739,0.1948483589530536,	0.6144244105409153,0.1846602751146311,
309,150,	0.3712197580645161,0.6119651017864561,	0.3746884519523678,0.5639849937473947,
235,331,	0.010680907877169559,0.006647278770253427,	0.010680907877169559,0.006669445602334306,
173,80,	0.5172413793103449,0.0062318238471125885,	0.5172413793103449,0.006252605252188412,
346,189,	0.012320328542094456,0.004985459077690071,
346,62,	0.06134094151212553,0.017864561695056087,
371,230,	0.6,0.0012463647694225177,
58,171,	0.08605341246290801,0.012048192771084338,	0.08605341246290801,0.01208837015423093,
371,375,	0.12,0.0012463647694225177,
10,150,	0.6109865470852018,0.22642293311175737,	0.6112359550561798,0.2267611504793664,
136,150,	0.6465256797583081,0.17781470710427918,	0.6479514415781487,0.17799082951229678,
88,325,42,	0.125,0.5583714167012879,	0.20065337001375516,0.4864526886202584,
348,247,42,	0.3720316622691293,0.35147486497714997,	0.38086560364464694,0.3484785327219675,
147,72,42,	0.40034965034965037,0.09513917739925218,	0.40034965034965037,0.09545644018340975,
75,312,42,	0.09298134967114155,0.42874948068134605,	0.30419977298524403,0.11171321383909963,
201,438,42,	0.30718954248366015,0.039052762775238885,
348,348,42,	0.7857142857142857,0.004570004154549232,	0.7857142857142857,0.004585243851604835,
26,263,42,	0.3235294117647059,0.018280016618196927,	0.3434343434343434,0.0141725719049604,
452,373,42,	0.5182755388940956,0.2297465724968841,	0.5511727078891258,0.21550646102542725,
348,215,42,	0.437726723095526,0.3007893643539676,	0.437726723095526,0.30179241350562735,
348,410,42,	0.30931174089068825,0.6348151225592024,	0.31109751121991025,0.6356815339724885,
173,407,42,	0.2701793721973094,0.10012463647694225,	0.2768166089965398,0.1000416840350146,
136,215,42,	0.4919614147909968,0.1906938097216452,	0.49141630901287553,0.1909128803668195,
452,72,42,	0.45566166439290584,0.1387619443290403,	0.46107784431137727,0.12838682784493538,
173,247,42,	0.3940677966101695,0.19318653926049023,	0.4042365401588703,0.1909128803668195,
10,247,42,	0.3833501174890903,0.4744495222268384,	0.39517559418233417,0.46436015006252607,
166,403,42,	0.5931506849315068,0.17989198171998338,	0.5840579710144927,0.16798666110879534,
309,373,42,	0.4782608695652174,0.2056501869547154,	0.4953810623556582,0.17882451021258858,
310,73,42,	0.03768249754746379,0.542584129621936,	0.04553846153846154,0.030846185910796166,
10,72,42,	0.40618101545253865,0.15288741171582884,	0.40618101545253865,0.15339724885368905,
111,348,42,	0.6,0.0024927295388450354,	0.6,0.0025010421008753647,
170,72,42,	0.48132780082987553,0.04819277108433735,	0.48132780082987553,0.04835348061692372,
42,279,42,	0.02746659084446972,0.8026589115081014,	0.15356019445238775,0.8953730721133806,
68,305,42,	0.07088122605363985,0.015371832156211051,	1.0,0.0016673614005835765,
173,384,42,	0.37481031866464337,0.10261736601578729,	0.3798076923076923,0.09879116298457691,
10,407,42,	0.5384615384615384,0.008724553385957623,	0.5384615384615384,0.008753647353063776,
10,215,42,	0.46875,0.22434565849605317,	0.46875,0.22509378907878283,
10,111,42,	0.42140026420079263,0.39759036144578314,	0.42212389380530974,0.397665694039183,
452,410,42,	0.5523255813953488,0.27627752388865806,	0.5641476274165202,0.267611504793664,
111,111,42,	0.14814814814814814,0.0016618196925633569,	0.14814814814814814,0.0016673614005835765,
173,373,42,	0.4680170575692964,0.1823847112588284,	0.4943181818181818,0.18132555231346395,
309,263,42,	0.5320088300220751,0.2002492729538845,	0.5219123505976095,0.1638182576073364,
173,263,42,	0.45454545454545453,0.029081844619858747,	0.44666666666666666,0.027928303459774907,
166,72,42,	0.43452380952380953,0.030328209389281262,	0.43452380952380953,0.03042934556065027,
309,72,42,	0.15417837800781517,0.9343581221437474,	0.152718570039638,0.8511879949979158,
147,410,42,	0.421875,0.1346073950976319,	0.421875,0.1350562734472697,
75,73,42,	0.05183350450069474,0.35646032405484007,	0.04346518273424575,0.1204668611921634,
26,111,42,	0.06276150627615062,0.012463647694225177,	0.06382978723404255,0.012505210504376824,
136,247,42,	0.5204081632653061,0.1695056086414624,	0.5125698324022346,0.15298040850354314,
309,407,42,	0.5740740740740741,0.03863730785209805,	0.5655172413793104,0.03418090871196332,
154,391,42,	0.023929533885617325,0.7968425425841297,	0.11615051615051615,0.7269695706544393,
348,263,42,	0.47802197802197804,0.07228915662650602,	0.47592067988668557,0.07002917882451021,
353,116,42,	0.6795454545454546,0.12422102201911092,	0.6932084309133489,0.12338474364318466,
58,295,42,	0.01676447052547346,0.5222268383880349,	0.09303613457012322,0.5602334305960817,
136,111,42,	0.4948148148148148,0.2775238886580806,	0.49924924924924924,0.27719883284701957,
136,348,42,	0.75,0.0012463647694225177,	0.75,0.0012505210504376823,
83,320,42,	0.02962962962962963,0.0016618196925633569,
75,320,42,	0.7230769230769231,0.039052762775238885,
147,247,42,	0.3304042179261863,0.15621105110095554,	0.3236124176857949,0.1433930804501876,
211,448,42,	0.38389121338912136,0.152471956792688,	0.6470588235294118,0.04585243851604835,
10,384,42,	0.3927536231884058,0.22517656834233485,	0.40852713178294575,0.2196748645268862,
309,348,42,	0.8181818181818182,0.003739094308267553,	0.9,0.003751563151313047,
235,472,42,	0.1154461144867285,0.29995845450768593,	0.2621800165152766,0.26469362234264276,
309,247,42,	0.4103585657370518,0.25675114250103864,	0.4111524163568773,0.23051271363067946,
309,384,42,	0.4315886134067952,0.19526381387619443,	0.44,0.16506877865777408,
348,472,42,	0.7894736842105263,0.0062318238471125885,
10,373,42,	0.5851528384279476,0.16701287910261736,	0.6204724409448819,0.16423509795748228,
147,384,42,	0.3427807486631016,0.2663066057332779,	0.361323155216285,0.23676531888286786,
216,453,42,	0.055810825955396166,0.20689655172413793,
348,72,42,	0.19959677419354838,0.6169505608641462,	0.19978445372490908,0.618174239266361,
10,410,42,	0.5380557648831952,0.2966348151225592,	0.5397426192278577,0.2972071696540225,
136,72,42,	0.389945652173913,0.11923556294142086,	0.3888130968622101,0.11879949979157982,
173,215,42,	0.4444444444444444,0.18280016618196926,	0.4444444444444444,0.1834097540641934,
348,111,42,	0.23722579797714435,0.7503115911923556,	0.23827144178670542,0.7515631513130471,
173,111,42,	0.28903736698836924,0.4852513502285002,	0.2901618929016189,0.48561900791996665,
452,215,42,	0.48168050806057644,0.40963855421686746,	0.48082901554404145,0.38682784493538974,
10,348,42,	0.75,0.0012463647694225177,	0.75,0.0012505210504376823,
42,295,42,	0.023499276088651298,0.8766098878271708,	0.1381163990825688,0.803251354731138,
111,410,42,	0.20833333333333334,0.002077274615704196,	0.20833333333333334,0.0020842017507294707,
5,242,42,	0.016696435505164246,0.4466140423764022,	0.020497472397575513,0.3397248853689037,
173,410,42,	0.41564625850340137,0.5076859160781055,	0.4180384087791495,0.5081283868278449,
56,293,42,	0.017222438782380667,0.6057332779393436,	0.03208103892198688,0.7115464776990412,
348,109,42,	0.07142857142857142,0.0012463647694225177,	0.07142857142857142,0.0012505210504376823,
147,111,42,	0.3229085222830336,0.17158288325716659,	0.3223787167449139,0.17173822426010837,
58,279,42,	0.020759089093088295,0.5396759451599501,	0.11353211009174312,0.6190079199666527,
170,247,42,	0.4864864864864865,0.007478188616535106,	0.4864864864864865,0.007503126302626094,
309,215,42,	0.444311377245509,0.15413377648525134,	0.4424320827943079,0.1425593997498958,
348,407,42,	0.24753018660812295,0.18737017033651848,	0.2551136363636364,0.18716131721550647,
84,321,42,	0.02534885484604884,0.555463232239302,	0.40476190476190477,0.0070862859524802,
310,312,42,	0.0646166350582498,0.5945159950145409,	0.28804347826086957,0.02209253855773239,
327,325,42,	0.10714285714285714,0.6468633153302866,	0.1585423568386181,0.27928303459774906,
452,247,42,	0.4786450662739323,0.2700457000415455,	0.48487261146496813,0.2538557732388495,
170,111,42,	0.3210940427126264,0.3560448691316992,	0.3247148288973384,0.35598165902459356,
136,410,42,	0.5679144385026738,0.22060656418778563,	0.5762527233115469,0.220508545227178,
170,407,42,	0.24866822927764756,0.48483589530535937,	0.2554286993507947,0.4756148395164652,
173,348,42,	0.7272727272727273,0.0033236393851267137,	0.7272727272727273,0.003334722801167153,
136,373,42,	0.5219573400250941,0.3456584960531782,	0.5519614590502409,0.3343059608170071,
327,90,42,	0.05165196591418747,0.5741587037806398,	0.0507603865128226,0.5189662359316382,
309,410,42,	0.3227299016772701,0.6954715413377649,	0.3266499582289056,0.6519383076281784,
116,353,42,	0.6781609195402298,0.12255920232654757,	0.6903073286052009,0.12171738224260108,
182,419,42,	0.03162333099086437,0.018695471541337765,
348,373,42,	0.45394300861497683,0.28458662235147486,	0.480225988700565,0.28345143809920803,
88,90,42,	0.052558883396336145,0.30037390943082676,	0.05251657076261927,0.30054189245518964,
309,111,42,	0.2507989262431292,0.8151225592023266,	0.25206953642384106,0.7615673197165486,
452,111,42,	0.4774156660949114,0.34690486082260075,	0.48724179829890646,0.3343059608170071,
346,109,42,	0.04203949640513641,0.5562941420855837,	0.05660965847065551,0.4539391413088787,
371,134,42,	0.24794359576968272,0.2629829663481512,	0.2485207100591716,0.2626094205919133,
225,462,42,	0.23040380047505937,0.1611965101786456,	0.5568181818181818,0.04085035431429762,
26,72,42,	0.035830618892508145,0.018280016618196927,	0.034657650042265425,0.01709045435598166,
26,410,42,	0.07560137457044673,0.009140008309098464,	0.07665505226480836,0.00917048770320967,
346,111,42,	0.375,0.003739094308267553,	0.375,0.003751563151313047,
170,410,42,	0.3634920634920635,0.28541753219775656,	0.36853448275862066,0.2851187994997916,
278,41,42,	0.23688663282571912,0.23265475695886997,	0.24581005586592178,0.03668195081283868,
1,238,42,	0.14115402956604672,0.12297465724968841,	0.8461538461538461,0.004585243851604835,
309,403,42,	0.608058608058608,0.06896551724137931,	0.5955555555555555,0.055856606919549814,
310,320,42,	0.7511848341232228,0.13169921063564602,
348,384,42,	0.37270550678371905,0.1940174491067719,	0.38139931740614336,0.18632763651521467,
452,348,42,	0.5,0.0016618196925633569,	0.5,0.0016673614005835765,
173,72,42,	0.2271461129399848,0.3726630660573328,	0.22715736040609136,0.3730721133805752,
