27,268,	0.055900621118012424,0.04712041884816754,	0.055900621118012424,0.04712041884816754,
27,416,	1.0,0.10471204188481675,	1.0,0.10471204188481675,
325,327,	0.02203856749311295,0.08376963350785341,	0.01488095238095238,0.02617801047120419,
27,428,	1.0,0.1099476439790576,	1.0,0.1099476439790576,
27,31,	0.061224489795918366,0.04712041884816754,	0.061224489795918366,0.04712041884816754,
27,349,	0.0673076923076923,0.07329842931937172,	0.0673076923076923,0.07329842931937172,
50,141,	0.021052631578947368,0.010471204188481676,	0.021052631578947368,0.010471204188481676,
428,27,	1.0,0.08376963350785341,	1.0,0.08376963350785341,
27,27,	0.1978021978021978,0.09424083769633508,	0.1978021978021978,0.09424083769633508,
325,88,	0.028764805414551606,0.08900523560209424,	0.04182509505703422,0.05759162303664921,
27,191,	1.0,0.1099476439790576,	1.0,0.1099476439790576,
401,164,	0.019801980198019802,0.020942408376963352,	0.01990049751243781,0.020942408376963352,
268,27,	0.010582010582010581,0.010471204188481676,	0.010582010582010581,0.010471204188481676,
264,27,	0.016981132075471698,0.09424083769633508,	0.016981132075471698,0.09424083769633508,
179,27,	1.0,0.03664921465968586,	1.0,0.03664921465968586,
27,264,	0.08088235294117647,0.05759162303664921,	0.08088235294117647,0.05759162303664921,
27,179,	1.0,0.10471204188481675,	1.0,0.10471204188481675,
378,287,	0.031578947368421054,0.015706806282722512,	0.031578947368421054,0.015706806282722512,
416,27,	1.0,0.03664921465968586,	1.0,0.03664921465968586,
117,88,	1.0,0.005235602094240838,	1.0,0.005235602094240838,
90,327,	0.022222222222222223,0.10471204188481675,	0.023316062176165803,0.09424083769633508,
191,27,	1.0,0.08376963350785341,	1.0,0.08376963350785341,
27,112,	0.0625,0.06806282722513089,	0.0625,0.06806282722513089,
90,88,	0.027548209366391185,0.10471204188481675,	0.027586206896551724,0.10471204188481675,
27,31,31,	0.07322654462242563,0.16753926701570682,	0.07322654462242563,0.16753926701570682,
27,325,173,	0.020202020202020204,0.13612565445026178,	0.02456140350877193,0.1099476439790576,
27,349,27,	0.43010752688172044,0.2094240837696335,	0.43010752688172044,0.2094240837696335,
27,268,173,	0.08823529411764706,0.015706806282722512,	0.08823529411764706,0.015706806282722512,
349,264,27,	0.029914529914529916,0.18324607329842932,	0.029914529914529916,0.18324607329842932,
27,131,368,	0.012605042016806723,0.015706806282722512,
27,223,460,	0.3275862068965517,0.09947643979057591,	0.35185185185185186,0.09947643979057591,
27,31,349,	0.04006968641114982,0.12041884816753927,	0.04006968641114982,0.12041884816753927,
27,124,433,	0.01096774193548387,0.08900523560209424,
27,264,138,	1.0,0.005235602094240838,	1.0,0.005235602094240838,
138,264,27,	0.01818181818181818,0.015706806282722512,	0.01818181818181818,0.015706806282722512,
27,83,320,	0.012585400934915498,0.18324607329842932,
27,268,31,	0.07317073170731707,0.17277486910994763,	0.07317073170731707,0.17277486910994763,
27,325,348,	0.011879049676025918,0.17277486910994763,	0.012688821752265862,0.1099476439790576,
27,472,348,	0.046511627906976744,0.010471204188481676,
27,268,348,	0.018404907975460124,0.015706806282722512,	0.018404907975460124,0.015706806282722512,
27,31,268,	0.0730593607305936,0.16753926701570682,	0.0730593607305936,0.16753926701570682,
27,179,416,	1.0,0.10471204188481675,	1.0,0.10471204188481675,
27,111,173,	0.04035874439461883,0.18848167539267016,	0.04035874439461883,0.18848167539267016,
27,416,416,	1.0,0.10471204188481675,	1.0,0.10471204188481675,
27,192,429,	0.3333333333333333,0.005235602094240838,	0.3333333333333333,0.005235602094240838,
27,179,179,	1.0,0.10471204188481675,	1.0,0.10471204188481675,
27,410,235,	0.0425531914893617,0.010471204188481676,	0.0425531914893617,0.010471204188481676,
27,188,425,	0.014308426073131956,0.04712041884816754,
27,43,361,	0.010948905109489052,0.06282722513089005,
27,207,444,	0.01891891891891892,0.4031413612565445,	0.01908775409023302,0.4031413612565445,
27,109,173,	0.039473684210526314,0.015706806282722512,	0.039473684210526314,0.015706806282722512,
27,43,398,	0.01020408163265306,0.005235602094240838,
27,161,361,	0.012658227848101266,0.010471204188481676,
27,111,31,	0.25,0.015706806282722512,	0.25,0.015706806282722512,
27,264,349,	0.03968253968253968,0.07853403141361257,	0.03968253968253968,0.07853403141361257,
27,7,244,	0.03957680250783699,0.5287958115183246,	0.039857932123125495,0.5287958115183246,
27,111,88,	0.2518518518518518,0.17801047120418848,	0.2518518518518518,0.17801047120418848,
27,416,179,	1.0,0.10471204188481675,	1.0,0.10471204188481675,
27,191,428,	1.0,0.1099476439790576,	1.0,0.1099476439790576,
27,268,112,	0.03542673107890499,0.11518324607329843,	0.03542673107890499,0.11518324607329843,
27,124,361,	0.011228533685601057,0.08900523560209424,
27,390,320,	0.01565874730021598,0.1518324607329843,
27,410,348,	0.03625954198473282,0.19895287958115182,	0.03625954198473282,0.19895287958115182,
27,191,191,	1.0,0.1099476439790576,	1.0,0.1099476439790576,
27,378,141,	0.5789473684210527,0.23036649214659685,	0.5733333333333334,0.225130890052356,
27,264,268,	0.03314917127071823,0.031413612565445025,	0.03314917127071823,0.031413612565445025,
27,161,280,	0.013157894736842105,0.005235602094240838,
27,112,31,	0.04771784232365145,0.12041884816753927,	0.04771784232365145,0.12041884816753927,
27,112,349,	0.03632694248234107,0.18848167539267016,	0.03632694248234107,0.18848167539267016,
27,148,385,	0.030400736987563334,0.34554973821989526,	0.03064066852367688,0.34554973821989526,
27,43,280,	0.014830508474576272,0.07329842931937172,
27,268,27,	0.32,0.041884816753926704,	0.32,0.041884816753926704,
27,161,433,	0.021739130434782608,0.015706806282722512,
27,443,206,	0.013712718546451834,0.2094240837696335,	0.014054813773717497,0.10471204188481675,
27,112,27,	0.48314606741573035,0.225130890052356,	0.48314606741573035,0.225130890052356,
27,410,346,	0.018018018018018018,0.010471204188481676,	0.02666666666666667,0.010471204188481676,
27,349,112,	0.036131774707757705,0.17801047120418848,	0.036131774707757705,0.17801047120418848,
27,268,268,	0.07322654462242563,0.16753926701570682,	0.07322654462242563,0.16753926701570682,
27,109,348,	0.014285714285714285,0.010471204188481676,	0.014285714285714285,0.010471204188481676,
27,201,438,	0.01694915254237288,0.020942408376963352,
27,410,31,	0.2,0.015706806282722512,	0.2,0.015706806282722512,
207,444,27,	0.011327594019030359,0.6544502617801047,	0.011383298424551498,0.6544502617801047,
27,410,88,	0.4603174603174603,0.1518324607329843,	0.4603174603174603,0.1518324607329843,
27,50,287,	0.04105263157894737,0.20418848167539266,	0.04105263157894737,0.20418848167539266,
27,111,348,	0.02694954128440367,0.24607329842931938,	0.02694954128440367,0.24607329842931938,
27,59,296,	0.012520413718018509,0.12041884816753927,	0.012630422844590884,0.12041884816753927,
27,348,111,	0.2,0.015706806282722512,	0.2,0.015706806282722512,
410,173,27,	0.05719921104536489,0.1518324607329843,	0.07282913165266107,0.13612565445026178,
349,112,27,	0.02253797158255757,0.24083769633507854,	0.02253797158255757,0.24083769633507854,
27,112,268,	0.04435483870967742,0.11518324607329843,	0.04435483870967742,0.11518324607329843,
27,410,173,	0.05855855855855856,0.20418848167539266,	0.05855855855855856,0.20418848167539266,
390,153,27,	0.014460999123575811,0.17277486910994763,	0.02463768115942029,0.08900523560209424,
27,264,27,	0.503957783641161,1.0,	0.503957783641161,1.0,
27,268,349,	0.04091653027823241,0.13089005235602094,	0.04091653027823241,0.13089005235602094,
268,31,27,	0.047217537942664416,0.14659685863874344,	0.047217537942664416,0.14659685863874344,
27,301,64,	0.03526448362720403,0.07329842931937172,	0.03526448362720403,0.07329842931937172,
27,137,374,	0.016,0.020942408376963352,	0.016,0.020942408376963352,
27,247,10,	0.5,0.005235602094240838,	0.5,0.005235602094240838,
27,349,349,	0.032955715756951595,0.16753926701570682,	0.032955715756951595,0.16753926701570682,
27,90,173,	0.012376237623762377,0.13089005235602094,	0.01240079365079365,0.13089005235602094,
27,264,31,	0.026143790849673203,0.020942408376963352,	0.026143790849673203,0.020942408376963352,
27,428,428,	1.0,0.1099476439790576,	1.0,0.1099476439790576,
27,428,191,	1.0,0.1099476439790576,	1.0,0.1099476439790576,
304,67,27,	0.025485436893203883,0.1099476439790576,
27,349,31,	0.04772234273318872,0.11518324607329843,	0.04772234273318872,0.11518324607329843,
27,472,173,	0.09523809523809523,0.010471204188481676,
27,390,153,	0.02699228791773779,0.2198952879581152,	0.023809523809523808,0.02617801047120419,
112,349,27,	0.021545667447306793,0.24083769633507854,	0.021545667447306793,0.24083769633507854,
27,83,153,	0.021897810218978103,0.14136125654450263,	0.014124293785310734,0.02617801047120419,
27,349,268,	0.04670912951167728,0.11518324607329843,	0.04670912951167728,0.11518324607329843,
27,375,27,	1.0,0.015706806282722512,	1.0,0.015706806282722512,
31,268,27,	0.06680161943319839,0.17277486910994763,	0.06680161943319839,0.17277486910994763,
111,348,27,	0.015632879475542108,0.16230366492146597,	0.026192703461178673,0.14659685863874344,
27,304,67,	0.02666666666666667,0.09424083769633508,	0.1,0.015706806282722512,
27,196,398,	0.016216216216216217,0.015706806282722512,
27,43,433,	0.013297872340425532,0.07853403141361257,
27,472,235,	0.4166666666666667,0.02617801047120419,	0.5714285714285714,0.020942408376963352,
7,244,27,	0.022378039683723705,0.7853403141361257,	0.02255978342607911,0.7853403141361257,
27,31,112,	0.03626943005181347,0.1099476439790576,	0.03626943005181347,0.1099476439790576,
148,385,27,	0.02914903620122238,0.6492146596858639,	0.02914903620122238,0.6492146596858639,
27,325,88,	0.1437125748502994,0.2513089005235602,	0.24855491329479767,0.225130890052356,
27,80,317,	0.013039117352056168,0.06806282722513089,	0.013039117352056168,0.06806282722513089,
27,111,327,	0.2028985507246377,0.14659685863874344,	0.2028985507246377,0.14659685863874344,
27,112,112,	0.032665964172813484,0.16230366492146597,	0.032665964172813484,0.16230366492146597,
27,31,27,	0.3448275862068966,0.05235602094240838,	0.3448275862068966,0.05235602094240838,
112,264,27,	0.026232114467408585,0.17277486910994763,	0.026232114467408585,0.17277486910994763,
27,124,398,	0.011494252873563218,0.010471204188481676,
27,264,112,	0.034666666666666665,0.06806282722513089,	0.034666666666666665,0.06806282722513089,
27,410,327,	0.3188405797101449,0.11518324607329843,	0.35,0.1099476439790576,
27,111,235,	0.018518518518518517,0.010471204188481676,	0.018518518518518517,0.010471204188481676,
27,55,292,	0.01774622892635315,0.10471204188481675,
