203,99,	0.42857142857142855,0.02054794520547945,	0.42857142857142855,0.02054794520547945,
252,99,	0.6666666666666666,0.0273972602739726,	0.6666666666666666,0.0273972602739726,
81,99,	0.02631578947368421,0.0136986301369863,	0.02631578947368421,0.0136986301369863,
440,99,	0.11538461538461539,0.02054794520547945,	0.11538461538461539,0.02054794520547945,
94,99,	0.028169014084507043,0.0136986301369863,	0.028169014084507043,0.0136986301369863,
331,99,	0.02666666666666667,0.0136986301369863,	0.02666666666666667,0.0136986301369863,
318,99,	1.0,0.0136986301369863,	1.0,0.0136986301369863,
71,99,	0.07894736842105263,0.02054794520547945,	0.07894736842105263,0.02054794520547945,
308,99,	1.0,0.02054794520547945,	1.0,0.02054794520547945,
423,99,	1.0,0.2054794520547945,	1.0,0.2054794520547945,
15,99,	0.15384615384615385,0.0273972602739726,	0.15384615384615385,0.0273972602739726,
186,99,	1.0,0.2054794520547945,	1.0,0.2054794520547945,
244,375,99,	0.8148148148148148,0.4520547945205479,	0.8148148148148148,0.4520547945205479,
299,62,99,	0.024630541871921183,0.03424657534246575,	0.025510204081632654,0.03424657534246575,
331,94,99,	0.29838709677419356,0.2534246575342466,	0.29838709677419356,0.2534246575342466,
279,235,99,	0.04,0.02054794520547945,
377,140,99,	0.015596330275229359,0.11643835616438356,	0.015596330275229359,0.11643835616438356,
297,181,99,	0.24615384615384617,0.1095890410958904,	0.3170731707317073,0.08904109589041095,
138,375,99,	0.42127659574468085,0.678082191780822,	0.42127659574468085,0.678082191780822,
129,220,99,	0.01718213058419244,0.03424657534246575,	0.01718213058419244,0.03424657534246575,
260,183,99,	0.29714285714285715,0.3561643835616438,	0.4032258064516129,0.3424657534246575,
418,60,99,	0.3076923076923077,0.1095890410958904,	0.34210526315789475,0.08904109589041095,
297,23,99,	0.43548387096774194,0.3698630136986301,	0.6385542168674698,0.363013698630137,
120,357,99,	0.13793103448275862,0.0273972602739726,	0.13793103448275862,0.0273972602739726,
203,440,99,	0.2653061224489796,0.1780821917808219,	0.2653061224489796,0.1780821917808219,
318,81,99,	0.9107142857142857,0.3493150684931507,	0.9107142857142857,0.3493150684931507,
129,366,99,	0.012345679012345678,0.03424657534246575,	0.012345679012345678,0.03424657534246575,
35,272,99,	0.010469543147208122,0.22602739726027396,	0.01353637901861252,0.2191780821917808,
387,150,99,	0.45454545454545453,0.03424657534246575,	0.45454545454545453,0.03424657534246575,
295,346,99,	0.07751937984496124,0.0684931506849315,
297,315,99,	0.22,0.1506849315068493,	0.39285714285714285,0.1506849315068493,
260,60,99,	0.5208333333333334,0.3424657534246575,	0.5697674418604651,0.3356164383561644,
134,371,99,	0.6666666666666666,0.0410958904109589,
472,58,99,	0.22660098522167488,0.3150684931506849,	0.4444444444444444,0.0273972602739726,
143,380,99,	0.017241379310344827,0.02054794520547945,
165,366,99,	0.01809954751131222,0.0273972602739726,	0.01809954751131222,0.0273972602739726,
420,23,99,	0.26285714285714284,0.3150684931506849,	0.38596491228070173,0.3013698630136986,
131,368,99,	0.027707808564231738,0.6027397260273972,	0.014925373134328358,0.0136986301369863,
375,138,99,	0.02018348623853211,0.9041095890410958,	0.02018348623853211,0.9041095890410958,
187,424,99,	0.01278772378516624,0.03424657534246575,	0.01278772378516624,0.03424657534246575,
49,286,99,	0.9333333333333333,0.4794520547945205,	0.9295774647887324,0.4520547945205479,
420,150,99,	0.5,0.06164383561643835,	0.5,0.06164383561643835,
295,235,99,	0.10277777777777777,0.2534246575342466,	0.0335195530726257,0.0410958904109589,
94,331,99,	0.291044776119403,0.2671232876712329,	0.291044776119403,0.2671232876712329,
260,18,99,	0.21875,0.04794520547945205,	0.2916666666666667,0.04794520547945205,
295,42,99,	0.06417112299465241,0.0821917808219178,
472,42,99,	0.38095238095238093,0.0547945205479452,
418,181,99,	0.6268656716417911,0.2876712328767123,	0.7254901960784313,0.2534246575342466,
444,7,99,	0.14705882352941177,0.0684931506849315,	0.14705882352941177,0.0684931506849315,
244,207,99,	0.7692307692307693,0.0684931506849315,	0.7692307692307693,0.0684931506849315,
9,246,99,	0.2585034013605442,0.2602739726027397,	0.2585034013605442,0.2602739726027397,
20,257,99,	0.02403846153846154,0.03424657534246575,	0.024271844660194174,0.03424657534246575,
46,283,99,	0.4660633484162896,0.7054794520547946,	0.03571428571428571,0.0410958904109589,
230,467,99,	0.07381615598885793,0.726027397260274,	0.07381615598885793,0.726027397260274,
244,7,99,	0.5591397849462365,0.7123287671232876,	0.5591397849462365,0.7123287671232876,
94,94,99,	0.2764227642276423,0.2328767123287671,	0.2764227642276423,0.2328767123287671,
331,331,99,	0.2595419847328244,0.2328767123287671,	0.2595419847328244,0.2328767123287671,
255,183,99,	0.3357142857142857,0.3219178082191781,	0.4673913043478261,0.2945205479452055,
255,23,99,	0.5833333333333334,0.04794520547945205,	0.5833333333333334,0.04794520547945205,
420,183,99,	0.10850439882697947,0.7602739726027398,	0.175,0.7191780821917808,
109,346,99,	0.14285714285714285,0.02054794520547945,
297,18,99,	0.182648401826484,0.273972602739726,	0.23684210526315788,0.2465753424657534,
420,181,99,	0.16167664670658682,0.18493150684931506,	0.19642857142857142,0.1506849315068493,
77,314,99,	0.023728813559322035,0.04794520547945205,	0.023728813559322035,0.04794520547945205,
468,231,99,	0.28699551569506726,0.4383561643835616,	0.4631578947368421,0.3013698630136986,
78,315,99,	0.2324561403508772,0.363013698630137,	0.2324561403508772,0.363013698630137,
281,44,99,	0.015873015873015872,0.02054794520547945,
295,58,99,	0.10951526032315978,0.4178082191780822,	0.06666666666666667,0.1095890410958904,
171,408,99,	0.11652542372881355,0.3767123287671233,	0.11652542372881355,0.3767123287671233,
78,183,99,	0.2028301886792453,0.2945205479452055,	0.2028301886792453,0.2945205479452055,
99,336,99,	0.4520123839009288,1.0,	0.4520123839009288,1.0,
96,333,99,	0.015360983102918587,0.0684931506849315,	0.5,0.02054794520547945,
32,269,99,	0.011185682326621925,0.03424657534246575,
418,183,99,	0.21551724137931033,0.17123287671232876,	0.2413793103448276,0.14383561643835616,
57,294,99,	0.012773722627737226,0.04794520547945205,	0.0625,0.0136986301369863,
466,229,99,	0.05245628642797669,0.4315068493150685,	0.06542056074766354,0.3356164383561644,
260,23,99,	0.5448275862068965,0.541095890410959,	0.6101694915254238,0.4931506849315068,
109,58,99,	0.017142857142857144,0.02054794520547945,	0.02112676056338028,0.02054794520547945,
297,183,99,	0.1851179673321234,0.6986301369863014,	0.3110367892976589,0.636986301369863,
387,60,99,	0.05747126436781609,0.03424657534246575,	0.058823529411764705,0.03424657534246575,
297,150,99,	1.0,0.03424657534246575,	1.0,0.03424657534246575,
472,235,99,	0.20448179271708683,0.5,	0.5151515151515151,0.11643835616438356,
32,271,99,	0.011185682326621925,0.03424657534246575,
420,315,99,	0.18604651162790697,0.273972602739726,	0.2597402597402597,0.273972602739726,
409,172,99,	0.0457002457002457,0.636986301369863,	0.07162790697674419,0.5273972602739726,
162,399,99,	0.059322033898305086,0.23972602739726026,	0.059322033898305086,0.23972602739726026,
420,60,99,	0.22065727699530516,0.6438356164383562,	0.2838709677419355,0.6027397260273972,
420,18,99,	0.17002881844380405,0.4041095890410959,	0.2384937238493724,0.3904109589041096,
0,237,99,	1.0,0.273972602739726,	1.0,0.273972602739726,
444,375,99,	0.22448979591836735,0.07534246575342465,	0.22448979591836735,0.07534246575342465,
78,60,99,	0.19834710743801653,0.1643835616438356,	0.19834710743801653,0.1643835616438356,
32,284,99,	0.011185682326621925,0.03424657534246575,
279,58,99,	0.045454545454545456,0.03424657534246575,
317,80,99,	0.13414634146341464,0.1506849315068493,	0.13414634146341464,0.1506849315068493,
387,183,99,	0.01910828025477707,0.02054794520547945,	0.02158273381294964,0.02054794520547945,
445,208,99,	0.014245014245014245,0.03424657534246575,	0.014245014245014245,0.03424657534246575,
255,18,99,	1.0,0.541095890410959,	1.0,0.4794520547945205,
138,7,99,	0.44,0.4520547945205479,	0.44,0.4520547945205479,
138,207,99,	0.3235294117647059,0.07534246575342465,	0.3235294117647059,0.07534246575342465,
190,427,99,	0.15193370165745856,0.3767123287671233,	0.15193370165745856,0.3767123287671233,
255,60,99,	0.2815533980582524,0.19863013698630136,	0.3492063492063492,0.1506849315068493,
297,60,99,	1.0,0.8082191780821918,	1.0,0.7534246575342466,
165,402,99,	0.018867924528301886,0.0410958904109589,	0.018867924528301886,0.0410958904109589,
17,254,99,	0.013227513227513227,0.03424657534246575,
