313,	0.8221574344023324,0.8221574344023324,	0.821656050955414,0.821656050955414,
385,148,	0.011111111111111112,0.0058309037900874635,	0.011111111111111112,0.006230529595015576,
62,20,	0.020512820512820513,0.011661807580174927,	0.022222222222222223,0.009345794392523364,
275,326,	0.14,0.02040816326530612,	0.18181818181818182,0.006369426751592357,
257,20,	0.024,0.008746355685131196,	0.0273972602739726,0.006230529595015576,
313,76,	0.10498409331919406,0.577259475218659,	0.10161662817551963,0.5482866043613707,
342,59,	0.16216216216216217,0.01749271137026239,	0.16216216216216217,0.018691588785046728,
275,38,	0.02158273381294964,0.01749271137026239,	0.04838709677419355,0.009345794392523364,
89,149,	0.5,0.008746355685131196,	0.5,0.009345794392523364,
89,38,	0.14,0.02040816326530612,	0.14583333333333334,0.021806853582554516,
76,87,	0.18518518518518517,0.014577259475218658,	0.19230769230769232,0.01557632398753894,
324,76,	0.17857142857142858,0.014577259475218658,	0.29411764705882354,0.01557632398753894,
415,154,	0.12,0.008746355685131196,
296,105,	0.16216216216216217,0.01749271137026239,	0.16216216216216217,0.018691588785046728,
415,178,	0.08196721311475409,0.014577259475218658,
257,299,	0.020512820512820513,0.011661807580174927,
386,326,	0.5,0.008746355685131196,
391,178,	0.12,0.008746355685131196,
76,324,	0.35714285714285715,0.014577259475218658,	0.38461538461538464,0.01592356687898089,
76,76,	0.10691489361702128,0.5860058309037901,	0.10312862108922363,0.5545171339563862,
313,313,	0.10691489361702128,0.5860058309037901,	0.10330578512396695,0.5573248407643312,
89,326,	0.35802469135802467,0.16909620991253643,	0.3,0.10509554140127389,
87,76,	0.3333333333333333,0.014577259475218658,	0.3333333333333333,0.01557632398753894,
342,105,	0.03355352836321694,0.9329446064139941,	0.03730863244564518,0.9034267912772586,
241,4,	0.023715415019762844,0.01749271137026239,	0.02666666666666667,0.006230529595015576,
243,6,	0.018691588785046728,0.0058309037900874635,
296,59,	0.05576789437109104,0.9358600583090378,	0.05379632961496941,0.9314641744548287,
76,313,	0.10752688172043011,0.5830903790087464,	0.09988385598141696,0.5477707006369427,
296,4,	0.10666666666666667,0.023323615160349854,	0.10810810810810811,0.024922118380062305,
241,59,	0.09333333333333334,0.02040816326530612,	0.109375,0.021806853582554516,
313,313,76,	0.07412280701754385,0.9854227405247813,	0.07510729613733906,0.9813084112149533,
76,134,371,	0.41,0.119533527696793,	0.41304347826086957,0.12101910828025478,
76,76,76,	0.07545094588649362,1.0,	0.07675701607100024,0.9968847352024922,
167,404,76,	0.057692307692307696,0.008746355685131196,	0.16666666666666666,0.006230529595015576,
134,371,76,	0.4224137931034483,0.14285714285714285,	0.42342342342342343,0.14641744548286603,
76,89,326,	0.3403416557161629,0.7551020408163265,	0.39814814814814814,0.6847133757961783,
342,142,59,	0.0175928078741378,0.6618075801749271,	0.018319152630665046,0.6573208722741433,
342,105,313,	0.03666077738515901,0.967930029154519,	0.03820366856419987,0.9617834394904459,
293,56,76,	0.023980815347721823,0.05830903790087463,	0.03304347826086956,0.059190031152647975,
313,342,105,	0.0367679928475637,0.9591836734693877,	0.03952825298081908,0.9501557632398754,
296,379,105,	0.017670309230411532,0.6647230320699709,	0.028473091364205255,0.8504672897196262,
76,313,313,	0.07534246575342465,0.9941690962099126,	0.07603911980440098,0.9904458598726115,
89,326,76,	0.34143049932523617,0.7376093294460642,	0.4072657743785851,0.6635514018691588,
313,138,375,	0.0625,0.0029154518950437317,	0.0625,0.0031847133757961785,
89,326,313,	0.30223390275952694,0.6705539358600583,	0.34629629629629627,0.5955414012738853,
76,342,105,	0.03688162544169611,0.9737609329446064,	0.03919330289193303,0.9626168224299065,
60,297,76,	0.5,0.03206997084548105,
94,331,76,	0.3333333333333333,0.0029154518950437317,	0.3333333333333333,0.003115264797507788,
296,138,59,	0.058823529411764705,0.0058309037900874635,	0.0625,0.006230529595015576,
296,59,76,	0.030329836977126247,0.6997084548104956,	0.029236671517396482,0.6884735202492211,
76,76,313,	0.07534246575342465,0.9941690962099126,	0.07474164864215332,0.9904458598726115,
313,60,297,	0.5,0.03206997084548105,
76,296,59,	0.030174563591022444,0.7055393586005831,	0.028824833702882482,0.6884735202492211,
76,138,375,	0.0625,0.0029154518950437317,	0.0625,0.0031847133757961785,
342,105,76,	0.037438533750558785,0.9766763848396501,	0.04006203153269579,0.9657320872274143,
138,375,313,	0.0625,0.0029154518950437317,	0.0625,0.0031847133757961785,
138,375,76,	0.0625,0.0029154518950437317,	0.0625,0.003115264797507788,
76,167,404,	0.057692307692307696,0.008746355685131196,	0.16666666666666666,0.006369426751592357,
60,297,313,	0.4230769230769231,0.03206997084548105,
313,89,326,	0.31039136302294196,0.6705539358600583,	0.36257309941520466,0.5923566878980892,
296,223,326,	0.10131108462455304,0.4956268221574344,	0.11206896551724138,0.4140127388535032,
313,296,59,	0.0305825856186023,0.7055393586005831,	0.02975557917109458,0.6978193146417445,
296,179,59,	0.062217659137577,0.8833819241982507,	0.060063897763578275,0.8785046728971962,
89,460,59,	0.10071513706793803,0.49271137026239065,	0.10359408033826638,0.45794392523364486,
76,94,331,	0.3333333333333333,0.0029154518950437317,	0.3333333333333333,0.0031847133757961785,
76,331,94,	0.25,0.0029154518950437317,	0.25,0.003115264797507788,
313,76,313,	0.07332742578644218,0.9650145772594753,	0.07221954742416947,0.9554140127388535,
76,313,76,	0.07598582188746124,1.0,	0.07699711260827719,0.9968847352024922,
296,191,59,	0.06381660470879802,0.9008746355685131,	0.06146926536731634,0.8940809968847352,
296,375,59,	0.058823529411764705,0.0058309037900874635,	0.0625,0.006230529595015576,
296,59,313,	0.03117206982543641,0.7288629737609329,	0.028834913625146123,0.7070063694267515,
331,94,76,	0.25,0.0029154518950437317,	0.25,0.003115264797507788,
296,416,59,	0.062217659137577,0.8833819241982507,	0.060063897763578275,0.8785046728971962,
296,428,59,	0.06381660470879802,0.9008746355685131,	0.06146926536731634,0.8940809968847352,
76,60,297,	0.5,0.037900874635568516,
313,76,76,	0.07412280701754385,0.9854227405247813,	0.07516105941302792,0.9813084112149533,
313,313,313,	0.07259128904531456,0.9620991253644315,	0.07296242069302099,0.9522292993630573,
