431,	0.8333333333333334,0.8333333333333334,	0.8333333333333334,0.8333333333333334,
194,194,	0.75,1.0,	0.75,1.0,
194,431,	0.75,1.0,	0.75,1.0,
431,194,	0.75,1.0,	0.75,1.0,
431,431,	0.75,1.0,	0.75,1.0,
283,46,	0.75,1.0,	0.75,1.0,
431,283,46,	0.7013888888888888,0.9351851851851852,
283,81,46,	0.7283950617283951,0.5462962962962963,	0.7283950617283951,0.5462962962962963,
283,423,46,	0.75,1.0,	0.743801652892562,0.8333333333333334,
194,194,194,	0.75,1.0,	0.75,1.0,
194,194,431,	0.75,1.0,	0.75,1.0,
283,440,46,	0.7520661157024794,0.8425925925925926,
431,194,194,	0.75,1.0,	0.75,1.0,
283,46,194,	0.6875,0.9166666666666666,
431,194,431,	0.75,1.0,	0.75,1.0,
194,283,46,	0.6338028169014085,0.8333333333333334,
194,431,194,	0.75,1.0,	0.75,1.0,
194,431,431,	0.75,1.0,	0.75,1.0,
283,46,431,	0.6408450704225352,0.8425925925925926,
283,318,46,	0.7283950617283951,0.5462962962962963,	0.7283950617283951,0.5462962962962963,
431,431,194,	0.75,1.0,	0.75,1.0,
283,252,46,	0.7520661157024794,0.8425925925925926,
283,71,46,	0.7355371900826446,0.8240740740740741,	0.7355371900826446,0.8240740740740741,
283,186,46,	0.75,1.0,	0.743801652892562,0.8333333333333334,
283,308,46,	0.7355371900826446,0.8240740740740741,	0.7355371900826446,0.8240740740740741,
431,431,431,	0.75,1.0,	0.75,1.0,
283,203,46,	0.7520661157024794,0.8425925925925926,
283,15,46,	0.7520661157024794,0.8425925925925926,
