10,	0.01556420233463035,0.11173184357541899,	0.015600624024960999,0.11363636363636363,
14,	0.0379746835443038,0.0335195530726257,	0.0379746835443038,0.03409090909090909,
136,	0.03811944091486658,0.16759776536312848,	0.03694267515923567,0.16477272727272727,
147,	0.012084592145015106,0.0446927374301676,	0.012084592145015106,0.045454545454545456,
158,	0.015625,0.01675977653631285,	0.015706806282722512,0.017045454545454544,
166,	0.017766497461928935,0.03910614525139665,	0.017766497461928935,0.03977272727272727,
211,	0.011904761904761904,0.0223463687150838,	0.011976047904191617,0.022727272727272728,
452,	0.03608847497089639,0.17318435754189945,	0.05357142857142857,0.017045454545454544,
116,452,	0.013513513513513514,0.01675977653631285,
353,452,	0.013953488372093023,0.01675977653631285,
396,213,	0.13953488372093023,0.0335195530726257,	0.14285714285714285,0.03389830508474576,
213,112,	0.08433734939759036,0.0782122905027933,	0.08641975308641975,0.07954545454545454,
353,213,	0.15873015873015872,0.055865921787709494,	0.11864406779661017,0.03954802259887006,
347,213,	0.5789473684210527,0.061452513966480445,	0.5625,0.05084745762711865,
353,173,	0.010126582278481013,0.0446927374301676,
213,268,	0.06896551724137931,0.0446927374301676,	0.07142857142857142,0.045454545454545456,
116,213,	0.15151515151515152,0.055865921787709494,	0.11290322580645161,0.03954802259887006,
213,31,	0.06349206349206349,0.0446927374301676,	0.06611570247933884,0.045454545454545456,
213,349,	0.07954545454545454,0.0782122905027933,	0.08235294117647059,0.07954545454545454,
159,213,	0.14285714285714285,0.0335195530726257,	0.14634146341463414,0.03389830508474576,
110,213,	0.5263157894736842,0.055865921787709494,	0.5,0.04519774011299435,
348,373,213,	0.25316455696202533,0.33519553072625696,	0.28365384615384615,0.3333333333333333,
348,215,213,	0.2631578947368421,0.36312849162011174,	0.2631578947368421,0.3672316384180791,
452,247,213,	0.34854771784232363,0.4692737430167598,	0.3561643835616438,0.4406779661016949,
327,90,213,	0.012184905947757216,0.8938547486033519,	0.012187582796078778,0.7796610169491526,
371,134,213,	0.06385404789053592,0.3128491620111732,	0.06432748538011696,0.1864406779661017,
147,111,213,	0.06930693069306931,0.11731843575418995,	0.07,0.11864406779661017,
348,111,213,	0.06998590887740723,0.8324022346368715,	0.06939163498098859,0.8248587570621468,
353,116,213,	0.3695652173913043,0.18994413407821228,	0.36363636363636365,0.1807909604519774,
10,72,213,	0.0931174089068826,0.12849162011173185,	0.0931174089068826,0.12994350282485875,
10,384,213,	0.05235602094240838,0.11173184357541899,	0.056022408963585436,0.11299435028248588,
309,72,213,	0.029238783397748276,0.9720670391061452,	0.032114724298121594,0.8983050847457628,
211,448,213,	0.17272727272727273,0.31843575418994413,	0.2261904761904762,0.10734463276836158,
310,312,213,	0.01043103448275862,0.6759776536312849,	0.05714285714285714,0.022598870056497175,
159,396,213,	0.5098039215686274,0.1452513966480447,	0.5,0.14124293785310735,
173,373,213,	0.28484848484848485,0.26256983240223464,	0.32167832167832167,0.2598870056497175,
452,410,213,	0.38427947598253276,0.49162011173184356,	0.3904761904761905,0.4632768361581921,
173,348,213,	0.5,0.00558659217877095,	0.5,0.005649717514124294,
173,72,213,	0.060700389105058365,0.43575418994413406,	0.06088992974238876,0.4406779661016949,
111,410,213,	0.3333333333333333,0.00558659217877095,	0.3333333333333333,0.005649717514124294,
216,453,213,	0.01209992193598751,0.17318435754189945,
201,438,213,	0.012605042016806723,0.05027932960893855,
309,111,213,	0.05937193326790972,0.6759776536312849,	0.06474820143884892,0.6610169491525424,
14,251,213,	0.17964071856287425,0.16759776536312848,
85,322,213,	0.014341590612777053,0.061452513966480445,	0.03937007874015748,0.02824858757062147,
348,384,213,	0.09722222222222222,0.1564245810055866,	0.09885931558935361,0.14689265536723164,
136,373,213,	0.28378378378378377,0.4692737430167598,	0.3137254901960784,0.4519774011299435,
147,72,213,	0.05789473684210526,0.061452513966480445,	0.05789473684210526,0.062146892655367235,
83,320,213,	0.05263157894736842,0.0111731843575419,
136,410,213,	0.2810810810810811,0.2905027932960894,	0.27472527472527475,0.2824858757062147,
309,384,213,	0.08695652173913043,0.0446927374301676,	0.109375,0.03954802259887006,
147,247,213,	0.03482587064676617,0.0782122905027933,	0.04075235109717868,0.07344632768361582,
10,111,213,	0.15848214285714285,0.39664804469273746,	0.15883668903803133,0.4011299435028249,
1,238,213,	0.059233449477351915,0.09497206703910614,
136,247,213,	0.39,0.21787709497206703,	0.3939393939393939,0.22033898305084745,
173,215,213,	0.2919254658385093,0.26256983240223464,	0.2919254658385093,0.2655367231638418,
309,348,213,	0.09090909090909091,0.00558659217877095,	0.1,0.005649717514124294,
111,72,213,	0.16666666666666666,0.00558659217877095,	0.16666666666666666,0.005649717514124294,
173,111,213,	0.10884353741496598,0.6256983240223464,	0.10773751224289912,0.6214689265536724,
452,72,213,	0.2131979695431472,0.2346368715083799,	0.21301775147928995,0.2033898305084746,
353,353,213,	0.3516483516483517,0.1787709497206704,	0.3448275862068966,0.1694915254237288,
396,159,213,	0.5294117647058824,0.15083798882681565,	0.52,0.14689265536723164,
213,450,213,	0.6911196911196911,1.0,	0.6518518518518519,0.4971751412429379,
173,247,213,	0.18859649122807018,0.24022346368715083,	0.21393034825870647,0.24293785310734464,
348,247,213,	0.12277227722772277,0.3463687150837989,	0.14055299539170507,0.3446327683615819,
10,247,213,	0.13333333333333333,0.6368715083798883,	0.1552511415525114,0.576271186440678,
116,116,213,	0.3595505617977528,0.1787709497206704,	0.35294117647058826,0.1694915254237288,
136,215,213,	0.37579617834394907,0.329608938547486,	0.3741935483870968,0.327683615819209,
88,325,213,	0.02458853856831251,0.6927374301675978,	0.02997779422649889,0.4576271186440678,
75,320,213,	0.03278688524590164,0.0111731843575419,
348,410,213,	0.09490740740740741,0.6871508379888268,	0.0937984496124031,0.6836158192090396,
452,111,213,	0.2997032640949555,0.5642458100558659,	0.29545454545454547,0.5141242937853108,
158,395,213,	0.12280701754385964,0.1564245810055866,
452,215,213,	0.38390092879256965,0.6927374301675978,	0.38175675675675674,0.6384180790960452,
75,312,213,	0.019094901661256443,0.5586592178770949,	0.03305785123966942,0.04519774011299435,
170,407,213,	0.10142348754448399,0.6368715083798883,	0.10192307692307692,0.5988700564971752,
147,410,213,	0.08235294117647059,0.0782122905027933,	0.08235294117647059,0.07909604519774012,
309,373,213,	0.17647058823529413,0.08379888268156424,	0.2,0.06779661016949153,
309,247,213,	0.09268292682926829,0.10614525139664804,	0.10227272727272728,0.1016949152542373,
235,472,213,	0.02289316522893165,0.3854748603351955,	0.024330900243309004,0.1694915254237288,
278,41,213,	0.08630393996247655,0.2569832402234637,	0.18181818181818182,0.04519774011299435,
10,410,213,	0.1910828025477707,0.33519553072625696,	0.19169329073482427,0.3389830508474576,
123,360,213,	0.052830188679245285,0.0782122905027933,
136,72,213,	0.10810810810810811,0.11173184357541899,	0.10382513661202186,0.10734463276836158,
173,410,213,	0.18040435458786935,0.6480446927374302,	0.178125,0.6440677966101694,
173,384,213,	0.125,0.09497206703910614,	0.1349206349206349,0.096045197740113,
10,215,213,	0.29207920792079206,0.329608938547486,	0.29207920792079206,0.3333333333333333,
136,111,213,	0.2775330396475771,0.35195530726256985,	0.27232142857142855,0.3446327683615819,
111,348,213,	0.3333333333333333,0.0111731843575419,	0.3333333333333333,0.011299435028248588,
75,73,213,	0.010905642484589853,0.5139664804469274,	0.010025706940874035,0.22033898305084745,
452,373,213,	0.37083333333333335,0.4972067039106145,	0.425531914893617,0.4519774011299435,
82,319,213,	0.022222222222222223,0.16201117318435754,	0.027616279069767442,0.10734463276836158,
348,72,213,	0.04611746156878203,0.6536312849162011,	0.04609053497942387,0.632768361581921,
225,462,213,	0.09388335704125178,0.3687150837988827,	0.15384615384615385,0.0903954802259887,
10,373,213,	0.302158273381295,0.2346368715083799,	0.32558139534883723,0.23728813559322035,
147,384,213,	0.1183206106870229,0.3463687150837989,	0.12531328320802004,0.2824858757062147,
309,410,213,	0.0849539406345957,0.46368715083798884,	0.088139281828074,0.4576271186440678,
116,353,213,	0.3723404255319149,0.19553072625698323,	0.36666666666666664,0.1864406779661017,
185,422,213,	0.03260869565217391,0.05027932960893855,
309,215,213,	0.21666666666666667,0.07262569832402235,	0.2,0.062146892655367235,
166,403,213,	0.3135593220338983,0.20670391061452514,	0.3,0.1864406779661017,
