366,	0.24210526315789474,0.37551020408163266,	0.24432576769025366,0.373469387755102,
402,	0.18300086730268864,0.4306122448979592,	0.18627450980392157,0.42653061224489797,
220,375,	0.0189873417721519,0.006122448979591836,	0.0189873417721519,0.006122448979591836,
220,230,	0.5,0.01020408163265306,	0.5,0.01020408163265306,
231,318,	0.09523809523809523,0.012244897959183673,	0.09523809523809523,0.012244897959183673,
54,189,	0.06822120686938711,0.8836734693877552,	0.07216142270861833,0.8629856850715747,
366,224,	0.10628513030148186,0.42448979591836733,	0.11305297651556527,0.42244897959183675,
402,230,	0.14285714285714285,0.006122448979591836,	0.15,0.006122448979591836,
402,94,	0.09298245614035087,0.5408163265306123,	0.09499820079165168,0.5387755102040817,
220,262,	0.15074626865671642,0.20612244897959184,	0.15074626865671642,0.20612244897959184,
231,230,	0.14545454545454545,0.0163265306122449,	0.14545454545454545,0.0163265306122449,
402,461,	0.09792677547419497,0.4530612244897959,	0.10488846701471286,0.45102040816326533,
220,171,	0.7777777777777778,0.014285714285714285,	0.7777777777777778,0.014285714285714285,
366,461,	0.11390374331550802,0.4346938775510204,	0.12169919632606199,0.4326530612244898,
220,224,	0.13471849865951743,0.41020408163265304,	0.13804945054945056,0.41020408163265304,
366,230,	0.42857142857142855,0.006122448979591836,	0.42857142857142855,0.006122448979591836,
231,375,	0.01707317073170732,0.014285714285714285,	0.01707317073170732,0.014285714285714285,
366,25,	0.13061650992685475,0.25510204081632654,	0.13247863247863248,0.2530612244897959,
402,171,	0.4,0.004081632653061225,	0.4,0.004081632653061225,
402,262,	0.09457236842105263,0.23469387755102042,	0.09620253164556962,0.23265306122448978,
366,375,	0.019455252918287938,0.01020408163265306,	0.016,0.00816326530612245,
366,94,	0.12609649122807018,0.46938775510204084,	0.12750556792873052,0.4673469387755102,
402,231,	1.0,0.0020408163265306124,	1.0,0.0020408163265306124,
332,189,	0.08091517857142858,0.8877551020408163,	0.07785388127853882,0.6959183673469388,
402,224,	0.09656652360515021,0.45918367346938777,	0.10355987055016182,0.45714285714285713,
366,171,	0.46153846153846156,0.012244897959183673,	0.4166666666666667,0.01020408163265306,
212,189,	0.044436848401982566,0.5306122448979592,	0.04557737344622591,0.5163265306122449,
402,162,	0.02531645569620253,0.004081632653061225,	0.025974025974025976,0.004081632653061225,
366,231,	0.75,0.006122448979591836,	0.6666666666666666,0.004081632653061225,
220,331,	0.3087179487179487,0.6142857142857143,	0.3087179487179487,0.6142857142857143,
220,94,	0.29838709677419356,0.6040816326530613,	0.29838709677419356,0.6040816326530613,
220,461,	0.15360983102918588,0.40816326530612246,	0.16116035455278002,0.40816326530612246,
366,162,	0.08064516129032258,0.01020408163265306,	0.06666666666666667,0.00816326530612245,
220,162,	0.13043478260869565,0.006122448979591836,	0.13043478260869565,0.006122448979591836,
366,120,	0.17391304347826086,0.00816326530612245,	0.13636363636363635,0.006122448979591836,
402,120,	0.030303030303030304,0.0020408163265306124,	0.03125,0.0020408163265306124,
366,262,	0.10798548094373865,0.24285714285714285,	0.10976744186046512,0.24081632653061225,
220,25,	0.195357833655706,0.20612244897959184,	0.195357833655706,0.20612244897959184,
402,331,	0.09325881942018861,0.5448979591836735,	0.0953405017921147,0.5428571428571428,
402,25,	0.1161939615736505,0.25918367346938775,	0.11786716557530402,0.2571428571428571,
63,254,	0.07781262250098,0.810204081632653,
366,331,	0.1291735084838533,0.4816326530612245,	0.13084632516703787,0.47959183673469385,
402,94,375,	0.050724637681159424,0.1,	0.05218317358892439,0.1,
220,317,80,	0.12406015037593984,0.4714285714285714,	0.12406015037593984,0.4714285714285714,
220,472,58,	0.39739884393063585,0.5612244897959183,	0.6,0.012244897959183673,
402,426,189,	0.026409627813683976,0.48367346938775513,	0.03330606520976978,0.5816326530612245,
402,420,183,	0.057064283258851836,0.33877551020408164,	0.056064492488090874,0.3122448979591837,
366,94,331,	0.07790334214955519,0.6612244897959184,	0.07897310513447432,0.6591836734693878,
63,300,366,	0.05702917771883289,0.9653061224489796,
220,165,402,	0.049320036264732546,0.5551020408163265,	0.04988954344624448,0.5530612244897959,
220,375,138,	0.08857022353437369,0.8571428571428571,	0.08857022353437369,0.8571428571428571,
220,279,58,	0.052840158520475564,0.5714285714285714,	0.14009661835748793,0.5918367346938775,
220,457,402,	0.05626306785782171,0.6040816326530613,	0.05722543352601156,0.6061224489795919,
402,34,271,	0.05552325581395349,0.7795918367346939,
220,129,402,	0.04888637221593054,0.5285714285714286,	0.04962636520406208,0.5285714285714286,
402,375,138,	0.03719973829329844,0.8122448979591836,	0.03805862566074003,0.8081632653061225,
220,295,235,	0.013385826771653543,0.13877551020408163,	0.012605042016806723,0.012244897959183673,
402,94,331,	0.060851926977687626,0.7346938775510204,	0.0624022249261255,0.7326530612244898,
332,449,366,	0.11142553944110364,0.6428571428571429,	0.12366412213740458,0.6612244897959184,
332,291,402,	0.07639054666984961,0.6530612244897959,	0.08717148061410357,0.6836734693877551,
220,199,436,	0.05909943714821764,0.7714285714285715,
366,457,402,	0.06880301602262016,0.7448979591836735,	0.07106499608457321,0.7408163265306122,
402,279,58,	0.044053549190535495,0.5775510204081633,	0.10164239231484351,0.6693877551020408,
402,20,257,	0.051333946642134316,0.5693877551020409,	0.057706008074091666,0.4959183673469388,
220,71,308,	1.0,0.030612244897959183,	1.0,0.030612244897959183,
220,49,286,	0.8906752411575563,0.5653061224489796,	1.0,0.5408163265306123,
220,47,269,	0.6442953020134228,0.19591836734693877,
402,81,318,	0.12017479970866715,0.336734693877551,	0.12229679343773303,0.3346938775510204,
212,95,366,	0.04331641285956007,0.5224489795918368,	0.045346062052505964,0.5428571428571428,
54,449,402,	0.07065497679216091,0.5591836734693878,	0.08822733423545331,0.6666666666666666,
402,299,62,	0.0537915035522691,0.7571428571428571,	0.057158025128295875,0.6591836734693878,
220,81,318,	0.6555323590814196,0.6408163265306123,	0.6555323590814196,0.6408163265306123,
402,387,375,	0.07692307692307693,0.0020408163265306124,	0.07692307692307693,0.0020408163265306124,
366,297,60,	0.43157894736842106,0.0836734693877551,	0.3125,0.04081632653061224,
212,95,402,	0.04782799473453269,0.4448979591836735,	0.056369285397248114,0.5183673469387755,
366,457,220,	0.056975282781734395,0.8326530612244898,	0.05826771653543307,0.8306122448979592,
54,95,366,	0.06740157480314961,0.8734693877551021,	0.07293540474243664,0.9120654396728016,
220,138,230,	0.7074340527577938,0.6020408163265306,	0.7074340527577938,0.6020408163265306,
220,297,60,	1.0,0.17755102040816326,	1.0,0.05510204081632653,
366,81,318,	0.16206896551724137,0.28775510204081634,	0.16279069767441862,0.2857142857142857,
220,260,23,	0.3044776119402985,0.20816326530612245,	0.36220472440944884,0.18775510204081633,
220,295,42,	0.12140240711669283,0.47346938775510206,	0.26199261992619927,0.14489795918367346,
366,409,172,	0.011345218800648298,0.38571428571428573,	0.011604938271604939,0.3836734693877551,
220,134,371,	0.5443037974683544,0.08775510204081632,	1.0,0.03469387755102041,
220,165,220,	0.059736989367655285,0.8714285714285714,	0.059736989367655285,0.8714285714285714,
63,300,220,	0.06527241241507926,1.0,
220,295,58,	0.034057108863771564,0.4673469387755102,	0.07726835524206477,0.49183673469387756,
220,461,224,	0.059870550161812294,0.3020408163265306,	0.06279168434450573,0.3020408163265306,
220,96,333,	0.04922480620155039,0.7775510204081633,
402,468,231,	0.08381962864721486,0.3224489795918367,	0.09527559055118111,0.24693877551020407,
220,171,408,	0.06818181818181818,0.018367346938775512,	0.06818181818181818,0.018367346938775512,
220,409,172,	0.011455646854195405,0.38979591836734695,	0.011502559470039146,0.38979591836734695,
366,331,94,	0.08247687564234327,0.6551020408163265,	0.08374771002355404,0.6530612244897959,
220,472,235,	0.3292181069958848,0.16326530612244897,	0.5,0.02040816326530612,
220,445,208,	0.07286082985904307,0.7489795918367347,	0.07286082985904307,0.7489795918367347,
220,331,375,	0.1182108626198083,0.07551020408163266,	0.1182108626198083,0.07551020408163266,
402,409,172,	0.010926148389680224,0.38979591836734695,	0.011169900058788948,0.3877551020408163,
220,187,424,	0.04143475572047001,0.6836734693877551,	0.04143475572047001,0.6836734693877551,
220,331,162,	0.23469387755102042,0.04693877551020408,	0.23469387755102042,0.04693877551020408,
366,375,138,	0.04226639250628284,0.7551020408163265,	0.04410182861240588,0.753061224489796,
402,49,286,	0.17715019255455713,0.2816326530612245,	0.19004524886877827,0.2571428571428571,
220,421,184,	0.14111498257839722,0.3306122448979592,	0.17333333333333334,0.2653061224489796,
220,457,220,	0.03167484232655921,0.46122448979591835,	0.03167484232655921,0.46122448979591835,
366,426,189,	0.03411214953271028,0.5959183673469388,	0.03899448191293685,0.6489795918367347,
366,276,39,	0.08387538514207463,0.5,	0.08545517963027555,0.5,
366,108,345,	0.018930627262477004,0.6510204081632653,
220,134,58,	0.2923076923076923,0.15510204081632653,	0.2923076923076923,0.15510204081632653,
366,34,269,	0.06122114912424292,0.763265306122449,
54,449,220,	0.12176759410801964,0.7591836734693878,	0.1273031825795645,0.7770961145194274,
402,466,229,	0.04023193577163247,0.9204081632653062,	0.04196529611467371,0.9081632653061225,
220,255,18,	1.0,0.05714285714285714,	1.0,0.014285714285714285,
366,129,220,	0.05917655268667132,0.8653061224489796,	0.06051502145922747,0.863265306122449,
402,387,150,	0.09901365705614568,0.5326530612244897,	0.10204081632653061,0.5204081632653061,
220,397,160,	0.13714285714285715,0.44081632653061226,	0.1947565543071161,0.3183673469387755,
366,165,366,	0.04690858515615122,0.7571428571428571,	0.04818015187221786,0.7510204081632653,
220,34,269,	0.061548534948436734,0.7673469387755102,
54,95,402,	0.07044314381270902,0.6877551020408164,	0.08086312118570183,0.7586912065439673,
402,165,366,	0.03929604628736741,0.6653061224489796,	0.04078323771514093,0.6673469387755102,
220,297,183,	0.3,0.018367346938775512,	0.6,0.018367346938775512,
220,32,271,	0.058231707317073174,0.7795918367346939,
402,331,94,	0.06183557760453579,0.7122448979591837,	0.06350364963503649,0.710204081632653,
366,47,269,	0.0738255033557047,0.022448979591836733,
366,165,220,	0.05843793584379359,0.8551020408163266,	0.059899928520371695,0.8551020408163266,
220,375,94,	0.15544041450777202,0.061224489795918366,	0.15544041450777202,0.061224489795918366,
54,189,331,	0.054820143884892085,0.7775510204081633,	0.05665974488282409,0.7811860940695297,
332,291,220,	0.09518167456556083,0.9836734693877551,	0.10217576791808873,0.9775510204081632,
63,300,402,	0.07268041237113403,0.863265306122449,
366,331,331,	0.07998996990972919,0.6510204081632653,	0.08124680633622892,0.6489795918367347,
220,276,39,	0.23534338358458962,0.573469387755102,	0.23534338358458962,0.573469387755102,
366,199,436,	0.058786741713570984,0.7673469387755102,
220,420,60,	0.011467889908256881,0.01020408163265306,	0.013089005235602094,0.01020408163265306,
402,165,402,	0.041224769072870336,0.49183673469387756,	0.042481336651262,0.48775510204081635,
220,138,150,	0.875,0.014285714285714285,	0.875,0.014285714285714285,
366,96,333,	0.04279069767441861,0.7510204081632653,
220,299,62,	0.10898502495840266,0.8020408163265306,	0.10430563978168587,0.7020408163265306,
402,32,271,	0.05552325581395349,0.7795918367346939,
332,189,375,	0.030660377358490566,0.053061224489795916,	0.03412462908011869,0.04693877551020408,
366,94,94,	0.07551650439325576,0.6489795918367347,	0.07662557408750302,0.6469387755102041,
220,94,375,	0.07799442896935933,0.05714285714285714,	0.07799442896935933,0.05714285714285714,
220,457,366,	0.047133264462809916,0.7448979591836735,	0.04747000521648409,0.7428571428571429,
220,120,357,	0.5833333333333334,0.014285714285714285,	0.5833333333333334,0.014285714285714285,
366,420,183,	0.06499327655759748,0.29591836734693877,	0.06431634111481659,0.2755102040816326,
212,291,402,	0.044438927507447865,0.3653061224489796,	0.05416981607457798,0.4387755102040816,
220,200,437,	0.37815126050420167,0.2755102040816326,	0.37815126050420167,0.2755102040816326,
54,291,366,	0.0651792828685259,0.8346938775510204,	0.07107884517980753,0.8609406952965235,
220,260,183,	0.022151898734177215,0.014285714285714285,	0.029411764705882353,0.014285714285714285,
54,291,220,	0.08391608391608392,0.9795918367346939,	0.09072241926451372,0.9938650306748467,
332,189,331,	0.059855844562832966,0.7795918367346939,	0.0658749304138059,0.7244897959183674,
220,138,162,	0.1355170199100835,0.4306122448979592,	0.1355170199100835,0.4306122448979592,
366,466,229,	0.045085755366129195,0.8959183673469387,	0.047333406042098375,0.8857142857142857,
220,244,7,	1.0,0.0020408163265306124,	1.0,0.0020408163265306124,
220,224,461,	0.059670781893004114,0.29591836734693877,	0.062018819503849444,0.29591836734693877,
402,129,220,	0.057180851063829786,0.8775510204081632,	0.05854322668481961,0.8775510204081632,
220,331,230,	0.625,0.030612244897959183,	0.625,0.030612244897959183,
220,138,375,	0.035931174089068825,0.7244897959183674,	0.035931174089068825,0.7244897959183674,
402,297,60,	0.36507936507936506,0.09387755102040816,	0.21428571428571427,0.036734693877551024,
332,95,220,	0.08637577916295637,0.9897959183673469,	0.09195619335347432,0.9938775510204082,
63,254,331,	0.05379076662431173,0.7775510204081633,
63,254,375,	0.03988035892323031,0.08163265306122448,
220,108,345,	0.03374590077224161,0.6510204081632653,
220,129,366,	0.05692530819434373,0.6408163265306123,	0.057582981844856045,0.6408163265306123,
220,420,23,	0.21212121212121213,0.014285714285714285,	0.21212121212121213,0.014285714285714285,
402,331,375,	0.05402650356778797,0.10816326530612246,	0.055613850996852045,0.10816326530612246,
366,20,257,	0.05901716435457324,0.5122448979591837,	0.06484848484848485,0.43673469387755104,
220,420,183,	0.16843702579666162,0.4530612244897959,	0.1720969089390142,0.4204081632653061,
220,446,209,	0.07853403141361257,0.5816326530612245,	0.0824895771292436,0.5653061224489796,
212,291,366,	0.0380723718058652,0.4530612244897959,	0.044848484848484846,0.5285714285714286,
220,420,150,	0.35919540229885055,0.25510204081632654,	0.359375,0.23469387755102042,
402,467,230,	0.1959686450167973,0.35714285714285715,	0.2002301495972382,0.3551020408163265,
332,449,220,	0.1293754289636239,0.7693877551020408,	0.13906307635558834,0.7693877551020408,
366,47,271,	0.0625,0.02040816326530612,
402,151,388,	0.049904813706826215,0.7489795918367347,	0.04879740980573543,0.4306122448979592,
220,466,229,	0.071565383945673,0.8387755102040816,	0.07455012853470437,0.8285714285714286,
220,467,230,	1.0,0.6326530612244898,	1.0,0.6326530612244898,
332,95,366,	0.06845093268450933,0.8612244897959184,	0.07530224525043178,0.889795918367347,
220,387,375,	1.0,0.014285714285714285,	1.0,0.014285714285714285,
220,378,141,	0.16666666666666666,0.03469387755102041,	0.16666666666666666,0.03469387755102041,
366,457,366,	0.05405749173238362,0.8673469387755102,	0.05572388354630484,0.863265306122449,
402,276,39,	0.06515989420533783,0.5530612244897959,	0.06717897868120971,0.5530612244897959,
220,17,254,	0.07410165704710482,0.8122448979591836,
366,165,402,	0.052083333333333336,0.5918367346938775,	0.0541954774808447,0.5918367346938775,
402,457,220,	0.05276448697501329,0.810204081632653,	0.054020955232004356,0.810204081632653,
366,49,286,	0.267260579064588,0.24489795918367346,	0.28717948717948716,0.22857142857142856,
220,387,150,	0.1783980582524272,0.6,	0.16412971542025148,0.5061224489795918,
402,295,58,	0.03100245834471456,0.463265306122449,	0.06436592714324843,0.47959183673469385,
220,295,346,	0.031630971993410216,0.19591836734693877,	0.046065259117082535,0.04897959183673469,
220,426,189,	0.031220767072029934,0.5448979591836735,	0.031514127022458344,0.5326530612244897,
220,165,366,	0.04074594456507855,0.6510204081632653,	0.041424699961285325,0.6551020408163265,
402,17,254,	0.06816971418427126,0.7836734693877551,
402,129,366,	0.0410942395758014,0.6959183673469388,	0.0425081027175268,0.6959183673469388,
54,189,375,	0.023991275899672846,0.044897959183673466,	0.023809523809523808,0.04294478527607362,
220,94,162,	0.20238095238095238,0.03469387755102041,	0.20238095238095238,0.03469387755102041,
220,138,94,	0.010321946424182845,0.08571428571428572,	0.010321946424182845,0.08571428571428572,
220,57,294,	0.05459444129325014,0.7857142857142857,
402,446,209,	0.06354590682948892,0.573469387755102,	0.0702842377260982,0.5551020408163265,
220,279,42,	0.15054945054945054,0.5591836734693878,	0.34146341463414637,0.22857142857142856,
402,129,402,	0.046037994181071365,0.5489795918367347,	0.04712786768628846,0.5408163265306123,
220,34,271,	0.058231707317073174,0.7795918367346939,
220,20,257,	0.1065496709495456,0.6938775510204082,	0.10388247639034627,0.6061224489795919,
402,162,399,	0.046098761748470836,0.6306122448979592,	0.04718998167379353,0.6306122448979592,
366,129,366,	0.047250193648334625,0.746938775510204,	0.04896976184104897,0.746938775510204,
402,457,402,	0.06169985775248933,0.7081632653061225,	0.06389658356417359,0.7061224489795919,
212,449,220,	0.09515449438202248,0.5530612244897959,	0.10007022471910113,0.5816326530612245,
220,297,150,	0.847457627118644,0.10204081632653061,	0.84375,0.05510204081632653,
220,94,94,	0.17553893532776066,0.8142857142857143,	0.17553893532776066,0.8142857142857143,
402,165,220,	0.052624584717607975,0.8081632653061225,	0.053877551020408164,0.8081632653061225,
366,17,254,	0.07168125116365667,0.7857142857142857,
402,445,208,	0.06938929854414823,0.7489795918367347,	0.07084785133565621,0.746938775510204,
220,399,162,	1.0,0.4530612244897959,	1.0,0.4530612244897959,
220,375,331,	0.21666666666666667,0.07959183673469387,	0.21666666666666667,0.07959183673469387,
332,189,94,	0.06010230179028133,0.7673469387755102,	0.06504065040650407,0.7020408163265306,
220,78,315,	0.23694779116465864,0.24081632653061225,	0.24180327868852458,0.24081632653061225,
366,34,271,	0.057926829268292686,0.7755102040816326,
212,95,220,	0.05186950146627566,0.5775510204081633,	0.05255420801176038,0.5836734693877551,
366,187,424,	0.04510371442354076,0.763265306122449,	0.04611770524233432,0.7612244897959184,
366,151,388,	0.05690799873537781,0.7346938775510204,	0.062111801242236024,0.40816326530612246,
220,237,0,	1.0,0.0163265306122449,	1.0,0.0163265306122449,
220,299,257,	0.08944240022643646,0.6448979591836734,	0.08735705209656926,0.5612244897959183,
220,162,399,	0.15214251324025035,0.6448979591836734,	0.15214251324025035,0.6448979591836734,
402,187,424,	0.04209563029055136,0.7510204081632653,	0.04298430545795268,0.7489795918367347,
54,95,220,	0.08202592087312414,0.9816326530612245,	0.08587987355110643,1.0,
220,151,388,	0.0871359779867003,0.7755102040816326,	0.09359400998336107,0.45918367346938777,
402,47,269,	0.04697986577181208,0.014285714285714285,
402,331,331,	0.06204506065857886,0.7306122448979592,	0.06369313113291704,0.7285714285714285,
220,387,183,	0.015191328625390048,0.37755102040816324,	0.014864263462394304,0.3408163265306122,
402,32,269,	0.05868581239269549,0.7673469387755102,
212,449,366,	0.07003610108303249,0.39591836734693875,	0.08247800586510264,0.45918367346938777,
366,295,58,	0.03239274402533832,0.45918367346938777,	0.07523782069760739,0.5326530612244897,
54,189,94,	0.05544989027066569,0.773469387755102,	0.05752346351801393,0.7770961145194274,
402,96,333,	0.04121146565711195,0.7775510204081633,
212,449,402,	0.04622197619706615,0.3408163265306122,	0.06188466947960619,0.4489795918367347,
220,468,231,	0.3103448275862069,0.40408163265306124,	0.35319148936170214,0.33877551020408164,
220,109,58,	0.13222453222453223,0.6489795918367347,	0.13222453222453223,0.6489795918367347,
366,32,269,	0.06122114912424292,0.763265306122449,
332,449,402,	0.08161102278749338,0.6285714285714286,	0.094356005788712,0.6653061224489796,
366,467,230,	0.2681992337164751,0.2857142857142857,	0.26990291262135924,0.2836734693877551,
220,230,467,	0.011061946902654867,0.02040816326530612,	0.011061946902654867,0.02040816326530612,
220,47,271,	0.625,0.20408163265306123,
212,291,220,	0.05251270468661773,0.5693877551020409,	0.053217588224193244,0.5755102040816327,
220,77,314,	0.048056155507559394,0.363265306122449,	0.046511627906976744,0.3510204081632653,
332,189,162,	0.17518248175182483,0.04897959183673469,	0.1743119266055046,0.03877551020408163,
366,57,294,	0.05430313341840352,0.7816326530612245,
402,34,269,	0.05868581239269549,0.7673469387755102,
402,108,345,	0.018050132971199003,0.6510204081632653,
220,331,331,	0.18946873530794547,0.8224489795918367,	0.18946873530794547,0.8224489795918367,
366,299,62,	0.06272300469483567,0.6816326530612244,	0.06470456077286003,0.5877551020408164,
402,57,294,	0.052055164954029204,0.7857142857142857,
366,445,208,	0.07142857142857142,0.7346938775510204,	0.07301199918649583,0.7326530612244898,
220,20,62,	0.11003236245954692,0.6938775510204082,	0.10396570203644159,0.5938775510204082,
63,254,230,	0.1532258064516129,0.03877551020408163,
220,399,331,	0.011542497376705142,0.044897959183673466,	0.011542497376705142,0.044897959183673466,
54,291,402,	0.06606606606606606,0.5836734693877551,	0.0794460641399417,0.6687116564417178,
63,254,94,	0.054104477611940295,0.7693877551020408,
220,94,230,	0.2,0.02040816326530612,	0.2,0.02040816326530612,
63,254,162,	0.2155688622754491,0.07346938775510205,
220,399,94,	0.01435670900055218,0.053061224489795916,	0.01435670900055218,0.053061224489795916,
366,162,399,	0.04966216216216216,0.6,	0.05100624566273421,0.6,
220,94,331,	0.18173797970886635,0.8408163265306122,	0.18173797970886635,0.8408163265306122,
366,387,150,	0.10344827586206896,0.5142857142857142,	0.1076388888888889,0.5061224489795918,
54,449,366,	0.09973045822102426,0.6040816326530613,	0.11434584356366187,0.6666666666666666,
366,129,402,	0.055135135135135134,0.6244897959183674,	0.05718035245594301,0.6224489795918368,
402,47,271,	0.0375,0.012244897959183673,
220,331,94,	0.19212295869356388,0.8163265306122449,	0.19212295869356388,0.8163265306122449,
366,32,271,	0.057926829268292686,0.7755102040816326,
220,131,368,	0.011537877637771367,0.46530612244897956,	0.03418124006359301,0.08775510204081632,
220,467,375,	0.06604226705091258,0.5612244897959183,	0.06604226705091258,0.5612244897959183,
220,129,220,	0.06209057248647109,0.889795918367347,	0.06209057248647109,0.889795918367347,
220,399,375,	0.6184971098265896,0.43673469387755104,	0.6184971098265896,0.43673469387755104,
332,291,366,	0.06890894175553733,0.8571428571428571,	0.0757330455117827,0.8591836734693877,
402,199,436,	0.05635062611806798,0.7714285714285715,
402,94,94,	0.05909167651527942,0.7142857142857143,	0.0606218516588501,0.7122448979591837,
220,443,206,	0.013986013986013986,0.08163265306122448,	0.013986013986013986,0.08163265306122448,
332,189,230,	0.14705882352941177,0.030612244897959183,	0.12962962962962962,0.014285714285714285,
402,457,366,	0.05131004366812227,0.863265306122449,	0.0528363453815261,0.8591836734693877,
332,95,402,	0.07234412339778405,0.6795918367346939,	0.08314140948871487,0.736734693877551,
220,32,269,	0.061548534948436734,0.7673469387755102,
