65,289,	0.2,0.0196078431372549,
65,31,	0.08333333333333333,0.0784313725490196,	0.2222222222222222,0.10526315789473684,
65,349,	0.08737864077669903,0.17647058823529413,	0.02631578947368421,0.05263157894736842,
65,248,	0.125,0.0196078431372549,
65,344,	0.06666666666666667,0.0196078431372549,
65,226,	0.2857142857142857,0.0196078431372549,
65,463,	0.4,0.0196078431372549,
65,107,	0.08,0.0196078431372549,
65,112,	0.09174311926605505,0.19607843137254902,	0.025,0.05263157894736842,
65,174,	0.15384615384615385,0.0196078431372549,
65,52,	0.2222222222222222,0.0196078431372549,
65,177,	0.1,0.00980392156862745,
65,249,	0.15789473684210525,0.058823529411764705,	0.4,0.10526315789473684,
65,12,	0.13333333333333333,0.058823529411764705,	0.2857142857142857,0.10526315789473684,
65,411,	0.03278688524590164,0.0196078431372549,
65,268,	0.0851063829787234,0.0784313725490196,	0.25,0.10526315789473684,
65,11,	0.14285714285714285,0.0196078431372549,
65,414,	0.1,0.00980392156862745,
65,107,344,	0.2028985507246377,0.13725490196078433,	0.2,0.05263157894736842,
65,406,169,	0.06329113924050633,0.19607843137254902,
65,111,173,	0.1282051282051282,0.09803921568627451,	0.2857142857142857,0.10526315789473684,
65,112,249,	0.05442176870748299,0.0784313725490196,	0.037037037037037035,0.10526315789473684,
65,268,249,	0.08139534883720931,0.06862745098039216,	0.06060606060606061,0.10526315789473684,
65,249,248,	0.04878048780487805,0.0196078431372549,
65,18,255,	0.012048192771084338,0.0392156862745098,
65,60,260,	0.09302325581395349,0.0784313725490196,	0.024390243902439025,0.05263157894736842,
65,183,297,	0.01488833746898263,0.11764705882352941,
65,455,218,	0.01020408163265306,0.00980392156862745,
65,183,420,	0.02198492462311558,0.3431372549019608,
65,344,112,	0.04371584699453552,0.0784313725490196,
65,268,349,	0.09774436090225563,0.38235294117647056,	0.08333333333333333,0.3157894736842105,
65,22,259,	0.01514059120403749,0.20588235294117646,
65,11,349,	0.05434782608695652,0.049019607843137254,
65,112,248,	0.05454545454545454,0.029411764705882353,
65,11,248,	0.21951219512195122,0.08823529411764706,
65,69,306,	0.6666666666666666,0.058823529411764705,
65,11,344,	0.061224489795918366,0.029411764705882353,
65,111,348,	0.1276595744680851,0.17647058823529413,	0.18181818181818182,0.10526315789473684,
65,349,249,	0.04132231404958678,0.049019607843137254,	0.03333333333333333,0.05263157894736842,
65,248,344,	0.05555555555555555,0.029411764705882353,
65,268,31,	0.1630901287553648,0.37254901960784315,	0.2222222222222222,0.3157894736842105,
65,349,107,	0.06493506493506493,0.049019607843137254,
65,349,344,	0.08695652173913043,0.058823529411764705,	0.09090909090909091,0.05263157894736842,
65,107,249,	0.06382978723404255,0.029411764705882353,	0.14285714285714285,0.05263157894736842,
65,287,50,	0.03524075366364271,0.9901960784313726,	0.029780564263322883,1.0,
65,226,463,	0.625,0.049019607843137254,
65,112,349,	0.06596306068601583,0.49019607843137253,	0.03333333333333333,0.3684210526315789,
65,72,309,	0.08163265306122448,0.19607843137254902,	0.10526315789473684,0.10526315789473684,
65,107,248,	0.10714285714285714,0.029411764705882353,
65,70,36,	0.06936416184971098,0.23529411764705882,
65,12,248,	0.05,0.0196078431372549,
65,183,260,	0.08333333333333333,0.20588235294117646,	0.024390243902439025,0.05263157894736842,
65,249,31,	0.11864406779661017,0.06862745098039216,	0.6666666666666666,0.10526315789473684,
65,97,307,	0.030303030303030304,0.10784313725490197,
65,111,309,	0.044642857142857144,0.049019607843137254,	0.14285714285714285,0.10526315789473684,
65,11,11,	0.23684210526315788,0.08823529411764706,
65,11,107,	0.06666666666666667,0.029411764705882353,
65,329,92,	0.026041666666666668,0.3431372549019608,
65,70,334,	0.023131672597864767,0.12745098039215685,
65,112,344,	0.0759493670886076,0.058823529411764705,	0.05555555555555555,0.05263157894736842,
65,323,86,	0.023391812865497075,0.0392156862745098,
65,248,249,	0.021739130434782608,0.00980392156862745,
65,11,249,	0.02702702702702703,0.00980392156862745,
65,390,153,	0.05823754789272031,0.7450980392156863,
65,12,12,	0.11450381679389313,0.14705882352941177,	0.16666666666666666,0.10526315789473684,
65,97,36,	0.06547619047619048,0.21568627450980393,
65,12,344,	0.0379746835443038,0.029411764705882353,	0.14285714285714285,0.05263157894736842,
65,248,248,	0.17647058823529413,0.08823529411764706,
65,329,36,	0.06187624750499002,0.30392156862745096,
65,329,334,	0.01670378619153675,0.14705882352941177,
65,349,248,	0.038461538461538464,0.0196078431372549,
65,304,67,	0.03518518518518519,0.5588235294117647,	0.020833333333333332,0.10526315789473684,
65,12,249,	0.15079365079365079,0.18627450980392157,	0.16666666666666666,0.10526315789473684,
65,31,31,	0.1794871794871795,0.3431372549019608,	0.2,0.3157894736842105,
65,268,12,	0.0875,0.06862745098039216,	0.06666666666666667,0.10526315789473684,
65,97,92,	0.03489640130861505,0.3137254901960784,
65,302,65,	0.3128834355828221,1.0,	1.0,1.0,
65,349,112,	0.07270233196159122,0.5196078431372549,	0.04712041884816754,0.47368421052631576,
65,273,36,	0.048824593128390596,0.5294117647058824,	0.08839779005524862,0.8421052631578947,
65,249,112,	0.03734439834024896,0.08823529411764706,	0.045454545454545456,0.10526315789473684,
65,107,107,	0.20634920634920634,0.12745098039215685,	0.16666666666666666,0.05263157894736842,
65,175,412,	0.02577319587628866,0.14705882352941177,
65,344,344,	0.1566265060240964,0.12745098039215685,	0.2,0.05263157894736842,
65,12,31,	0.08641975308641975,0.06862745098039216,	0.6666666666666666,0.10526315789473684,
65,174,411,	0.19444444444444445,0.13725490196078433,
65,31,268,	0.18660287081339713,0.38235294117647056,	0.22580645161290322,0.3684210526315789,
65,248,349,	0.05263157894736842,0.049019607843137254,
65,83,153,	0.041574279379157426,0.7352941176470589,
65,349,349,	0.06862745098039216,0.4803921568627451,	0.03910614525139665,0.3684210526315789,
65,344,248,	0.08571428571428572,0.029411764705882353,
65,249,268,	0.13114754098360656,0.0784313725490196,	0.5,0.10526315789473684,
65,248,11,	0.1836734693877551,0.08823529411764706,
65,328,91,	0.014167650531286895,0.23529411764705882,
65,112,11,	0.06,0.029411764705882353,
65,97,334,	0.024125452352231604,0.19607843137254902,
65,31,12,	0.109375,0.06862745098039216,	0.06666666666666667,0.10526315789473684,
65,177,414,	0.23076923076923078,0.058823529411764705,	0.2,0.05263157894736842,
65,329,307,	0.022018348623853212,0.11764705882352941,
65,249,349,	0.03225806451612903,0.0784313725490196,	0.0425531914893617,0.10526315789473684,
65,72,173,	0.14285714285714285,0.029411764705882353,	0.5,0.05263157894736842,
65,112,31,	0.10027855153203342,0.35294117647058826,	0.08,0.3157894736842105,
65,248,112,	0.05263157894736842,0.049019607843137254,
65,12,349,	0.030927835051546393,0.08823529411764706,	0.05555555555555555,0.15789473684210525,
65,60,420,	0.02733485193621868,0.11764705882352941,
65,460,223,	0.06395348837209303,0.10784313725490197,
65,349,31,	0.10315186246418338,0.35294117647058826,	0.06557377049180328,0.21052631578947367,
65,60,297,	0.05757575757575758,0.18627450980392157,
65,344,107,	0.20270270270270271,0.14705882352941177,	0.25,0.05263157894736842,
65,410,173,	0.15942028985507245,0.10784313725490197,	0.3333333333333333,0.10526315789473684,
65,141,378,	0.8333333333333334,0.049019607843137254,	1.0,0.05263157894736842,
65,107,112,	0.07142857142857142,0.08823529411764706,	0.06666666666666667,0.05263157894736842,
65,12,107,	0.01282051282051282,0.00980392156862745,
65,404,167,	0.025896414342629483,0.8921568627450981,	0.026134800550206328,1.0,
65,107,11,	0.13636363636363635,0.029411764705882353,
65,268,268,	0.14644351464435146,0.3431372549019608,	0.1935483870967742,0.3157894736842105,
65,414,177,	0.25,0.058823529411764705,	0.25,0.05263157894736842,
65,70,307,	0.027586206896551724,0.11764705882352941,
65,344,11,	0.10714285714285714,0.029411764705882353,
65,30,267,	0.07317073170731707,0.058823529411764705,
65,112,268,	0.10084033613445378,0.35294117647058826,	0.0821917808219178,0.3157894736842105,
65,31,249,	0.1,0.06862745098039216,	0.058823529411764705,0.10526315789473684,
65,344,349,	0.04678362573099415,0.0784313725490196,
65,249,12,	0.1415929203539823,0.1568627450980392,	0.2,0.10526315789473684,
65,176,413,	0.01702127659574468,0.0392156862745098,
65,112,112,	0.06561679790026247,0.49019607843137253,	0.03225806451612903,0.3684210526315789,
65,273,92,	0.011143887250081941,0.3333333333333333,
65,263,26,	0.0594059405940594,0.058823529411764705,	0.03125,0.05263157894736842,
65,11,12,	0.023255813953488372,0.00980392156862745,
65,83,320,	0.02600896860986547,0.8529411764705882,
65,410,309,	0.04285714285714286,0.029411764705882353,	0.1111111111111111,0.05263157894736842,
65,349,11,	0.043478260869565216,0.0196078431372549,
65,463,226,	0.5714285714285714,0.0392156862745098,
65,410,348,	0.10576923076923077,0.10784313725490197,	0.2857142857142857,0.10526315789473684,
65,249,249,	0.13636363636363635,0.14705882352941177,	0.2,0.10526315789473684,
65,407,170,	0.42857142857142855,0.08823529411764706,	0.5,0.10526315789473684,
65,306,69,	0.8,0.0784313725490196,
65,11,112,	0.052083333333333336,0.049019607843137254,
65,12,268,	0.1,0.0784313725490196,	0.5,0.10526315789473684,
65,31,349,	0.09615384615384616,0.3431372549019608,	0.05747126436781609,0.2631578947368421,
65,248,107,	0.057692307692307696,0.029411764705882353,
65,239,2,	0.2711864406779661,0.1568627450980392,	0.26666666666666666,0.21052631578947367,
65,70,92,	0.035634743875278395,0.3137254901960784,
65,411,174,	0.5128205128205128,0.39215686274509803,	0.5652173913043478,0.6842105263157895,
65,349,268,	0.10914454277286136,0.3627450980392157,	0.10344827586206896,0.3157894736842105,
65,12,112,	0.02527075812274368,0.06862745098039216,	0.04,0.10526315789473684,
65,337,100,	0.20689655172413793,0.058823529411764705,
65,249,344,	0.03278688524590164,0.0196078431372549,
65,181,418,	0.4166666666666667,0.049019607843137254,
65,112,107,	0.05555555555555555,0.049019607843137254,
65,249,107,	0.03125,0.0196078431372549,
65,72,348,	0.07246376811594203,0.049019607843137254,	0.18181818181818182,0.10526315789473684,
65,107,12,	0.03773584905660377,0.0196078431372549,
65,268,112,	0.10178117048346055,0.39215686274509803,	0.07042253521126761,0.2631578947368421,
65,23,260,	0.11293634496919917,0.5392156862745098,	0.0625,0.3684210526315789,
65,2,239,	0.30158730158730157,0.18627450980392157,	0.625,0.2631578947368421,
65,315,78,	0.06741573033707865,0.058823529411764705,
65,107,349,	0.08181818181818182,0.08823529411764706,	0.09090909090909091,0.05263157894736842,
65,31,112,	0.1,0.3627450980392157,	0.06521739130434782,0.3157894736842105,
65,390,320,	0.0427426536064114,0.9411764705882353,
65,458,221,	0.06896551724137931,0.0392156862745098,
65,112,12,	0.053691275167785234,0.0784313725490196,	0.041666666666666664,0.10526315789473684,
65,344,249,	0.01818181818181818,0.00980392156862745,
65,12,11,	0.05263157894736842,0.0196078431372549,
65,349,12,	0.048,0.058823529411764705,	0.03571428571428571,0.05263157894736842,
65,249,11,	0.07142857142857142,0.029411764705882353,
65,344,12,	0.030303030303030304,0.0196078431372549,
65,53,290,	0.01639344262295082,0.058823529411764705,
65,248,12,	0.044444444444444446,0.0196078431372549,
