129,63,	0.42114384748700173,0.94921875,	0.3697916666666667,0.9594594594594594,
461,17,	0.49489795918367346,0.37890625,	0.5,0.4189189189189189,
399,17,	0.2222222222222222,0.0078125,	0.3333333333333333,0.013513513513513514,
138,17,	0.06896551724137931,0.015625,	0.1111111111111111,0.02702702702702703,
468,17,	1.0,0.00390625,
331,17,	0.42280285035629456,0.6953125,	0.3984375,0.6891891891891891,
262,17,	0.5284552845528455,0.25390625,	0.5,0.25675675675675674,
231,17,	0.012195121951219513,0.00390625,
467,17,	0.4,0.0078125,	0.5,0.013513513513513514,
25,17,	0.4715447154471545,0.2265625,	0.43243243243243246,0.21621621621621623,
87,17,	0.22727272727272727,0.01953125,	0.16666666666666666,0.013513513513513514,
165,63,	0.6345177664974619,0.9765625,	0.556390977443609,1.0,
81,17,	1.0,0.0078125,
94,17,	0.419811320754717,0.6953125,	0.3893129770992366,0.6891891891891891,
457,63,	0.4396887159533074,0.8828125,	0.391812865497076,0.9054054054054054,
224,17,	0.5274725274725275,0.375,	0.543859649122807,0.4189189189189189,
408,17,	0.6666666666666666,0.0078125,	1.0,0.013513513513513514,
357,17,	0.25,0.00390625,
318,17,	0.012269938650306749,0.0078125,
324,17,	0.5555555555555556,0.01953125,	0.3333333333333333,0.013513513513513514,
94,165,63,	0.37377690802348335,0.74609375,	0.3157894736842105,0.7297297297297297,
467,331,17,	0.6,0.0234375,	0.5,0.013513513513513514,
165,220,17,	0.44938271604938274,0.7109375,	0.37037037037037035,0.6756756756756757,
94,457,63,	0.3679417122040073,0.7890625,	0.31868131868131866,0.7837837837837838,
138,230,17,	0.17041420118343195,0.5625,	0.16376306620209058,0.6351351351351351,
187,424,17,	0.12908496732026145,0.30859375,	0.11764705882352941,0.32432432432432434,
138,331,17,	0.14432989690721648,0.0546875,	0.1935483870967742,0.08108108108108109,
299,62,17,	0.3890977443609023,0.80859375,	0.35333333333333333,0.7162162162162162,
199,436,17,	0.405982905982906,0.7421875,
17,254,17,	0.1450381679389313,0.22265625,
151,388,17,	0.34269662921348315,0.71484375,	0.2396694214876033,0.3918918918918919,
399,331,17,	0.4583333333333333,0.04296875,	0.42857142857142855,0.04054054054054054,
25,262,17,	0.5314285714285715,0.36328125,	0.46551724137931033,0.36486486486486486,
420,183,17,	0.26299694189602446,0.3359375,	0.30952380952380953,0.35135135135135137,
457,220,17,	0.25523809523809526,0.5234375,	0.2023121387283237,0.47297297297297297,
420,60,17,	0.2857142857142857,0.015625,	0.4,0.02702702702702703,
397,160,17,	0.6598639455782312,0.37890625,	0.7037037037037037,0.25675675675675674,
255,18,17,	1.0,0.03125,	1.0,0.04054054054054054,
387,183,17,	0.59375,0.1484375,	0.7,0.1891891891891892,
408,171,17,	1.0,0.42578125,	1.0,0.4864864864864865,
331,331,17,	0.3301282051282051,0.8046875,	0.3125,0.8108108108108109,
138,375,17,	0.11169652265542676,0.828125,	0.1015625,0.8783783783783784,
138,129,63,	0.0641025641025641,0.01953125,	0.07692307692307693,0.02702702702702703,
32,271,17,	0.4228187919463087,0.73828125,
467,457,63,	0.5555555555555556,0.01953125,	0.6666666666666666,0.02702702702702703,
138,165,63,	0.10526315789473684,0.03125,	0.125,0.04054054054054054,
109,42,17,	0.1070110701107011,0.11328125,	0.1375,0.14864864864864866,
331,138,17,	0.2916666666666667,0.08203125,	0.30434782608695654,0.0945945945945946,
94,129,63,	0.3572679509632224,0.796875,	0.3105263157894737,0.7972972972972973,
420,150,17,	0.03711235383833249,0.28515625,	0.06060606060606061,0.2702702702702703,
244,7,17,	1.0,0.01171875,	1.0,0.013513513513513514,
262,25,17,	0.5443786982248521,0.359375,	0.5272727272727272,0.3918918918918919,
421,184,17,	0.26406926406926406,0.23828125,	0.3488372093023256,0.20270270270270271,
129,366,17,	0.2681660899653979,0.60546875,	0.234375,0.6081081081081081,
279,58,17,	0.65,0.45703125,	0.8,0.10810810810810811,
409,172,17,	0.055692055692055695,0.265625,	0.10697674418604651,0.3108108108108108,
120,357,17,	0.4,0.015625,	0.5,0.013513513513513514,
331,230,17,	0.02012072434607646,0.0390625,	0.018404907975460124,0.04054054054054054,
472,58,17,	0.06013745704467354,0.13671875,	0.0625,0.013513513513513514,
255,150,17,	0.01545253863134658,0.02734375,	0.03409090909090909,0.04054054054054054,
387,23,17,	0.9,0.0703125,	0.8,0.05405405405405406,
297,183,17,	0.021739130434782608,0.0078125,	0.047619047619047616,0.013513513513513514,
468,165,63,	1.0,0.01171875,	1.0,0.013513513513513514,
57,294,17,	0.375968992248062,0.7578125,
237,0,17,	1.0,0.015625,	1.0,0.013513513513513514,
466,229,17,	0.24561403508771928,0.875,	0.2490566037735849,0.8918918918918919,
467,375,17,	0.9215686274509803,0.55078125,	0.92,0.6216216216216216,
387,18,17,	0.875,0.02734375,	1.0,0.04054054054054054,
34,271,17,	0.41041666666666665,0.76953125,
138,162,17,	0.6618705035971223,0.359375,	0.6346153846153846,0.44594594594594594,
443,206,17,	0.022675736961451247,0.0390625,	0.041666666666666664,0.04054054054054054,
295,235,17,	0.681592039800995,0.53515625,	1.0,0.013513513513513514,
331,162,17,	0.03768844221105527,0.05859375,	0.03597122302158273,0.06756756756756757,
81,318,17,	0.7327188940092166,0.62109375,	0.6857142857142857,0.6486486486486487,
399,165,63,	0.4166666666666667,0.01953125,	0.5,0.02702702702702703,
230,467,17,	0.01639344262295082,0.01953125,	0.4,0.02702702702702703,
295,154,17,	0.7857142857142857,0.0859375,
375,138,17,	0.15421195652173914,0.88671875,	0.1111111111111111,0.8648648648648649,
94,375,17,	0.02236024844720497,0.0703125,	0.025547445255474453,0.0945945945945946,
129,220,17,	0.3229166666666667,0.7265625,	0.25,0.6486486486486487,
295,58,17,	0.23391812865497075,0.46875,	0.29069767441860467,0.33783783783783783,
399,150,17,	0.6666666666666666,0.0078125,	1.0,0.013513513513513514,
34,269,17,	0.41041666666666665,0.76953125,
391,58,17,	0.024691358024691357,0.015625,
165,366,17,	0.3480392156862745,0.5546875,	0.2814814814814815,0.5135135135135135,
49,286,17,	0.9726027397260274,0.5546875,	0.9761904761904762,0.5540540540540541,
387,60,17,	0.8,0.0625,	0.8571428571428571,0.08108108108108109,
420,23,17,	0.0625,0.015625,	0.058823529411764705,0.013513513513513514,
331,129,63,	0.3647912885662432,0.78515625,	0.31693989071038253,0.7837837837837838,
138,150,17,	0.6666666666666666,0.0078125,	1.0,0.013513513513513514,
472,235,17,	0.3153153153153153,0.13671875,	0.5,0.013513513513513514,
399,457,63,	0.2222222222222222,0.0078125,	0.3333333333333333,0.013513513513513514,
134,371,17,	0.5789473684210527,0.04296875,	1.0,0.013513513513513514,
399,129,63,	0.5333333333333333,0.03125,	0.6,0.04054054054054054,
94,331,17,	0.3338533541341654,0.8359375,	0.3230769230769231,0.8513513513513513,
81,165,63,	0.4,0.0078125,
295,371,17,	0.8,0.140625,	0.9333333333333333,0.1891891891891892,
457,366,17,	0.3638095238095238,0.74609375,	0.31213872832369943,0.7297297297297297,
331,165,63,	0.38877755511022044,0.7578125,	0.33727810650887574,0.7702702702702703,
472,42,17,	0.05627009646302251,0.13671875,	0.05,0.013513513513513514,
399,94,17,	0.4583333333333333,0.04296875,	0.42857142857142855,0.04054054054054054,
467,165,63,	0.5555555555555556,0.01953125,	0.6666666666666666,0.02702702702702703,
94,230,17,	0.01639344262295082,0.03125,	0.0125,0.02702702702702703,
331,375,17,	0.024630541871921183,0.078125,	0.02888086642599278,0.10810810810810811,
299,257,17,	0.38247011952191234,0.75,	0.3404255319148936,0.6486486486486487,
17,300,63,	0.6513994910941476,1.0,
262,165,63,	0.5422535211267606,0.30078125,	0.5,0.32432432432432434,
387,150,17,	0.606425702811245,0.58984375,	0.55,0.5945945945945946,
138,94,17,	0.16129032258064516,0.05859375,	0.2,0.08108108108108109,
32,269,17,	0.4228187919463087,0.73828125,
467,94,17,	0.8,0.03125,	1.0,0.02702702702702703,
171,408,17,	0.02586206896551724,0.01171875,	0.05263157894736842,0.013513513513513514,
134,58,17,	0.02702702702702703,0.03515625,	0.027522935779816515,0.04054054054054054,
77,314,17,	0.22186495176848875,0.26953125,	0.20388349514563106,0.28378378378378377,
200,437,17,	0.5283018867924528,0.21875,	0.5,0.21621621621621623,
295,346,17,	0.55078125,0.55078125,	0.7777777777777778,0.28378378378378377,
297,150,17,	0.010644589000591367,0.0703125,	0.02092050209205021,0.06756756756756757,
71,308,17,	1.0,0.01953125,	1.0,0.02702702702702703,
1,238,17,	0.047619047619047616,0.0078125,
445,208,17,	0.46883468834688347,0.67578125,	0.42276422764227645,0.7027027027027027,
457,402,17,	0.32761904761904764,0.671875,	0.26011560693641617,0.6081081081081081,
260,23,17,	0.4915254237288136,0.11328125,	0.46153846153846156,0.08108108108108109,
387,375,17,	1.0,0.0078125,	1.0,0.013513513513513514,
276,39,17,	0.41333333333333333,0.60546875,	0.368,0.6216216216216216,
468,231,17,	0.4517766497461929,0.34765625,	0.41304347826086957,0.25675675675675674,
408,457,63,	0.4444444444444444,0.03125,	0.5,0.04054054054054054,
96,333,17,	0.30077519379844964,0.7578125,
260,183,17,	0.3076923076923077,0.015625,	0.3333333333333333,0.013513513513513514,
94,94,17,	0.33125,0.828125,	0.31155778894472363,0.8378378378378378,
94,162,17,	0.0340632603406326,0.0546875,	0.027972027972027972,0.05405405405405406,
461,165,63,	0.47342995169082125,0.3828125,	0.49230769230769234,0.43243243243243246,
25,165,63,	0.5037593984962406,0.26171875,	0.4666666666666667,0.28378378378378377,
165,402,17,	0.37346437346437344,0.59375,	0.2740740740740741,0.5,
426,449,63,	0.27053140096618356,0.65625,	0.30808080808080807,0.8243243243243243,
78,315,17,	0.2885572139303483,0.2265625,	0.24285714285714285,0.22972972972972974,
109,58,17,	0.10384615384615385,0.10546875,	0.13333333333333333,0.13513513513513514,
408,129,63,	0.4583333333333333,0.04296875,	0.5,0.05405405405405406,
467,129,63,	0.6666666666666666,0.03125,	0.75,0.04054054054054054,
129,402,17,	0.2370242214532872,0.53515625,	0.21243523316062177,0.5540540540540541,
81,129,63,	0.6666666666666666,0.0078125,
224,165,63,	0.5161290322580645,0.375,	0.5344827586206896,0.4189189189189189,
279,346,17,	0.7117117117117117,0.30859375,	1.0,0.05405405405405406,
224,461,17,	0.4583333333333333,0.38671875,	0.47761194029850745,0.43243243243243246,
20,257,17,	0.3405511811023622,0.67578125,	0.30612244897959184,0.6081081081081081,
260,150,17,	0.03711340206185567,0.0703125,	0.045454545454545456,0.05405405405405406,
279,235,17,	0.8275862068965517,0.1875,	1.0,0.04054054054054054,
426,95,63,	0.28708133971291866,0.703125,	0.270935960591133,0.7432432432432432,
426,189,17,	0.19617224880382775,0.48046875,	0.1782178217821782,0.4864864864864865,
426,291,63,	0.25967741935483873,0.62890625,	0.2878787878787879,0.7702702702702703,
399,230,17,	0.40601503759398494,0.2109375,	0.41304347826086957,0.25675675675675674,
399,375,17,	0.29577464788732394,0.328125,	0.2857142857142857,0.40540540540540543,
331,457,63,	0.3709981167608286,0.76953125,	0.327683615819209,0.7837837837837838,
467,230,17,	1.0,0.58984375,	1.0,0.6621621621621622,
399,162,17,	1.0,0.34375,	1.0,0.4189189189189189,
317,80,17,	0.5153374233128835,0.328125,	0.5370370370370371,0.3918918918918919,
446,209,17,	0.33819241982507287,0.453125,	0.4805194805194805,0.5,
131,368,17,	0.02933832709113608,0.3671875,	0.029850746268656716,0.02702702702702703,
279,42,17,	0.6611111111111111,0.46484375,	0.8461538461538461,0.14864864864864866,
295,42,17,	0.30145530145530147,0.56640625,	0.5402298850574713,0.6351351351351351,
331,94,17,	0.3377049180327869,0.8046875,	0.31413612565445026,0.8108108108108109,
387,162,17,	1.0,0.0078125,	1.0,0.013513513513513514,
297,60,17,	1.0,0.08984375,	1.0,0.06756756756756757,
418,181,17,	1.0,0.10546875,	1.0,0.12162162162162163,
467,162,17,	1.0,0.2109375,	1.0,0.25675675675675674,
162,399,17,	0.3616600790513834,0.71484375,	0.3045977011494253,0.7162162162162162,
20,62,17,	0.3211538461538462,0.65234375,	0.28859060402684567,0.581081081081081,
94,138,17,	0.34328358208955223,0.08984375,	0.3333333333333333,0.0945945945945946,
378,141,17,	0.16666666666666666,0.01171875,	0.16666666666666666,0.013513513513513514,
461,224,17,	0.4260869565217391,0.3828125,	0.4383561643835616,0.43243243243243246,
108,345,17,	0.1354420113544201,0.65234375,
408,165,63,	0.875,0.02734375,	1.0,0.04054054054054054,
138,457,63,	0.06944444444444445,0.01953125,	0.045454545454545456,0.013513513513513514,
