138,	0.015766198807921555,0.5774647887323944,	0.015766198807921555,0.5774647887323944,
140,	0.01079913606911447,0.035211267605633804,	0.01079913606911447,0.035211267605633804,
71,	0.021897810218978103,0.02112676056338028,	0.021897810218978103,0.02112676056338028,
399,	0.03454231433506045,0.14084507042253522,	0.03454231433506045,0.14084507042253522,
408,	0.07253886010362694,0.19718309859154928,	0.07253886010362694,0.19718309859154928,
318,	0.02112676056338028,0.02112676056338028,	0.02112676056338028,0.02112676056338028,
467,	0.09344262295081968,0.4014084507042254,	0.09344262295081968,0.4014084507042254,
357,	0.0425531914893617,0.04225352112676056,	0.0425531914893617,0.04225352112676056,
81,318,	0.015306122448979591,0.02112676056338028,	0.015306122448979591,0.02112676056338028,
408,94,	0.015544041450777202,0.02112676056338028,	0.015544041450777202,0.02112676056338028,
467,94,	0.015544041450777202,0.02112676056338028,	0.015544041450777202,0.02112676056338028,
467,331,	0.010526315789473684,0.014084507042253521,	0.010526315789473684,0.014084507042253521,
387,183,	0.03098106712564544,0.2535211267605634,	0.03125,0.24647887323943662,
357,81,	0.25,0.007042253521126761,	0.25,0.007042253521126761,
387,60,	0.0510688836104513,0.3028169014084507,	0.047435897435897434,0.2605633802816901,
318,81,	0.02158273381294964,0.02112676056338028,	0.02158273381294964,0.02112676056338028,
317,375,	0.047619047619047616,0.014084507042253521,	0.047619047619047616,0.014084507042253521,
387,23,	0.06818181818181818,0.1056338028169014,	0.06372549019607843,0.09154929577464789,
399,81,	0.013157894736842105,0.007042253521126761,	0.013157894736842105,0.007042253521126761,
81,81,	1.0,0.02112676056338028,	1.0,0.02112676056338028,
138,7,	0.030303030303030304,0.14084507042253522,	0.030303030303030304,0.14084507042253522,
279,235,	0.01761252446183953,0.06338028169014084,	0.029411764705882353,0.007042253521126761,
138,81,	0.011764705882352941,0.014084507042253521,	0.011764705882352941,0.014084507042253521,
408,331,	0.015306122448979591,0.02112676056338028,	0.015306122448979591,0.02112676056338028,
81,318,237,	1.0,0.02112676056338028,	1.0,0.02112676056338028,
81,423,186,	1.0,0.028169014084507043,	1.0,0.028169014084507043,
81,94,94,	0.25,0.06338028169014084,	0.25,0.06338028169014084,
81,318,138,	0.03977055449330784,0.7323943661971831,	0.03977055449330784,0.7323943661971831,
151,388,81,	0.013477088948787063,0.6338028169014085,	0.01725760903671164,0.3873239436619718,
81,420,183,	0.14145383104125736,0.5070422535211268,	0.13441955193482688,0.4647887323943662,
81,96,333,	0.013574660633484163,0.04225352112676056,	0.3333333333333333,0.028169014084507043,
138,230,81,	0.19003115264797507,0.4295774647887324,	0.19003115264797507,0.4295774647887324,
81,295,58,	0.01938610662358643,0.2535211267605634,	0.03821656050955414,0.04225352112676056,
81,420,60,	0.25462962962962965,0.3873239436619718,	0.24644549763033174,0.36619718309859156,
138,138,375,	0.01018483591097699,0.19014084507042253,	0.01018483591097699,0.19014084507042253,
230,467,81,	0.012468827930174564,0.035211267605633804,	0.012468827930174564,0.035211267605633804,
375,138,81,	0.014121556140107988,0.7183098591549296,	0.014121556140107988,0.7183098591549296,
81,472,235,	0.11838006230529595,0.2676056338028169,	0.19801980198019803,0.14084507042253522,
81,318,81,	0.9403973509933775,1.0,	0.9403973509933775,1.0,
81,318,467,	0.10273081924577374,0.5563380281690141,	0.10273081924577374,0.5563380281690141,
81,162,399,	0.06560636182902585,0.2323943661971831,	0.06560636182902585,0.2323943661971831,
467,420,183,	0.037296037296037296,0.22535211267605634,	0.036988110964332896,0.19718309859154928,
461,224,81,	0.030123456790123456,0.4295774647887324,	0.03123399897593446,0.4295774647887324,
81,377,140,	0.03125,0.09859154929577464,	0.03125,0.09859154929577464,
81,468,231,	0.5555555555555556,0.176056338028169,	1.0,0.1619718309859155,
138,318,81,	0.5,0.5845070422535211,	0.5,0.5845070422535211,
299,62,81,	0.027059896625114016,0.6267605633802817,	0.02724014336917563,0.5352112676056338,
81,255,18,	1.0,0.23943661971830985,	1.0,0.22535211267605634,
77,314,81,	0.016568047337278107,0.19718309859154928,	0.015985790408525755,0.19014084507042253,
1,238,81,	0.047619047619047616,0.007042253521126761,
443,206,81,	0.010126582278481013,0.028169014084507043,	0.021052631578947368,0.028169014084507043,
81,186,423,	1.0,0.028169014084507043,	1.0,0.028169014084507043,
81,94,331,	0.28205128205128205,0.07746478873239436,	0.28205128205128205,0.07746478873239436,
81,0,81,	1.0,0.02112676056338028,	1.0,0.02112676056338028,
224,461,81,	0.03314917127071823,0.4225352112676056,	0.03470213996529786,0.4225352112676056,
81,186,186,	1.0,0.028169014084507043,	1.0,0.028169014084507043,
467,230,467,	0.09344262295081968,0.4014084507042254,	0.09344262295081968,0.4014084507042254,
276,39,81,	0.029850746268656716,0.39436619718309857,	0.029850746268656716,0.39436619718309857,
399,318,81,	0.7142857142857143,0.14084507042253522,	0.7142857142857143,0.14084507042253522,
81,331,94,	0.1746031746031746,0.07746478873239436,	0.1746031746031746,0.07746478873239436,
138,375,81,	0.12616201859229748,0.6690140845070423,	0.12616201859229748,0.6690140845070423,
421,184,81,	0.10477941176470588,0.4014084507042254,	0.13541666666666666,0.2746478873239437,
472,235,81,	0.26229508196721313,0.11267605633802817,	0.5,0.007042253521126761,
387,150,81,	0.24834437086092714,0.528169014084507,	0.2631578947368421,0.528169014084507,
237,318,81,	0.08,0.014084507042253521,	0.08,0.014084507042253521,
81,190,427,	0.2727272727272727,0.04225352112676056,	0.2727272727272727,0.04225352112676056,
467,318,81,	0.7532467532467533,0.4084507042253521,	0.7532467532467533,0.4084507042253521,
295,235,81,	0.017341040462427744,0.02112676056338028,
468,231,81,	0.15789473684210525,0.31690140845070425,	0.1912568306010929,0.24647887323943662,
81,318,408,	0.06343906510851419,0.2676056338028169,	0.06343906510851419,0.2676056338028169,
255,18,81,	1.0,0.014084507042253521,	1.0,0.014084507042253521,
387,60,81,	0.36363636363636365,0.028169014084507043,	0.3,0.02112676056338028,
94,94,81,	0.07953443258971872,0.5774647887323944,	0.07953443258971872,0.5774647887323944,
81,297,60,	1.0,0.5492957746478874,	1.0,0.45774647887323944,
408,171,408,	0.07253886010362694,0.19718309859154928,	0.07253886010362694,0.19718309859154928,
81,49,286,	1.0,0.20422535211267606,	1.0,0.20422535211267606,
420,183,81,	0.1553398058252427,0.22535211267605634,	0.16091954022988506,0.19718309859154928,
467,297,60,	0.10097719869706841,0.21830985915492956,	0.15853658536585366,0.18309859154929578,
171,408,81,	0.01282051282051282,0.014084507042253521,	0.01282051282051282,0.014084507042253521,
81,230,81,	0.9069767441860465,0.5492957746478874,	0.9069767441860465,0.5492957746478874,
81,162,81,	1.0,0.18309859154929578,	1.0,0.18309859154929578,
81,423,423,	1.0,0.028169014084507043,	1.0,0.028169014084507043,
81,203,440,	1.0,0.014084507042253521,	1.0,0.014084507042253521,
49,286,81,	0.9636363636363636,0.3732394366197183,	0.9615384615384616,0.352112676056338,
260,23,81,	0.3333333333333333,0.07746478873239436,	0.375,0.06338028169014084,
20,257,81,	0.04120017913121361,0.647887323943662,	0.03870651641352278,0.5563380281690141,
399,162,399,	0.03454231433506045,0.14084507042253522,	0.03454231433506045,0.14084507042253522,
408,318,81,	0.8,0.19718309859154928,	0.8,0.19718309859154928,
81,244,7,	0.46846846846846846,0.36619718309859156,	0.46846846846846846,0.36619718309859156,
237,0,81,	1.0,0.014084507042253521,	1.0,0.014084507042253521,
94,331,81,	0.07880434782608696,0.6126760563380281,	0.07880434782608696,0.6126760563380281,
331,94,81,	0.08333333333333333,0.5915492957746479,	0.08333333333333333,0.5915492957746479,
81,0,237,	1.0,0.1056338028169014,	1.0,0.1056338028169014,
387,183,81,	0.14285714285714285,0.07042253521126761,	0.1076923076923077,0.04929577464788732,
81,331,331,	0.140625,0.06338028169014084,	0.140625,0.06338028169014084,
279,58,81,	0.016913319238900635,0.16901408450704225,	0.023255813953488372,0.035211267605633804,
81,171,81,	0.925,0.2605633802816901,	0.925,0.2605633802816901,
295,42,81,	0.014771997430956968,0.1619718309859155,	0.01937984496124031,0.035211267605633804,
467,230,81,	1.0,0.4647887323943662,	1.0,0.4647887323943662,
467,375,81,	0.8676470588235294,0.4154929577464789,	0.8676470588235294,0.4154929577464789,
81,318,399,	0.07282913165266107,0.18309859154929578,	0.07282913165266107,0.18309859154929578,
446,209,81,	0.04216216216216216,0.5492957746478874,	0.04193781634128706,0.4084507042253521,
81,260,23,	0.5370370370370371,0.20422535211267606,	0.5106382978723404,0.16901408450704225,
81,138,375,	0.39855072463768115,0.3873239436619718,	0.39855072463768115,0.3873239436619718,
81,171,408,	0.10294117647058823,0.29577464788732394,	0.10294117647058823,0.29577464788732394,
81,375,138,	0.02800169707254985,0.9295774647887324,	0.02800169707254985,0.9295774647887324,
81,297,183,	0.27722772277227725,0.39436619718309857,	0.2804232804232804,0.3732394366197183,
467,138,375,	0.03747870528109029,0.15492957746478872,	0.03747870528109029,0.15492957746478872,
467,375,138,	0.013522965726276521,0.4084507042253521,	0.013522965726276521,0.4084507042253521,
81,230,467,	0.05497076023391813,0.6619718309859155,	0.05497076023391813,0.6619718309859155,
81,375,81,	0.9035087719298246,0.7253521126760564,	0.9035087719298246,0.7253521126760564,
297,60,81,	1.0,0.07746478873239436,	1.0,0.06338028169014084,
331,331,81,	0.07571560480147738,0.5774647887323944,	0.07571560480147738,0.5774647887323944,
399,162,81,	1.0,0.2676056338028169,	1.0,0.2676056338028169,
244,7,81,	1.0,0.007042253521126761,	1.0,0.007042253521126761,
138,297,60,	0.031857031857031856,0.2887323943661972,	0.06589147286821706,0.23943661971830985,
