123,	0.21544715447154472,0.20075757575757575,	0.27461139896373055,0.2054263565891473,
393,	0.01834862385321101,0.007575757575757576,
153,1,	0.025,0.003787878787878788,
360,1,	0.024096385542168676,0.007575757575757576,
116,1,	0.1388888888888889,0.01893939393939394,	0.1388888888888889,0.01937984496124031,
353,1,	0.15151515151515152,0.01893939393939394,	0.15151515151515152,0.01937984496124031,
373,123,	0.011764705882352941,0.003787878787878788,	0.01639344262295082,0.004291845493562232,
123,1,	0.04285714285714286,0.011363636363636364,	0.04285714285714286,0.011627906976744186,
390,1,	0.015873015873015872,0.003787878787878788,
75,1,	0.02631578947368421,0.003787878787878788,
348,1,	0.09090909090909091,0.011363636363636364,	0.09090909090909091,0.011627906976744186,
410,123,	0.011538461538461539,0.011363636363636364,	0.013157894736842105,0.012875536480686695,
373,1,	0.04054054054054054,0.011363636363636364,	0.043478260869565216,0.012875536480686695,
173,1,	0.09523809523809523,0.007575757575757576,	0.09523809523809523,0.007751937984496124,
111,1,	0.010362694300518135,0.022727272727272728,	0.010362694300518135,0.023255813953488372,
215,1,	0.03125,0.011363636363636364,	0.03125,0.012875536480686695,
452,1,	0.1111111111111111,0.011363636363636364,	0.11538461538461539,0.011627906976744186,
309,1,	0.058823529411764705,0.003787878787878788,	0.0625,0.003875968992248062,
211,1,	0.16666666666666666,0.003787878787878788,	0.16666666666666666,0.003875968992248062,
136,1,	0.21428571428571427,0.011363636363636364,	0.21428571428571427,0.011627906976744186,
410,1,	0.015822784810126583,0.01893939393939394,	0.015822784810126583,0.02145922746781116,
215,123,	0.010869565217391304,0.003787878787878788,	0.0125,0.004291845493562232,
448,1,	0.03225806451612903,0.003787878787878788,
215,348,1,	0.7,0.026515151515151516,	0.7,0.030042918454935622,
112,31,1,	0.12,0.011363636363636364,	0.12,0.012875536480686695,
23,260,1,	1.0,0.003787878787878788,
75,320,1,	0.012364760432766615,0.030303030303030304,
58,297,1,	0.010416666666666666,0.011363636363636364,	0.010416666666666666,0.011627906976744186,
215,173,1,	0.75,0.022727272727272728,	0.75,0.02575107296137339,
390,153,1,	0.025,0.05303030303030303,	0.02608695652173913,0.012875536480686695,
373,309,1,	0.1111111111111111,0.003787878787878788,	0.1111111111111111,0.004291845493562232,
72,173,1,	0.04081632653061224,0.007575757575757576,	0.04081632653061224,0.008583690987124463,
173,72,1,	0.07967032967032966,0.32954545454545453,	0.07974335472043996,0.3372093023255814,
309,247,1,	0.05921052631578947,0.06818181818181818,	0.06299212598425197,0.06201550387596899,
153,349,1,	0.02857142857142857,0.003787878787878788,
247,173,1,	0.5,0.015151515151515152,	0.5,0.017167381974248927,
111,173,1,	0.16666666666666666,0.041666666666666664,	0.16666666666666666,0.04263565891472868,
147,384,1,	0.09917355371900827,0.2727272727272727,	0.10535117056856187,0.2441860465116279,
72,348,1,	0.02040816326530612,0.007575757575757576,	0.02040816326530612,0.008583690987124463,
73,310,1,	0.05128205128205128,0.007575757575757576,
268,268,1,	0.19230769230769232,0.01893939393939394,	0.19230769230769232,0.01937984496124031,
410,75,1,	0.05,0.011363636363636364,
309,373,1,	0.08264462809917356,0.03787878787878788,	0.09090909090909091,0.031007751937984496,
452,247,1,	0.15087719298245614,0.16287878787878787,	0.1532567049808429,0.15503875968992248,
75,73,1,	0.012251502542764678,0.4015151515151515,	0.01011804384485666,0.16279069767441862,
287,50,1,	0.011904761904761904,0.003787878787878788,	0.014492753623188406,0.004291845493562232,
310,312,1,	0.011786116647889765,0.5151515151515151,	0.05263157894736842,0.011627906976744186,
329,92,1,	0.08333333333333333,0.003787878787878788,
111,111,1,	1.0,0.003787878787878788,	1.0,0.003875968992248062,
123,360,1,	0.09183673469387756,0.4431818181818182,
151,388,1,	0.0196078431372549,0.003787878787878788,
410,452,1,	0.2571428571428571,0.03409090909090909,	0.2571428571428571,0.03862660944206009,
323,86,1,	0.08571428571428572,0.011363636363636364,	0.5,0.004291845493562232,
410,10,1,	0.45454545454545453,0.01893939393939394,	0.45454545454545453,0.02145922746781116,
85,322,1,	0.01764705882352941,0.10227272727272728,
72,136,1,	0.03225806451612903,0.003787878787878788,	0.03225806451612903,0.004291845493562232,
460,420,1,	0.013888888888888888,0.003787878787878788,	0.014285714285714285,0.004291845493562232,
375,138,1,	0.017857142857142856,0.003787878787878788,	0.017857142857142856,0.011363636363636364,
331,94,1,	0.1,0.003787878787878788,	0.1,0.011363636363636364,
112,112,1,	0.08928571428571429,0.01893939393939394,	0.08928571428571429,0.02145922746781116,
173,247,1,	0.11693548387096774,0.10984848484848485,	0.1228813559322034,0.1124031007751938,
31,268,1,	0.2,0.01893939393939394,	0.2,0.01937984496124031,
320,83,1,	0.1,0.007575757575757576,
348,215,1,	0.15463917525773196,0.22727272727272727,	0.15463917525773196,0.23255813953488372,
73,75,1,	0.013888888888888888,0.007575757575757576,
268,112,1,	0.2,0.01893939393939394,	0.2,0.01937984496124031,
173,410,1,	0.17638036809815952,0.4356060606060606,	0.17665130568356374,0.44573643410852715,
111,309,1,	0.07692307692307693,0.011363636363636364,	0.07692307692307693,0.011627906976744186,
263,26,1,	0.125,0.003787878787878788,	0.125,0.004291845493562232,
1,238,1,	0.3312421580928482,1.0,	1.0,0.050387596899224806,
306,69,1,	1.0,0.003787878787878788,	1.0,0.004291845493562232,
173,390,1,	0.027777777777777776,0.011363636363636364,
410,309,1,	0.12,0.011363636363636364,	0.12,0.012875536480686695,
384,147,1,	0.6666666666666666,0.007575757575757576,	0.6666666666666666,0.008583690987124463,
373,136,1,	0.5714285714285714,0.030303030303030304,	0.875,0.030042918454935622,
138,375,1,	1.0,0.003787878787878788,	1.0,0.011363636363636364,
2,239,1,	0.025,0.003787878787878788,	0.025,0.003875968992248062,
309,263,1,	0.3333333333333333,0.003787878787878788,	0.3333333333333333,0.003875968992248062,
158,395,1,	0.07881773399014778,0.06060606060606061,
136,410,1,	0.21739130434782608,0.13257575757575757,	0.21739130434782608,0.13565891472868216,
10,111,1,	0.11883408071748879,0.20075757575757575,	0.11883408071748879,0.2054263565891473,
94,331,1,	0.1,0.003787878787878788,	0.1,0.011363636363636364,
201,438,1,	0.012254901960784314,0.03787878787878788,
299,62,1,	0.045454545454545456,0.003787878787878788,	0.045454545454545456,0.030303030303030304,
309,215,1,	0.07079646017699115,0.06060606060606061,	0.06467661691542288,0.050387596899224806,
349,349,1,	0.18518518518518517,0.01893939393939394,	0.18518518518518517,0.02145922746781116,
173,111,1,	0.0965391621129326,0.4015151515151515,	0.09662716499544212,0.4108527131782946,
211,448,1,	0.11636363636363636,0.12121212121212122,	0.18518518518518517,0.01937984496124031,
18,255,1,	0.013100436681222707,0.011363636363636364,	0.013100436681222707,0.012875536480686695,
371,134,1,	0.07680722891566265,0.19318181818181818,	0.07424242424242425,0.18992248062015504,
136,215,1,	0.20634920634920634,0.14772727272727273,	0.20634920634920634,0.1511627906976744,
60,420,1,	0.017482517482517484,0.01893939393939394,	0.014184397163120567,0.017167381974248927,
344,107,1,	0.08695652173913043,0.007575757575757576,	0.08695652173913043,0.008583690987124463,
247,10,1,	0.625,0.01893939393939394,	0.625,0.02145922746781116,
112,349,1,	0.17857142857142858,0.01893939393939394,	0.17857142857142858,0.02145922746781116,
72,309,1,	0.038834951456310676,0.015151515151515152,	0.04477611940298507,0.012875536480686695,
153,83,1,	0.1111111111111111,0.003787878787878788,
72,452,1,	0.010101010101010102,0.003787878787878788,	0.011363636363636364,0.004291845493562232,
310,73,1,	0.01054728700339857,0.6818181818181818,
183,223,1,	0.5,0.003787878787878788,	0.5,0.004291845493562232,
83,153,1,	0.01598173515981735,0.05303030303030303,	0.015444015444015444,0.015503875968992248,
410,173,1,	0.30952380952380953,0.04924242424242424,	0.30952380952380953,0.055793991416309016,
346,109,1,	0.012409071459135643,0.6590909090909091,	0.014558232931726908,0.4496124031007752,
136,373,1,	0.2943722943722944,0.25757575757575757,	0.3047619047619048,0.24806201550387597,
452,72,1,	0.14049586776859505,0.06439393939393939,	0.12389380530973451,0.05426356589147287,
312,75,1,	0.07228915662650602,0.022727272727272728,
10,215,1,	0.16666666666666666,0.16287878787878787,	0.16666666666666666,0.16666666666666666,
215,309,1,	0.1111111111111111,0.003787878787878788,	0.1111111111111111,0.004291845493562232,
452,373,1,	0.2345679012345679,0.14393939393939395,	0.26119402985074625,0.13565891472868216,
215,452,1,	0.6923076923076923,0.03409090909090909,	1.0,0.034334763948497854,
183,420,1,	0.0150093808630394,0.030303030303030304,	0.013282732447817837,0.030042918454935622,
348,247,1,	0.11252653927813164,0.20075757575757575,	0.11936936936936937,0.2054263565891473,
452,111,1,	0.15902964959568733,0.22348484848484848,	0.16905444126074498,0.22868217054263565,
10,247,1,	0.14711359404096835,0.29924242424242425,	0.15030060120240482,0.29069767441860467,
31,31,1,	0.19230769230769232,0.01893939393939394,	0.19230769230769232,0.01937984496124031,
94,94,1,	0.08333333333333333,0.003787878787878788,	0.08333333333333333,0.011363636363636364,
69,306,1,	0.6666666666666666,0.007575757575757576,	0.6666666666666666,0.008583690987124463,
111,348,1,	0.11811023622047244,0.056818181818181816,	0.11811023622047244,0.05813953488372093,
327,90,1,	0.013979706877113867,0.7045454545454546,	0.014150114255580945,0.624031007751938,
390,320,1,	0.015193370165745856,0.041666666666666664,	0.016129032258064516,0.012875536480686695,
111,136,1,	0.391304347826087,0.03409090909090909,	0.391304347826087,0.03488372093023256,
111,10,1,	0.3125,0.01893939393939394,	0.3125,0.01937984496124031,
348,390,1,	0.01098901098901099,0.007575757575757576,
225,462,1,	0.060941828254847646,0.08333333333333333,
185,422,1,	0.035852713178294575,0.14015151515151514,	0.10344827586206896,0.011627906976744186,
107,107,1,	0.047619047619047616,0.003787878787878788,	0.047619047619047616,0.004291845493562232,
304,67,1,	0.043478260869565216,0.015151515151515152,	0.09090909090909091,0.004291845493562232,
75,312,1,	0.02179739145971056,0.4621212121212121,	0.011111111111111112,0.007751937984496124,
328,91,1,	0.012544802867383513,0.026515151515151516,
147,111,1,	0.048458149779735685,0.041666666666666664,	0.048458149779735685,0.04263565891472868,
349,31,1,	0.20833333333333334,0.01893939393939394,	0.20833333333333334,0.02145922746781116,
88,325,1,	0.022957461174881837,0.38636363636363635,	0.019715224534501644,0.13953488372093023,
309,72,1,	0.03954910202521972,0.7840909090909091,	0.038740418479386786,0.7248062015503876,
235,472,1,	0.019072911636890393,0.29924242424242425,	0.01966041108132261,0.08527131782945736,
348,72,1,	0.06059265811587793,0.5189393939393939,	0.060619469026548675,0.5310077519379846,
111,452,1,	0.14084507042253522,0.03787878787878788,	0.14084507042253522,0.03875968992248062,
82,319,1,	0.018096906012842966,0.11742424242424243,	0.012861736334405145,0.015503875968992248,
60,297,1,	0.031042128603104215,0.05303030303030303,	0.02304147465437788,0.04291845493562232,
348,111,1,	0.07648848326814428,0.6666666666666666,	0.07652173913043478,0.6821705426356589,
344,344,1,	0.3333333333333333,0.003787878787878788,	0.3333333333333333,0.004291845493562232,
111,410,1,	1.0,0.003787878787878788,	1.0,0.003875968992248062,
107,344,1,	0.3333333333333333,0.003787878787878788,	0.3333333333333333,0.004291845493562232,
31,112,1,	0.16666666666666666,0.015151515151515152,	0.16666666666666666,0.015503875968992248,
247,348,1,	0.25,0.011363636363636364,	0.25,0.012875536480686695,
173,348,1,	1.0,0.003787878787878788,	1.0,0.003875968992248062,
112,268,1,	0.08695652173913043,0.007575757575757576,	0.08695652173913043,0.008583690987124463,
348,410,1,	0.09234608985024959,0.42045454545454547,	0.09242298084929226,0.43023255813953487,
312,348,1,	0.013333333333333334,0.003787878787878788,
181,418,1,	0.2,0.003787878787878788,	0.2,0.004291845493562232,
309,410,1,	0.061895551257253385,0.36363636363636365,	0.06577086280056577,0.36046511627906974,
268,31,1,	0.21428571428571427,0.022727272727272728,	0.21428571428571427,0.023255813953488372,
239,2,1,	0.6666666666666666,0.007575757575757576,	0.6666666666666666,0.007751937984496124,
348,348,1,	0.5,0.007575757575757576,	0.5,0.007751937984496124,
26,263,1,	0.5,0.003787878787878788,	0.5,0.003875968992248062,
213,450,1,	0.12727272727272726,0.05303030303030303,
173,373,1,	0.23776223776223776,0.12878787878787878,	0.25757575757575757,0.13178294573643412,
216,453,1,	0.018278497839813893,0.20833333333333334,
312,173,1,	0.01639344262295082,0.003787878787878788,
10,72,1,	0.0825242718446602,0.06439393939393939,	0.0825242718446602,0.06589147286821706,
460,223,1,	0.017130620985010708,0.030303030303030304,	0.013986013986013986,0.02575107296137339,
331,331,1,	0.1,0.003787878787878788,	0.1,0.011363636363636364,
136,72,1,	0.11235955056179775,0.03787878787878788,	0.11235955056179775,0.03875968992248062,
173,215,1,	0.16379310344827586,0.14393939393939395,	0.16379310344827586,0.14728682170542637,
153,390,1,	0.049586776859504134,0.022727272727272728,
348,373,1,	0.17937219730941703,0.15151515151515152,	0.1951219512195122,0.15503875968992248,
373,348,1,	0.375,0.022727272727272728,	0.375,0.02575107296137339,
309,111,1,	0.05195270512361161,0.5492424242424242,	0.05456656346749226,0.5465116279069767,
170,407,1,	0.09100998890122086,0.3106060606060606,	0.09058823529411765,0.29844961240310075,
312,310,1,	0.2,0.007575757575757576,
349,112,1,	0.15789473684210525,0.03409090909090909,	0.15789473684210525,0.03862660944206009,
20,257,1,	0.05555555555555555,0.003787878787878788,	0.05555555555555555,0.030303030303030304,
136,111,1,	0.1693548387096774,0.1590909090909091,	0.1693548387096774,0.16279069767441862,
452,410,1,	0.1796116504854369,0.14015151515151514,	0.19576719576719576,0.1434108527131783,
153,112,1,	0.020833333333333332,0.003787878787878788,
452,215,1,	0.2151029748283753,0.3560606060606061,	0.2125,0.32945736434108525,
349,268,1,	0.19047619047619047,0.015151515151515152,	0.19047619047619047,0.017167381974248927,
10,410,1,	0.15736040609137056,0.11742424242424243,	0.15736040609137056,0.12015503875968993,
348,384,1,	0.029333333333333333,0.041666666666666664,	0.029154518950437316,0.03875968992248062,
31,349,1,	0.2222222222222222,0.007575757575757576,	0.2222222222222222,0.007751937984496124,
278,41,1,	0.11059907834101383,0.2727272727272727,	0.1322314049586777,0.06201550387596899,
111,75,1,	0.0297029702970297,0.011363636363636364,
83,320,1,	0.012244897959183673,0.06818181818181818,	0.012658227848101266,0.023255813953488372,
268,349,1,	0.3,0.011363636363636364,	0.3,0.011627906976744186,
410,348,1,	0.1506849315068493,0.041666666666666664,	0.1506849315068493,0.04721030042918455,
