91,149,	0.22727272727272727,0.026041666666666668,	0.4,0.05714285714285714,
324,193,	0.4,0.010416666666666666,
160,20,	0.22807017543859648,0.06770833333333333,	0.3333333333333333,0.07246376811594203,
160,299,	0.13440860215053763,0.13020833333333334,	0.21951219512195122,0.14285714285714285,
91,38,	0.21637426900584794,0.19270833333333334,	0.23214285714285715,0.18571428571428572,
193,76,	0.02912621359223301,0.046875,	0.029411764705882353,0.04285714285714286,
193,87,	0.09090909090909091,0.010416666666666666,	0.1,0.014285714285714285,
193,313,	0.030959752321981424,0.052083333333333336,
193,324,	0.6666666666666666,0.010416666666666666,	1.0,0.015625,
87,20,	0.1,0.005208333333333333,	0.1111111111111111,0.014285714285714285,
87,193,	0.5,0.010416666666666666,
87,299,	0.1111111111111111,0.010416666666666666,	0.07692307692307693,0.015625,
91,348,154,	1.0,0.005208333333333333,	1.0,0.015625,
193,275,38,	0.10469591993841416,0.7083333333333334,	0.27972027972027974,0.5714285714285714,
91,410,154,	0.09453781512605042,0.234375,	0.13793103448275862,0.3125,
91,248,38,	0.19047619047619047,0.0625,	0.32,0.11428571428571428,
91,384,154,	0.11188811188811189,0.08333333333333333,	0.1568627450980392,0.125,
91,111,154,	0.07780979827089338,0.28125,	0.11386138613861387,0.359375,
91,249,38,	0.23655913978494625,0.11458333333333333,	0.24324324324324326,0.12857142857142856,
91,247,154,	0.10833333333333334,0.13541666666666666,	0.18072289156626506,0.234375,
91,150,299,	0.11864406779661017,0.3645833333333333,	0.13450292397660818,0.359375,
91,60,20,	0.25,0.005208333333333333,
160,397,193,	0.1303763440860215,0.5052083333333334,	0.22641509433962265,0.6956521739130435,
193,62,20,	0.15194805194805194,0.609375,	0.1826086956521739,0.6,
193,257,20,	0.25486381322957197,0.6822916666666666,	0.3219178082191781,0.6714285714285714,
91,12,38,	0.24175824175824176,0.11458333333333333,	0.24242424242424243,0.11428571428571428,
91,60,299,	0.3125,0.026041666666666668,	1.0,0.015625,
91,192,154,	0.2,0.005208333333333333,	0.25,0.015625,
91,403,154,	0.15151515151515152,0.078125,	0.17391304347826086,0.125,
193,342,105,	0.013658275307980718,0.265625,	0.014814814814814815,0.17142857142857143,
134,371,193,	1.0,0.015625,
193,109,346,	0.24489795918367346,0.25,	0.42857142857142855,0.046875,
91,328,193,	0.16631578947368422,0.8229166666666666,	0.18867924528301888,0.7142857142857143,
91,150,20,	0.2732919254658385,0.22916666666666666,	0.25,0.2,
91,306,38,	0.2857142857142857,0.08333333333333333,	0.375,0.08571428571428572,
193,279,154,	0.5,0.005208333333333333,
193,62,299,	0.09795412275263485,0.8229166666666666,	0.13846153846153847,0.84375,
91,107,38,	0.20689655172413793,0.125,	0.25,0.14285714285714285,
91,373,154,	0.10344827586206896,0.09375,	0.15,0.140625,
91,72,154,	0.07660455486542443,0.3854166666666667,	0.10294117647058823,0.4375,
91,11,38,	0.19696969696969696,0.06770833333333333,	0.30434782608695654,0.1,
193,391,346,	0.016037420648179083,0.25,
91,112,38,	0.12162162162162163,0.140625,	0.125,0.12857142857142856,
91,183,299,	0.13372093023255813,0.11979166666666667,	0.2641509433962264,0.21875,
91,268,38,	0.1702127659574468,0.125,	0.20930232558139536,0.12857142857142856,
91,31,38,	0.16666666666666666,0.13020833333333334,	0.20408163265306123,0.14285714285714285,
91,239,38,	0.16363636363636364,0.046875,	0.21052631578947367,0.05714285714285714,
193,257,299,	0.1159678858162355,0.6770833333333334,	0.14473684210526316,0.6875,
91,215,154,	0.11650485436893204,0.125,	0.19753086419753085,0.25,
91,69,38,	0.23529411764705882,0.08333333333333333,	0.2631578947368421,0.07142857142857142,
91,183,20,	0.28888888888888886,0.06770833333333333,	0.3684210526315789,0.1,
91,263,154,	0.1836734693877551,0.046875,	0.25,0.0625,
193,296,59,	0.02321083172147002,0.3125,	0.02588235294117647,0.3142857142857143,
193,109,154,	0.3956043956043956,0.375,	0.6774193548387096,0.328125,
91,349,38,	0.11467889908256881,0.13020833333333334,	0.12162162162162163,0.12857142857142856,
193,391,154,	0.06502554575011611,0.7291666666666666,	0.16853932584269662,0.46875,
91,175,193,	0.3333333333333333,0.005208333333333333,
91,134,154,	0.1111111111111111,0.010416666666666666,	0.14285714285714285,0.015625,
91,2,38,	0.20588235294117646,0.07291666666666667,	0.28125,0.12857142857142856,
193,430,193,	0.09204218600191755,1.0,	0.1707920792079208,0.9857142857142858,
91,344,38,	0.19469026548672566,0.11458333333333333,	0.24324324324324326,0.12857142857142856,
91,407,154,	0.15436241610738255,0.11979166666666667,	0.3023255813953488,0.203125,
