220,17,	0.7804878048780488,0.9504950495049505,	0.8048780487804879,0.9428571428571428,
366,17,	0.7886178861788617,0.9603960396039604,	0.825,0.9428571428571428,
402,17,	0.7829457364341085,1.0,	0.8095238095238095,0.9714285714285714,
63,254,17,	0.11627906976744186,0.1485148514851485,
402,171,17,	0.9,0.0891089108910891,	1.0,0.11428571428571428,
402,468,17,	0.90625,0.2871287128712871,
366,357,17,	0.9259259259259259,0.24752475247524752,
402,262,17,	0.7829457364341085,1.0,	0.8095238095238095,0.9714285714285714,
366,457,63,	0.6341463414634146,0.7722772277227723,	0.65,0.7428571428571429,
54,449,63,	0.5669291338582677,0.7128712871287128,	0.5952380952380952,0.7352941176470589,
220,461,17,	0.6585365853658537,0.801980198019802,	0.6585365853658537,0.7714285714285715,
212,291,63,	0.5833333333333334,0.693069306930693,	0.575,0.6571428571428571,
366,120,17,	1.0,0.1782178217821782,	1.0,0.14285714285714285,
212,449,63,	0.5833333333333334,0.693069306930693,	0.65,0.7428571428571429,
332,291,63,	0.6585365853658537,0.801980198019802,	0.7435897435897436,0.8285714285714286,
366,162,17,	1.0,0.19801980198019803,	1.0,0.17142857142857143,
366,25,17,	0.7886178861788617,0.9603960396039604,	0.825,0.9428571428571428,
231,318,17,	0.45,0.26732673267326734,	0.47619047619047616,0.2857142857142857,
366,165,63,	0.4180327868852459,0.504950495049505,	0.5128205128205128,0.5714285714285714,
332,95,63,	0.6666666666666666,0.8118811881188119,	0.825,0.9428571428571428,
366,408,17,	0.926829268292683,0.37623762376237624,	0.9090909090909091,0.2857142857142857,
220,162,17,	0.625,0.04950495049504951,	0.75,0.08571428571428572,
231,375,17,	0.20833333333333334,0.3465346534653465,	0.23214285714285715,0.37142857142857144,
220,224,17,	0.6585365853658537,0.801980198019802,	0.6585365853658537,0.7714285714285715,
402,375,17,	0.7619047619047619,0.15841584158415842,	0.8,0.11428571428571428,
366,231,17,	1.0,0.1188118811881188,	1.0,0.08571428571428572,
366,262,17,	0.7886178861788617,0.9603960396039604,	0.825,0.9428571428571428,
402,120,17,	1.0,0.0297029702970297,	1.0,0.02857142857142857,
220,408,17,	0.8974358974358975,0.3465346534653465,	0.8,0.11428571428571428,
332,189,17,	0.34959349593495936,0.42574257425742573,	0.65,0.7428571428571429,
402,399,17,	0.8936170212765957,0.4158415841584158,	0.8461538461538461,0.3142857142857143,
220,375,17,	0.7272727272727273,0.07920792079207921,	0.8,0.11428571428571428,
366,138,17,	0.890625,0.5643564356435643,	0.8275862068965517,0.6857142857142857,
402,318,17,	0.6,0.0297029702970297,
212,189,17,	0.39166666666666666,0.46534653465346537,	0.325,0.37142857142857144,
366,467,17,	0.8775510204081632,0.42574257425742573,	0.9090909090909091,0.2857142857142857,
402,331,17,	0.7131782945736435,0.9108910891089109,	0.7619047619047619,0.9142857142857143,
220,230,17,	0.7272727272727273,0.07920792079207921,	0.75,0.08571428571428572,
54,291,63,	0.5426356589147286,0.693069306930693,	0.5238095238095238,0.6470588235294118,
366,94,17,	0.7377049180327869,0.8910891089108911,	0.7692307692307693,0.8571428571428571,
366,468,17,	0.9259259259259259,0.24752475247524752,
220,331,17,	0.7542372881355932,0.8811881188118812,	0.7777777777777778,0.8,
220,25,17,	0.775,0.9207920792079208,	0.8,0.9142857142857143,
366,399,17,	0.926829268292683,0.37623762376237624,	0.9090909090909091,0.2857142857142857,
332,449,63,	0.6666666666666666,0.8118811881188119,	0.7435897435897436,0.8285714285714286,
402,138,17,	0.8571428571428571,0.6534653465346535,	0.8484848484848485,0.8,
402,94,17,	0.7209302325581395,0.9207920792079208,	0.7619047619047619,0.9142857142857143,
402,224,17,	0.3543307086614173,0.44554455445544555,	0.3902439024390244,0.45714285714285713,
366,224,17,	0.5040650406504065,0.6138613861386139,	0.475,0.5428571428571428,
220,457,63,	0.6829268292682927,0.8316831683168316,	0.6585365853658537,0.7714285714285715,
402,81,17,	0.75,0.0297029702970297,
231,171,17,	0.27586206896551724,0.15841584158415842,	0.3157894736842105,0.17142857142857143,
402,165,63,	0.3643410852713178,0.46534653465346537,	0.35714285714285715,0.42857142857142855,
402,230,17,	0.85,0.16831683168316833,	0.8333333333333334,0.14285714285714285,
220,468,17,	0.9117647058823529,0.3069306930693069,
402,25,17,	0.7829457364341085,1.0,	0.8095238095238095,0.9714285714285714,
366,461,17,	0.5447154471544715,0.6633663366336634,	0.55,0.6285714285714286,
220,171,17,	0.6666666666666666,0.0594059405940594,	0.75,0.08571428571428572,
402,457,63,	0.4573643410852713,0.5841584158415841,	0.38095238095238093,0.45714285714285713,
231,230,17,	0.27450980392156865,0.4158415841584158,	0.3137254901960784,0.45714285714285713,
366,375,17,	1.0,0.16831683168316833,	1.0,0.14285714285714285,
220,138,17,	0.8428571428571429,0.5841584158415841,	0.7941176470588235,0.7714285714285715,
402,408,17,	0.8936170212765957,0.4158415841584158,	0.8461538461538461,0.3142857142857143,
366,318,17,	1.0,0.0594059405940594,
212,95,63,	0.475,0.5643564356435643,	0.8,0.9142857142857143,
231,162,17,	0.13725490196078433,0.06930693069306931,	0.16666666666666666,0.08571428571428572,
231,468,63,	0.448,0.5544554455445545,	0.37142857142857144,0.37142857142857144,
402,357,17,	0.90625,0.2871287128712871,
402,461,17,	0.359375,0.45544554455445546,	0.38095238095238093,0.45714285714285713,
402,162,17,	0.8888888888888888,0.07920792079207921,	1.0,0.11428571428571428,
366,331,17,	0.7377049180327869,0.8910891089108911,	0.7692307692307693,0.8571428571428571,
220,262,17,	0.7768595041322314,0.9306930693069307,	0.8048780487804879,0.9428571428571428,
366,81,17,	1.0,0.0594059405940594,
402,467,17,	0.875,0.4158415841584158,	0.8461538461538461,0.3142857142857143,
220,399,17,	0.8974358974358975,0.3465346534653465,	0.8,0.11428571428571428,
366,230,17,	1.0,0.10891089108910891,	1.0,0.11428571428571428,
220,467,17,	0.8260869565217391,0.18811881188118812,	0.8,0.11428571428571428,
366,129,63,	0.4878048780487805,0.594059405940594,	0.475,0.5428571428571428,
402,468,63,	1.0,0.009900990099009901,
220,129,63,	0.6639344262295082,0.801980198019802,	0.7073170731707317,0.8285714285714286,
220,94,17,	0.7542372881355932,0.8811881188118812,	0.7777777777777778,0.8,
54,189,17,	0.3359375,0.42574257425742573,	0.40476190476190477,0.5,
402,231,17,	1.0,0.0297029702970297,	1.0,0.02857142857142857,
366,171,17,	1.0,0.22772277227722773,	1.0,0.2,
220,165,63,	0.6829268292682927,0.8316831683168316,	0.7073170731707317,0.8285714285714286,
54,95,63,	0.4728682170542636,0.6039603960396039,	0.7619047619047619,0.9411764705882353,
220,357,17,	0.9117647058823529,0.3069306930693069,
63,300,63,	0.7829457364341085,1.0,
402,129,63,	0.30708661417322836,0.38613861386138615,	0.2926829268292683,0.34285714285714286,
