67,306,	0.06769230769230769,0.008067473414008068,	0.034482758620689655,0.003215434083601286,
41,348,	0.15819118120373352,0.3604693802713605,	0.1276595744680851,0.23622047244094488,
67,248,	0.07671232876712329,0.010267693436010267,	0.08771929824561403,0.01607717041800643,
370,320,	0.020093393448656606,0.6406307297396406,
67,11,	0.07349081364829396,0.010267693436010267,	0.08928571428571429,0.01607717041800643,
67,2,	0.019769357495881382,0.0044004400440044,	0.021739130434782608,0.006430868167202572,
67,349,	0.0980376704232012,0.4561789512284562,	0.11602671118530884,0.44694533762057875,
67,69,	0.06811145510835913,0.008067473414008068,	0.041666666666666664,0.003215434083601286,
41,31,	0.2692307692307692,0.002566923359002567,	0.4,0.007874015748031496,
41,147,	0.06046511627906977,0.004767143381004767,
67,112,	0.09789275043245793,0.45654565456545654,	0.11538461538461539,0.4437299035369775,
41,268,	0.25,0.0018335166850018336,	0.5,0.007874015748031496,
41,26,	0.12287041817243159,0.08727539420608728,	0.045454545454545456,0.023622047244094488,
67,226,	0.035175879396984924,0.002566923359002567,
67,344,	0.024107142857142858,0.009900990099009901,	0.01639344262295082,0.006430868167202572,
41,309,	0.09911966090642321,0.11147781444811147,	0.07333333333333333,0.08661417322834646,
67,463,	0.033816425120772944,0.002566923359002567,
370,153,	0.03757720942248526,0.5867253392005867,
41,173,	0.2538999462076385,0.34616795012834617,	0.225,0.24803149606299213,
67,239,	0.02927927927927928,0.004767143381004767,	0.022222222222222223,0.006430868167202572,
67,12,	0.06294706723891273,0.03226989365603227,	0.03821656050955414,0.01929260450160772,
67,31,	0.1626847120563458,0.43197653098643196,	0.19127988748241911,0.43729903536977494,
67,249,	0.06439942112879884,0.03263659699303264,	0.039473684210526314,0.01929260450160772,
67,107,	0.02389705882352941,0.009534286762009535,	0.01639344262295082,0.006430868167202572,
67,268,	0.16423152570946895,0.4286762009534287,	0.1874125874125874,0.43086816720257237,
41,136,	0.28169014084507044,0.029336266960029337,	0.10714285714285714,0.011811023622047244,
41,452,	0.24629080118694363,0.030436376971030438,	0.20930232558139536,0.03543307086614173,
67,177,	0.09691629955947137,0.008067473414008068,	0.1875,0.01929260450160772,
41,10,	0.17050691244239632,0.027136046938027136,	0.09259259259259259,0.01968503937007874,
67,414,	0.09401709401709402,0.008067473414008068,	0.2,0.01929260450160772,
41,170,	0.14739884393063585,0.0187018701870187,	0.17142857142857143,0.023622047244094488,
67,410,170,	0.10249307479224377,0.05427209387605427,	0.14084507042253522,0.06430868167202572,
67,12,107,	0.030868628858578606,0.031536486982031535,	0.03313253012048193,0.03536977491961415,
67,183,420,	0.017064424384815136,0.506050605060506,	0.016411997736276173,0.3729903536977492,
67,349,107,	0.022294077603812117,0.048038137147048035,	0.022684310018903593,0.03858520900321544,
67,373,348,	0.13377795213809338,0.12504583791712504,	0.20625,0.10610932475884244,
41,173,349,	0.04570305301308434,0.27282728272827284,	0.025064822817631807,0.1141732283464567,
67,72,309,	0.03576659441092038,0.44774477447744776,	0.038630027877339705,0.31189710610932475,
67,249,249,	0.1125302796740806,0.18738540520718738,	0.11324786324786325,0.17041800643086816,
370,133,67,	0.04959112026740104,0.865053171983865,
67,249,107,	0.030843552582683016,0.030436376971030438,	0.02727272727272727,0.028938906752411574,
67,404,167,	0.014946709371550586,0.3028969563623029,	0.018161322645290582,0.4662379421221865,
67,7,244,	0.02688728024819028,0.009534286762009535,	0.019417475728155338,0.006430868167202572,
67,249,12,	0.12310774710596616,0.2027869453612028,	0.1192468619246862,0.1832797427652733,
67,23,260,	0.11448918104628869,0.1532819948661533,	0.1040268456375839,0.19935691318327975,
67,107,31,	0.0662593984962406,0.0517051705170517,	0.02768166089965398,0.02572347266881029,
67,268,12,	0.049655997606939874,0.060872753942060875,	0.053691275167785234,0.05144694533762058,
370,153,349,	0.015517856233124459,0.5584891822515585,
67,349,344,	0.02113906359189378,0.04437110377704437,	0.01968503937007874,0.03215434083601286,
67,12,268,	0.07311375846764774,0.11477814448111477,	0.06497175141242938,0.07395498392282958,
67,215,452,	0.7475409836065574,0.08360836083608361,	0.8620689655172413,0.08038585209003216,
67,107,107,	0.1347911227154047,0.15144847818115145,	0.12394366197183099,0.1414790996784566,
67,247,10,	0.33195449844881075,0.11771177117711772,	0.39080459770114945,0.10932475884244373,
67,111,349,	0.2112676056338028,0.005500550055005501,	0.26666666666666666,0.012861736334405145,
370,312,173,	0.016913026149340635,0.3579024569123579,
67,349,268,	0.06838689251226848,0.6336633663366337,	0.08916920400173989,0.6591639871382636,
41,309,268,	0.028842504743833017,0.08360836083608361,
67,72,170,	0.0225,0.0231023102310231,	0.024291497975708502,0.01929260450160772,
67,410,452,	0.128705712219812,0.06527319398606528,	0.14184397163120568,0.06430868167202572,
67,344,249,	0.039198606271777,0.033003300330033,	0.032448377581120944,0.03536977491961415,
41,309,349,	0.01968034351145038,0.12101210121012101,
67,70,307,	0.02213085016326037,0.0671067106710671,	0.029556650246305417,0.01929260450160772,
67,410,136,	0.14075792730085074,0.06674000733406674,	0.13178294573643412,0.05466237942122187,
67,111,170,	0.06906779661016949,0.05977264393105977,	0.10970464135021098,0.08360128617363344,
67,410,268,	0.14285714285714285,0.0029336266960029336,	0.3,0.00964630225080386,
67,247,348,	0.10271158586688578,0.13751375137513752,	0.12099644128113879,0.10932475884244373,
67,349,112,	0.04408579758433986,0.7763109644297763,	0.05423427428317404,0.7845659163987139,
67,390,153,	0.027435320584926884,0.8943894389438944,	0.037296037296037296,0.15434083601286175,
67,83,320,	0.012184820413113548,0.9468280161349468,	0.013568773234200743,0.2347266881028939,
41,309,31,	0.027665487620010105,0.08030803080308031,	0.010510510510510511,0.027559055118110236,
41,83,320,	0.05555555555555555,0.0011001100110011,
41,348,31,	0.05304282494365139,0.2588925559222589,	0.031840796019900496,0.12598425196850394,
67,247,309,	0.030869083425676746,0.07150715071507151,	0.03125,0.04823151125401929,
67,31,112,	0.06200207828195359,0.6563989732306564,	0.08353317346123101,0.6720257234726688,
67,348,349,	0.0875,0.002566923359002567,
67,111,112,	0.21428571428571427,0.006600660066006601,	0.2222222222222222,0.012861736334405145,
67,344,107,	0.14943609022556392,0.17491749174917492,	0.14244186046511628,0.15755627009646303,
67,287,50,	0.026923076923076925,0.24385771910524387,	0.03766358123204596,0.37942122186495175,
67,348,112,	0.10714285714285714,0.0033003300330033004,
41,278,67,	0.1400442172170789,0.7433076640997434,	0.7251908396946565,0.7480314960629921,
67,349,12,	0.03352192362093352,0.08690869086908691,	0.030120481927710843,0.06430868167202572,
67,249,112,	0.04289118347895155,0.13861386138613863,	0.0375,0.10610932475884244,
67,111,26,	0.07406773862470065,0.15878254492115879,	0.05454545454545454,0.06752411575562701,
41,348,112,	0.0339881509198628,0.3197653098643198,	0.020554984583761562,0.15748031496062992,
67,344,12,	0.03825857519788918,0.0319031903190319,	0.02710843373493976,0.028938906752411574,
41,268,268,	0.1044776119402985,0.002566923359002567,	0.16666666666666666,0.007874015748031496,
67,248,11,	0.28810975609756095,0.06930693069306931,	0.23809523809523808,0.09646302250803858,
67,107,249,	0.040664626147791864,0.034103410341034104,	0.0273972602739726,0.03215434083601286,
67,268,348,	0.08031088082901554,0.011367803447011368,	0.06382978723404255,0.01929260450160772,
67,344,344,	0.13425627817128138,0.15291529152915292,	0.1271186440677966,0.14469453376205788,
370,320,349,	0.012095837877775042,0.6303630363036303,
67,268,31,	0.10451832907075874,0.6743674367436744,	0.13493064312736444,0.6881028938906752,
67,329,92,	0.016456796882548065,0.18738540520718738,	0.03214142225793491,0.2572347266881029,
67,107,349,	0.03748698368622006,0.07920792079207921,	0.018543046357615896,0.04501607717041801,
67,268,107,	0.025611620795107034,0.02456912357902457,	0.02857142857142857,0.022508038585209004,
67,373,136,	0.544,0.09974330766409974,	0.7105263157894737,0.08681672025723473,
67,2,239,	0.08672086720867209,0.08214154748808214,	0.07692307692307693,0.09646302250803858,
67,349,249,	0.03414985590778098,0.08690869086908691,	0.0352760736196319,0.07395498392282958,
67,268,349,	0.061342116097159324,0.6556655665566556,	0.07986373959121877,0.6784565916398714,
370,153,112,	0.015394050904630481,0.5522552255225522,
41,268,31,	0.08955223880597014,0.0022002200220022,	0.09090909090909091,0.003937007874015748,
67,215,348,	0.1202618883528601,0.12797946461312798,	0.16580310880829016,0.10289389067524116,
67,112,348,	0.20270270270270271,0.005500550055005501,	0.2727272727272727,0.00964630225080386,
67,207,444,	0.012035583464154892,0.008434176751008434,
67,344,112,	0.03351519875292284,0.07884121745507884,	0.02526595744680851,0.06109324758842444,
67,107,12,	0.034574468085106384,0.028602860286028604,	0.023054755043227664,0.02572347266881029,
370,320,268,	0.01743503772003353,0.5339200586725339,
67,268,112,	0.06196124405213434,0.658965896589659,	0.08044224170796797,0.6784565916398714,
67,410,348,	0.0902649251758236,0.6259625962596259,	0.08136792452830188,0.4437299035369775,
370,73,173,	0.013861012066400624,0.4305097176384305,
67,111,136,	0.10162067455102934,0.08507517418408507,	0.09727626459143969,0.08038585209003216,
67,263,26,	0.12105155899735072,0.21782178217821782,	0.11403508771929824,0.12540192926045016,
370,73,112,	0.11287988422575977,0.028602860286028604,
67,407,173,	0.0978131212723658,0.09020902090209021,	0.06038647342995169,0.08038585209003216,
67,348,268,	0.0967741935483871,0.0022002200220022,
67,410,26,	0.09657570893525949,0.13237990465713237,	0.06172839506172839,0.04823151125401929,
41,268,349,	0.06896551724137931,0.0029336266960029336,	0.09523809523809523,0.007874015748031496,
67,112,31,	0.06751867872591427,0.6296296296296297,	0.08963707914298208,0.6591639871382636,
67,111,10,	0.072,0.0924092409240924,	0.07571801566579635,0.0932475884244373,
67,11,248,	0.2744252873563218,0.07004033736707004,	0.2076923076923077,0.08681672025723473,
67,97,334,	0.022668905570920585,0.16831683168316833,	0.024077046548956663,0.04823151125401929,
67,12,112,	0.04155595706238708,0.14338100476714338,	0.04201680672268908,0.12861736334405144,
67,460,223,	0.037937328871311224,0.4572790612394573,	0.03710353081986834,0.3987138263665595,
67,349,348,	0.2112676056338028,0.005500550055005501,	0.2727272727272727,0.00964630225080386,
41,31,112,	0.09009009009009009,0.003667033370003667,	0.1,0.007874015748031496,
67,410,309,	0.04507080610021787,0.24275760909424277,	0.031211750305997554,0.1639871382636656,
67,31,268,	0.11139772045590882,0.680968096809681,	0.14812239221140472,0.684887459807074,
67,390,320,	0.015617512799172782,0.9083241657499084,	0.015460295151089248,0.1414790996784566,
67,349,31,	0.06735508096690918,0.6314631463146315,	0.08852599914052428,0.662379421221865,
67,175,412,	0.010655343694920686,0.19508617528419508,	0.012610340479192938,0.19292604501607716,
67,12,349,	0.03997475278771302,0.13934726806013933,	0.03970741901776385,0.12218649517684887,
370,153,31,	0.022317479757773696,0.4811147781444811,
67,263,173,	0.16660283416315588,0.15951595159515952,	0.14285714285714285,0.05466237942122187,
67,249,268,	0.07716870675891431,0.10634396773010635,	0.06711409395973154,0.06430868167202572,
67,268,268,	0.10505995905235449,0.6585991932526586,	0.13564875491480996,0.6655948553054662,
41,309,112,	0.0197955058851504,0.12211221122112212,
67,249,344,	0.029137093761673515,0.028602860286028604,	0.02631578947368421,0.028938906752411574,
67,60,420,	0.013960902466367713,0.29226255958929226,	0.01146569845213071,0.19292604501607716,
370,153,268,	0.02252337250192984,0.48148148148148145,
41,173,112,	0.04607812980621347,0.27466079941327465,	0.027705627705627706,0.12598425196850394,
67,183,297,	0.014676464180316505,0.2717271727172717,	0.010918585331117968,0.14790996784565916,
67,373,173,	0.20614692653673164,0.10084341767510084,	0.2727272727272727,0.06752411575562701,
67,344,349,	0.0339458112737465,0.07994132746607994,	0.024869109947643978,0.06109324758842444,
370,320,112,	0.012090508525085676,0.6248624862486248,
67,31,249,	0.04936217415418746,0.06527319398606528,	0.04790419161676647,0.05144694533762058,
67,344,268,	0.06072026800670017,0.053171983865053174,	0.02422145328719723,0.022508038585209004,
67,249,31,	0.07337246531483457,0.10084341767510084,	0.06020066889632107,0.05787781350482315,
67,239,2,	0.10279101429543908,0.055372203887055375,	0.08088235294117647,0.0707395498392283,
67,268,249,	0.04925816023738872,0.060872753942060875,	0.056856187290969896,0.05466237942122187,
67,12,12,	0.11128048780487805,0.18738540520718738,	0.11373390557939914,0.17041800643086816,
41,348,268,	0.0538420531566522,0.25925925925925924,	0.031189083820662766,0.12598425196850394,
370,320,173,	0.011976047904191617,0.0022002200220022,
67,111,452,	0.08227848101265822,0.07150715071507151,	0.08870967741935484,0.0707395498392283,
67,304,67,	0.055312157721796276,1.0,	0.27352682497801234,1.0,
41,31,349,	0.09615384615384616,0.003667033370003667,	0.10526315789473684,0.007874015748031496,
67,18,255,	0.027241645527737952,0.09057572423909058,	0.02571041948579161,0.06109324758842444,
67,12,344,	0.03455882352941177,0.03447011367803447,	0.03254437869822485,0.03536977491961415,
67,323,86,	0.024186617556783304,0.07224055738907224,	0.024390243902439025,0.003215434083601286,
67,310,320,	0.07364341085271318,0.013934726806013934,
67,72,136,	0.053739195791055995,0.05243857719105244,	0.06701030927835051,0.04180064308681672,
67,72,10,	0.04311611954924057,0.06453978731206454,	0.050445103857566766,0.05466237942122187,
67,12,249,	0.11883934286323874,0.20425375870920426,	0.1257995735607676,0.18971061093247588,
67,107,344,	0.14931237721021612,0.16721672167216722,	0.12634408602150538,0.15112540192926044,
41,31,268,	0.06796116504854369,0.002566923359002567,	0.1111111111111111,0.007874015748031496,
41,268,112,	0.10256410256410256,0.0044004400440044,	0.09523809523809523,0.007874015748031496,
41,173,268,	0.07711844839528977,0.24495782911624495,	0.0426179604261796,0.11023622047244094,
41,31,31,	0.05217391304347826,0.0022002200220022,	0.05263157894736842,0.003937007874015748,
67,410,31,	0.13513513513513514,0.003667033370003667,	0.23076923076923078,0.00964630225080386,
370,73,349,	0.10273972602739725,0.027502750275027504,
67,348,31,	0.09090909090909091,0.0022002200220022,
67,31,173,	0.208955223880597,0.005133846718005134,	0.13043478260869565,0.00964630225080386,
67,268,344,	0.026883910386965377,0.0242024202420242,	0.024896265560165973,0.01929260450160772,
67,249,349,	0.04156836310526907,0.13568023469013568,	0.038946162657502864,0.10932475884244373,
67,407,348,	0.06017435679353604,0.10377704437110377,	0.040740740740740744,0.10610932475884244,
67,112,249,	0.03236013231698547,0.08250825082508251,	0.032670454545454544,0.07395498392282958,
67,112,12,	0.03153857081971871,0.0814081408140814,	0.031029619181946404,0.0707395498392283,
67,111,348,	0.06559129011789065,0.7202053538687202,	0.06181015452538632,0.5401929260450161,
67,72,173,	0.08841463414634146,0.2871287128712871,	0.08732394366197183,0.19935691318327975,
67,268,173,	0.208955223880597,0.005133846718005134,	0.13043478260869565,0.00964630225080386,
67,31,344,	0.02852908484623935,0.028236156949028236,	0.027237354085603113,0.022508038585209004,
67,107,112,	0.03689720267719238,0.07884121745507884,	0.020026702269692925,0.04823151125401929,
67,344,31,	0.05800169348010161,0.050238357169050236,	0.03225806451612903,0.028938906752411574,
67,349,349,	0.0430905462708905,0.7601760176017601,	0.05249228054697839,0.7652733118971061,
67,310,73,	0.05581395348837209,0.0088008800880088,
67,69,306,	0.855457227138643,0.10634396773010635,	0.96,0.07717041800643087,
67,31,349,	0.061667183142237375,0.6567656765676567,	0.08251085669166995,0.6720257234726688,
67,83,153,	0.02069378306296156,0.8621195452878622,	0.018365472910927456,0.12861736334405144,
67,348,173,	0.5,0.0018335166850018336,
370,320,249,	0.010300429184549357,0.0968096809680968,
67,112,344,	0.021261516654854713,0.04400440044004401,	0.020964360587002098,0.03215434083601286,
67,112,349,	0.044200966505582404,0.7781444811147782,	0.05549263873159683,0.7877813504823151,
67,111,268,	0.14482758620689656,0.007700770077007701,	0.21428571428571427,0.01929260450160772,
67,12,31,	0.06956115779645192,0.10927759442610928,	0.05722070844686648,0.06752411575562701,
67,111,173,	0.09862344317978666,0.6068940227356069,	0.09247027741083223,0.45016077170418006,
67,31,348,	0.1,0.011367803447011368,	0.06451612903225806,0.01929260450160772,
370,320,31,	0.017153893214015812,0.5243857719105244,
67,373,309,	0.037003197807217905,0.0594059405940594,	0.052845528455284556,0.04180064308681672,
67,111,309,	0.029503397019631394,0.28822882288228824,	0.020691994572591587,0.19614147909967847,
370,153,348,	0.0653061224489796,0.005867253392005867,
67,31,107,	0.02638058389025677,0.027502750275027504,	0.026415094339622643,0.022508038585209004,
67,72,348,	0.05226169892353171,0.3436010267693436,	0.0549530007230658,0.24437299035369775,
370,320,348,	0.021344717182497332,0.007334066740007334,
67,112,107,	0.021976149914821125,0.047304730473047306,	0.02390438247011952,0.03858520900321544,
67,112,268,	0.06852189058665188,0.6347634763476347,	0.08947368421052632,0.6559485530546624,
67,410,173,	0.13942269035941143,0.6358635863586358,	0.1333955223880597,0.45980707395498394,
67,112,112,	0.0434282126412725,0.7609094242757609,	0.054879448909299654,0.7684887459807074,
41,348,349,	0.033801821608040204,0.31573157315731576,	0.021705426356589147,0.16535433070866143,
67,31,31,	0.10543696190588513,0.6556655665566556,	0.14099931553730322,0.662379421221865,
67,348,111,	0.16981132075471697,0.0033003300330033004,
67,306,69,	0.8776119402985074,0.1078107810781078,	0.9655172413793104,0.09003215434083602,
67,215,309,	0.033474413235859944,0.0638063806380638,	0.03389830508474576,0.03858520900321544,
67,60,297,	0.03552428350780848,0.5313531353135313,	0.029160935350756534,0.3408360128617363,
67,310,153,	0.15517241379310345,0.013201320132013201,
67,410,10,	0.0991695163654128,0.07444077741107444,	0.10426540284360189,0.0707395498392283,
67,348,348,	0.3,0.0011001100110011,
370,73,348,	0.01077624110640339,0.4943160982764943,
67,107,268,	0.06614246068455135,0.05243857719105244,	0.02287581699346405,0.022508038585209004,
67,263,348,	0.11355615528337139,0.20058672533920058,	0.12554112554112554,0.0932475884244373,
370,312,348,	0.013411690116803628,0.40337367070040336,
67,31,12,	0.04958448753462604,0.06563989732306565,	0.04833836858006042,0.05144694533762058,
67,247,173,	0.15411646586345382,0.11257792445911258,	0.20588235294117646,0.09003215434083602,
67,111,31,	0.14285714285714285,0.009534286762009535,	0.15789473684210525,0.01929260450160772,
67,215,173,	0.19285714285714287,0.1188118811881188,	0.3020833333333333,0.0932475884244373,
67,328,91,	0.011951210938873072,0.37403740374037403,	0.012858710992629764,0.26366559485530544,
67,72,452,	0.047753802617615845,0.04950495049504951,	0.05,0.03215434083601286,
67,192,429,	0.25356842989084805,0.11074440777411075,	0.2857142857142857,0.0707395498392283,
41,173,31,	0.07499430134488261,0.2412907957462413,	0.044753086419753084,0.1141732283464567,
