251,	0.012658227848101266,0.017699115044247787,
31,139,	0.08433734939759036,0.18584070796460178,	0.08677685950413223,0.18584070796460178,
112,139,	0.05697445972495088,0.25663716814159293,	0.05697445972495088,0.25663716814159293,
31,277,	0.22857142857142856,0.2831858407079646,
349,277,	0.11666666666666667,0.37168141592920356,
268,139,	0.08898305084745763,0.18584070796460178,	0.09170305676855896,0.18584070796460178,
112,251,	0.07926829268292683,0.11504424778761062,
139,110,	0.16666666666666666,0.008849557522123894,	0.16666666666666666,0.008849557522123894,
139,116,	0.16923076923076924,0.09734513274336283,	0.16923076923076924,0.09734513274336283,
139,347,	0.16666666666666666,0.008849557522123894,	0.16666666666666666,0.008849557522123894,
139,353,	0.16417910447761194,0.09734513274336283,	0.16417910447761194,0.09734513274336283,
268,277,	0.22023809523809523,0.3274336283185841,
349,251,	0.08176100628930817,0.11504424778761062,
112,277,	0.09743589743589744,0.336283185840708,
349,139,	0.058823529411764705,0.26548672566371684,	0.058823529411764705,0.26548672566371684,
139,216,453,	0.01314708299096138,0.1415929203539823,
139,261,24,	0.03783783783783784,0.061946902654867256,
139,136,373,	0.2556818181818182,0.39823008849557523,	0.23880597014925373,0.1415929203539823,
139,376,139,	0.3992932862190813,1.0,
139,376,31,	0.01020408163265306,0.008849557522123894,
139,348,247,	0.20634920634920634,0.46017699115044247,	0.1743119266055046,0.168141592920354,
139,376,410,	0.29896907216494845,0.25663716814159293,
139,173,72,	0.15625,0.35398230088495575,	0.15625,0.35398230088495575,
139,353,116,	0.24731182795698925,0.20353982300884957,	0.24731182795698925,0.20353982300884957,
139,235,472,	0.010851871947911014,0.35398230088495575,	0.021541950113378686,0.336283185840708,
139,10,215,	0.2222222222222222,0.336283185840708,	0.2222222222222222,0.336283185840708,
31,376,139,	1.0,0.061946902654867256,
139,225,462,	0.17647058823529413,0.05309734513274336,
139,348,139,	0.5116279069767442,0.9734513274336283,
139,10,247,	0.22837370242214533,0.584070796460177,	0.23,0.20353982300884957,
139,170,410,	0.18181818181818182,0.1415929203539823,	0.2857142857142857,0.017699115044247787,
139,452,72,	0.14782608695652175,0.1504424778761062,	0.16037735849056603,0.1504424778761062,
139,211,448,	0.3262411347517731,0.40707964601769914,
139,31,410,	1.0,0.008849557522123894,
139,31,111,	1.0,0.017699115044247787,	1.0,0.017699115044247787,
139,31,31,	1.0,0.008849557522123894,	1.0,0.008849557522123894,
139,452,215,	0.27697841726618705,0.6814159292035398,	0.24822695035460993,0.30973451327433627,
139,452,410,	0.2261904761904762,0.168141592920354,	0.23076923076923078,0.05309734513274336,
139,31,139,	1.0,0.061946902654867256,	1.0,0.061946902654867256,
139,170,111,	0.15894039735099338,0.21238938053097345,	0.16,0.21238938053097345,
139,111,348,	1.0,0.008849557522123894,
139,75,312,	0.021440351841671246,0.6902654867256637,	0.02857142857142857,0.05309734513274336,
139,268,31,	1.0,0.008849557522123894,
139,173,410,	0.2605633802816901,0.6548672566371682,	0.4098360655737705,0.22123893805309736,
139,309,215,	0.13245033112582782,0.17699115044247787,	0.13793103448275862,0.17699115044247787,
268,376,139,	1.0,0.061946902654867256,
139,147,384,	0.3333333333333333,0.10619469026548672,	0.6666666666666666,0.035398230088495575,
139,309,72,	0.06846733668341709,0.9646017699115044,	0.1018041237113402,0.6991150442477876,
139,371,134,	0.07425742574257425,0.26548672566371684,	0.07425742574257425,0.26548672566371684,
139,170,407,	0.21739130434782608,0.6637168141592921,	0.5714285714285714,0.07079646017699115,
139,158,395,	0.23684210526315788,0.3185840707964602,
139,185,422,	0.026239067055393587,0.07964601769911504,	0.07142857142857142,0.008849557522123894,
139,166,403,	0.3380281690140845,0.21238938053097345,	0.25925925925925924,0.12389380530973451,
139,348,410,	0.14046121593291405,0.5929203539823009,	0.1889763779527559,0.21238938053097345,
139,310,312,	0.010689215060625399,0.5929203539823009,	0.046153846153846156,0.05309734513274336,
139,173,139,	0.4909090909090909,0.7168141592920354,	0.4909090909090909,0.7168141592920354,
139,88,325,	0.03298045602605863,0.7168141592920354,	0.09090909090909091,0.008849557522123894,
139,1,238,	0.15217391304347827,0.12389380530973451,
139,10,111,	0.23706896551724138,0.48672566371681414,	0.23809523809523808,0.48672566371681414,
139,10,72,	0.15,0.1592920353982301,	0.15,0.1592920353982301,
139,309,111,	0.10474860335195531,0.6637168141592921,	0.13221153846153846,0.48672566371681414,
139,309,410,	0.11254019292604502,0.30973451327433627,	0.10674157303370786,0.168141592920354,
139,170,72,	0.3333333333333333,0.017699115044247787,	0.3333333333333333,0.017699115044247787,
139,268,139,	1.0,0.061946902654867256,
139,116,353,	0.22448979591836735,0.19469026548672566,	0.22448979591836735,0.19469026548672566,
139,278,41,	0.19607843137254902,0.5309734513274337,	0.24,0.05309734513274336,
139,31,268,	0.5,0.008849557522123894,
139,327,90,	0.0118591723285979,0.8495575221238938,	0.014492753623188406,0.008849557522123894,
139,173,111,	0.14606741573033707,0.6902654867256637,	0.14606741573033707,0.6902654867256637,
139,353,353,	0.23157894736842105,0.19469026548672566,	0.23157894736842105,0.19469026548672566,
111,376,139,	0.04543577034283354,0.9734513274336283,
139,452,111,	0.22764227642276422,0.49557522123893805,	0.23232323232323232,0.20353982300884957,
139,116,116,	0.23404255319148937,0.19469026548672566,	0.23404255319148937,0.19469026548672566,
139,40,277,	0.3313253012048193,0.48672566371681414,
139,268,410,	1.0,0.008849557522123894,
139,376,111,	0.3103448275862069,0.5575221238938053,
139,348,407,	0.12704918032786885,0.2743362831858407,	0.4,0.017699115044247787,
139,10,410,	0.24324324324324326,0.1592920353982301,	0.3157894736842105,0.05309734513274336,
139,173,247,	0.2857142857142857,0.17699115044247787,	0.2727272727272727,0.05309734513274336,
139,268,268,	0.5,0.008849557522123894,
139,268,111,	1.0,0.017699115044247787,
139,83,320,	0.023255813953488372,0.008849557522123894,
139,173,215,	0.27906976744186046,0.21238938053097345,	0.27906976744186046,0.21238938053097345,
139,348,111,	0.09613572101790764,0.9026548672566371,	0.22569444444444445,0.5752212389380531,
410,376,139,	0.06683168316831684,0.7168141592920354,
139,14,251,	0.22330097087378642,0.20353982300884957,
139,309,247,	0.13821138211382114,0.1504424778761062,	0.1452991452991453,0.1504424778761062,
139,348,72,	0.10714285714285714,0.6637168141592921,	0.1275626423690205,0.49557522123893805,
139,173,407,	0.19166666666666668,0.20353982300884957,	1.0,0.008849557522123894,
139,348,215,	0.22093023255813954,0.504424778761062,	0.2028985507246377,0.24778761061946902,
139,201,438,	0.023809523809523808,0.3008849557522124,
139,123,360,	0.03067484662576687,0.04424778761061947,
139,452,247,	0.1751412429378531,0.2743362831858407,	0.19,0.168141592920354,
139,309,407,	0.2,0.017699115044247787,	0.6666666666666666,0.017699115044247787,
