234,	0.31,0.011676082862523541,	0.3157894736842105,0.01282051282051282,
157,	0.3101449275362319,0.44331450094161956,	0.49,0.5125523012552301,
87,	0.04040404040404041,0.0015065913370998117,
61,	0.5070422535211268,0.09491525423728814,	0.7333333333333333,0.06903765690376569,
369,	0.8173258003766478,0.8173258003766478,	0.7907949790794979,0.7907949790794979,
471,	0.36,0.013559322033898305,	0.42105263157894735,0.017204301075268817,
394,	0.31277997364953886,0.44708097928436913,	0.5,0.5230125523012552,
324,	0.04040404040404041,0.0015065913370998117,
298,	0.4949698189134809,0.09265536723163842,	0.7555555555555555,0.07112970711297072,
132,132,	0.19604503036587173,0.9969868173258004,	0.3039533376539209,0.9811715481171548,
132,234,	0.3231707317073171,0.13973634651600753,	0.3815028901734104,0.14102564102564102,
132,157,	0.18723687126080213,0.9548022598870056,	0.3196314670446492,0.9435146443514645,
132,87,	0.648,0.09152542372881356,	1.0,0.08368200836820083,
132,61,	0.26997503121098626,0.6516007532956686,	0.474835886214442,0.45397489539748953,
132,369,	0.1963477098953307,0.9962335216572504,	0.3081967213114754,0.9832635983263598,
132,471,	0.23499197431781702,0.27570621468926554,	0.4895833333333333,0.19665271966527198,
132,394,	0.18746747937263064,0.9499058380414312,	0.3177966101694915,0.9414225941422594,
132,324,	0.3110285006195787,0.09453860640301319,	0.3252032520325203,0.08368200836820083,
132,298,	0.26615338164251207,0.664030131826742,	0.47568710359408034,0.4707112970711297,
36,97,	0.6666666666666666,0.024858757062146894,	0.6428571428571429,0.01882845188284519,
36,70,	0.7333333333333333,0.004143126177024482,	0.3333333333333333,0.002136752136752137,
36,273,	0.5025335320417288,0.6350282485875707,	0.5721784776902887,0.4560669456066946,
36,329,	0.6862745098039216,0.013182674199623353,	0.6,0.006276150627615063,
234,132,	0.24349566377585058,0.2749529190207156,	0.5340909090909091,0.19665271966527198,
234,234,	0.06382978723404255,0.0011299435028248588,
234,157,	0.20500271886895052,0.2839924670433145,	0.5227272727272727,0.14435146443514643,
234,87,	0.5454545454545454,0.0022598870056497176,	1.0,0.0041841004184100415,
234,61,	0.2616822429906542,0.09491525423728814,	0.5588235294117647,0.0397489539748954,
234,369,	0.23723916532905298,0.2783427495291902,	0.5401069518716578,0.2112970711297071,
234,471,	0.2987721691678035,0.08248587570621468,	0.4745762711864407,0.058577405857740586,
234,394,	0.1984732824427481,0.27419962335216574,	0.45323741007194246,0.13179916317991633,
234,324,	0.23469387755102042,0.008662900188323917,	0.3333333333333333,0.0041841004184100415,
234,298,	0.2646484375,0.10207156308851224,	0.3829787234042553,0.03765690376569038,
157,132,	0.1877703206562267,0.9483992467043314,	0.3170391061452514,0.9497907949790795,
157,234,	0.29596412556053814,0.14915254237288136,	0.4097222222222222,0.12606837606837606,
157,157,	0.17188163669828685,0.9145009416195857,	0.3240391861341371,0.899581589958159,
157,87,	0.42857142857142855,0.07005649717514124,	0.72,0.03765690376569038,
157,61,	0.24258474576271186,0.6037664783427495,	0.48877805486284287,0.4100418410041841,
157,369,	0.18709581505983797,0.9480225988700565,	0.3185028248587571,0.9435146443514645,
157,471,	0.20010905125408943,0.27645951035781546,	0.4846153846153846,0.13179916317991633,
157,394,	0.1716884593519045,0.9099811676082863,	0.30434782608695654,0.893305439330544,
157,324,	0.15294117647058825,0.04406779661016949,	0.20454545454545456,0.03765690376569038,
157,298,	0.23875945986051342,0.6060263653483993,	0.4271047227926078,0.4351464435146444,
87,132,	0.3264781491002571,0.09566854990583804,	0.3389830508474576,0.08368200836820083,
87,157,	0.15323645970937913,0.043691148775894535,	0.2,0.0397489539748954,
87,61,	0.1782178217821782,0.013559322033898305,	0.21739130434782608,0.010460251046025104,
87,369,	0.28872366790582404,0.08775894538606403,	0.2682926829268293,0.06903765690376569,
87,471,	0.24489795918367346,0.00903954802259887,	0.3333333333333333,0.0041841004184100415,
87,394,	0.15163398692810456,0.043691148775894535,	0.18085106382978725,0.03556485355648536,
87,298,	0.21153846153846154,0.01657250470809793,	0.19230769230769232,0.010460251046025104,
92,97,	0.42555282555282553,0.3261770244821092,	0.5780821917808219,0.44142259414225943,
92,70,	0.6562162162162162,0.22862523540489643,	0.6930232558139535,0.31837606837606836,
92,30,	0.5558312655086849,0.08436911487758945,	0.6338028169014085,0.09414225941422594,
92,273,	0.6666666666666666,0.012806026365348399,	0.8,0.008368200836820083,
92,329,	0.46863468634686345,0.38267419962335214,	0.612,0.3200836820083682,
61,132,	0.26864988558352404,0.6632768361581921,	0.4699792960662526,0.47489539748953974,
61,234,	0.3711340206185567,0.04067796610169491,	0.5263157894736842,0.021367521367521368,
61,157,	0.24069698759598346,0.6139359698681732,	0.49878345498783455,0.42887029288702927,
61,87,	0.6607142857142857,0.013935969868173258,	0.6,0.006276150627615063,
61,61,	0.32936979785969084,0.3129943502824859,	0.5483870967741935,0.14225941422594143,
61,369,	0.2658514492753623,0.6632768361581921,	0.49682875264270615,0.4916317991631799,
61,471,	0.255859375,0.09868173258003766,	0.5882352941176471,0.04184100418410042,
61,394,	0.23964979967354208,0.608286252354049,	0.4720357941834452,0.44142259414225943,
61,324,	0.19230769230769232,0.015065913370998116,	0.14285714285714285,0.006276150627615063,
61,298,	0.3260059612518629,0.3295668549905838,	0.4589041095890411,0.1401673640167364,
334,97,	0.3110725643249494,0.40527306967984933,	0.5691699604743083,0.301255230125523,
334,70,	0.5900195694716243,0.2271186440677966,	0.8041237113402062,0.16666666666666666,
334,30,	0.44408427876823336,0.1032015065913371,	0.38095238095238093,0.03347280334728033,
334,273,	0.7676767676767676,0.02862523540489642,
334,329,	0.4348894348894349,0.3333333333333333,	0.649746192893401,0.26778242677824265,
369,132,	0.19607698001480384,0.9977401129943503,	0.29980781550288277,0.9790794979079498,
369,234,	0.3292576419213974,0.14199623352165724,	0.39156626506024095,0.1388888888888889,
369,157,	0.187509249667012,0.9544256120527307,	0.3192389006342495,0.9476987447698745,
369,87,	0.5890052356020943,0.0847457627118644,	0.825,0.06903765690376569,
369,61,	0.2721141781681305,0.6534839924670434,	0.4531590413943355,0.4351464435146444,
369,369,	0.1958969041623463,0.9962335216572504,	0.3039533376539209,0.9811715481171548,
369,471,	0.23882588392261508,0.2696798493408663,	0.4827586206896552,0.17573221757322174,
369,394,	0.18799403430275913,0.9495291902071563,	0.3170391061452514,0.9497907949790795,
369,324,	0.2879177377892031,0.08436911487758945,	0.2796610169491525,0.06903765690376569,
369,298,	0.26971777269260105,0.6659133709981168,	0.4575569358178054,0.46234309623430964,
307,97,	0.5684931506849316,0.21883239171374766,	0.6770833333333334,0.13978494623655913,
307,70,	0.7257731958762886,0.26516007532956687,	0.7053571428571429,0.17362637362637362,
307,30,	0.6681034482758621,0.0583804143126177,	0.5714285714285714,0.008602150537634409,
307,273,	0.7333333333333333,0.004143126177024482,
307,329,	0.654054054054054,0.2278719397363465,	0.7256637168141593,0.17634408602150536,
471,132,	0.32489082969432315,0.1401129943502825,	0.3674698795180723,0.13118279569892474,
471,234,	0.16981132075471697,0.003389830508474576,	0.2727272727272727,0.006593406593406593,
471,157,	0.29188384214445273,0.14764595103578154,	0.3706293706293706,0.11397849462365592,
471,61,	0.3673469387755102,0.04067796610169491,	0.4117647058823529,0.015053763440860216,
471,369,	0.3170731707317073,0.13709981167608287,	0.36416184971098264,0.13548387096774195,
471,471,	0.0851063829787234,0.0015065913370998117,
471,394,	0.2862481315396114,0.14425612052730696,	0.375,0.11612903225806452,
471,298,	0.35051546391752575,0.0384180790960452,	0.42105263157894735,0.017204301075268817,
394,132,	0.1869172709782448,0.9514124293785311,	0.31994362226920364,0.9497907949790795,
394,234,	0.29858525688756515,0.15103578154425612,	0.40559440559440557,0.12393162393162394,
394,157,	0.17155518041780968,0.9186440677966101,	0.3237518910741301,0.895397489539749,
394,87,	0.43914081145584727,0.06930320150659133,	0.7407407407407407,0.04184100418410042,
394,61,	0.24263038548752835,0.6045197740112994,	0.48214285714285715,0.39539748953974896,
394,369,	0.18686756776719107,0.9529190207156308,	0.3189227498228207,0.9414225941422594,
394,471,	0.2030995106035889,0.28135593220338984,	0.4883720930232558,0.13179916317991633,
394,394,	0.17195242814667988,0.9148775894538607,	0.3240391861341371,0.899581589958159,
394,324,	0.15191545574636725,0.04331450094161959,	0.21052631578947367,0.04184100418410042,
394,298,	0.2395156526875369,0.6109227871939736,	0.4768856447688564,0.4100418410041841,
324,132,	0.6413612565445026,0.09227871939736347,	1.0,0.08368200836820083,
324,157,	0.4105011933174224,0.0647834274952919,	0.7037037037037037,0.0397489539748954,
324,61,	0.6290322580645161,0.014689265536723164,	1.0,0.010460251046025104,
324,369,	0.5706666666666667,0.08060263653483993,	0.825,0.06903765690376569,
324,471,	0.6363636363636364,0.0026365348399246705,	1.0,0.0041841004184100415,
324,394,	0.39400921658986177,0.06440677966101695,	0.68,0.03556485355648536,
324,298,	0.7142857142857143,0.015065913370998116,	1.0,0.010460251046025104,
298,132,	0.2728983688833124,0.655367231638418,	0.4531590413943355,0.4351464435146444,
298,234,	0.3741496598639456,0.04143126177024482,	0.4117647058823529,0.014957264957264958,
298,157,	0.24353741496598638,0.6067796610169491,	0.48214285714285715,0.39539748953974896,
298,87,	0.6612903225806451,0.01544256120527307,	0.8,0.008368200836820083,
298,61,	0.34289329396878954,0.30621468926553674,	0.5454545454545454,0.13807531380753138,
298,369,	0.27137952559300876,0.6549905838041431,	0.47702407002188185,0.4560669456066946,
298,471,	0.2554517133956386,0.09265536723163842,	0.5588235294117647,0.0397489539748954,
298,394,	0.24349273607748184,0.6060263653483993,	0.486284289276808,0.40794979079497906,
298,324,	0.17326732673267325,0.013182674199623353,	0.17391304347826086,0.008368200836820083,
298,298,	0.3281807372175981,0.31186440677966104,	0.5645161290322581,0.14644351464435146,
267,97,	0.4359805510534846,0.10131826741996233,	0.38095238095238093,0.03347280334728033,
267,70,	0.6810344827586207,0.05951035781544256,	0.5714285714285714,0.008547008547008548,
267,30,	0.5098039215686274,0.05875706214689266,	0.35294117647058826,0.012552301255230125,
267,329,	0.5583126550868487,0.0847457627118644,	0.6571428571428571,0.04811715481171548,
369,298,132,	0.14074858757062148,0.7506591337099812,	0.2984326018808777,0.99581589958159,
369,36,273,	0.17491347862688242,0.704331450094162,	0.3382867132867133,0.8096234309623431,
394,298,394,	0.11288876629197986,0.6165725047080979,	0.343980343980344,0.8786610878661087,
157,61,157,	0.11295772705330667,0.6169491525423729,	0.343980343980344,0.8786610878661087,
157,369,298,	0.14737956590788778,0.5242937853107345,	0.3796711509715994,0.5313807531380753,
334,329,157,	0.1638446634655884,0.7325800376647834,	0.40470297029702973,0.6841004184100419,
369,167,404,	0.12121212121212122,0.01807909604519774,
394,394,298,	0.1424158500213038,0.503578154425612,	0.3911620294599018,0.5,
334,273,394,	0.27408412483039346,0.15216572504708098,	0.6666666666666666,0.02092050209205021,
369,132,394,	0.08924963422281056,0.4824858757062147,	0.17450096587250483,0.5669456066945606,
334,349,329,	0.40518134715025905,0.29453860640301316,	0.6238532110091743,0.14225941422594143,
157,298,394,	0.1137233080614871,0.615819209039548,	0.3431372549019608,0.8786610878661087,
92,329,298,	0.2692075015124017,0.5028248587570622,	0.5369127516778524,0.33472803347280333,
132,36,97,	0.3002528445006321,0.17890772128060264,	0.618421052631579,0.19665271966527198,
298,132,157,	0.144366576819407,0.5043314500941619,	0.375,0.4895397489539749,
157,132,132,	0.08911787231079858,0.4821092278719397,	0.17030848329048842,0.5543933054393305,
394,334,329,	0.17895520800085116,0.6335216572504708,	0.4407894736842105,0.700836820083682,
334,273,369,	0.3008849557522124,0.17928436911487758,	0.7777777777777778,0.043933054393305436,
369,167,97,	0.7272727272727273,0.01807909604519774,	0.6896551724137931,0.04184100418410042,
369,132,132,	0.09690003483106932,0.5239171374764595,	0.15453460620525059,0.5418410041841004,
132,132,394,	0.08983086532388238,0.4821092278719397,	0.16731016731016732,0.5439330543933054,
334,329,132,	0.17325541423169474,0.7593220338983051,	0.3933333333333333,0.7405857740585774,
132,157,394,	0.09208956271495754,0.49416195856873824,	0.1456548347613219,0.497907949790795,
132,132,369,	0.0944023777510438,0.5024482109227872,	0.14507462686567163,0.5083682008368201,
167,404,132,	0.16666666666666666,0.024858757062146894,
36,97,132,	0.5771715721464465,0.30282485875706217,	0.7142857142857143,0.2615062761506276,
92,97,394,	0.17899914456800683,0.6305084745762712,	0.31465093411996065,0.6694560669456067,
307,97,394,	0.262,0.592090395480226,	0.4418604651162791,0.5720430107526882,
132,61,157,	0.12886633766594843,0.6983050847457627,	0.3194544149318019,0.9309623430962343,
157,369,61,	0.14453252253230536,0.5013182674199623,	0.37042925278219396,0.4874476987447699,
394,369,394,	0.08869240864820059,0.48361581920903957,	0.18915159944367177,0.5690376569037657,
394,132,61,	0.1451978010132586,0.5073446327683616,	0.3676703645007924,0.48535564853556484,
132,167,329,	0.6640625,0.064030131826742,
394,36,273,	0.16947417403443463,0.6858757062146893,	0.35428571428571426,0.7782426778242678,
132,298,298,	0.21533553606015723,0.711864406779661,	0.44481605351170567,0.5564853556485355,
394,394,394,	0.0871337755666114,0.4749529190207156,	0.15427380125086865,0.46443514644351463,
36,273,298,	0.2514382402707276,0.5596986817325801,	0.5225988700564972,0.38702928870292885,
157,92,329,	0.1675244727015844,0.6252354048964218,	0.3888213851761847,0.6694560669456067,
92,404,394,	0.5189873417721519,0.06177024482109228,
394,157,298,	0.14267475263325885,0.5050847457627119,	0.3469387755102041,0.497907949790795,
61,298,61,	0.2626799557032115,0.44670433145009414,	0.532258064516129,0.20711297071129708,
298,157,369,	0.15589903258089624,0.528060263653484,	0.3885135135135135,0.4811715481171548,
394,334,97,	0.15717092337917485,0.7231638418079096,	0.3997539975399754,0.6799163179916318,
92,404,132,	0.6590909090909091,0.0655367231638418,
394,369,369,	0.09342801448064605,0.5054613935969868,	0.17461340206185566,0.5669456066945606,
157,369,369,	0.08905888132500527,0.47796610169491527,	0.17245817245817247,0.5606694560669456,
132,334,329,	0.20416573847182,0.6903954802259887,	0.43137254901960786,0.7364016736401674,
394,167,97,	0.625,0.018832391713747645,	0.8571428571428571,0.03765690376569038,
394,132,369,	0.09305565229504771,0.5032015065913371,	0.16516709511568123,0.5376569037656904,
132,157,369,	0.09777148921117793,0.5205273069679849,	0.1812200956937799,0.6338912133891214,
157,298,298,	0.1929804634257156,0.639924670433145,	0.446360153256705,0.4874476987447699,
61,298,132,	0.21524509241189302,0.7062146892655368,	0.43375394321766564,0.5753138075313807,
36,329,132,	0.5143504531722054,0.25649717514124293,	0.7428571428571429,0.1087866108786611,
157,394,298,	0.1415397812567017,0.4971751412429379,	0.39087947882736157,0.502092050209205,
369,167,329,	0.6098484848484849,0.06064030131826742,
298,298,298,	0.2640883977900553,0.4500941619585687,	0.4947916666666667,0.19874476987447698,
157,394,394,	0.0870383275261324,0.4704331450094162,	0.13324080499653018,0.401673640167364,
394,61,132,	0.12457491845374419,0.6760828625235404,	0.32344428364688854,0.9351464435146444,
369,298,61,	0.22196013680858592,0.7088512241054614,	0.42579505300353354,0.50418410041841,
132,394,157,	0.08657194595347542,0.46817325800376647,	0.16839378238341968,0.5439330543933054,
157,394,61,	0.141488658885708,0.4839924670433145,	0.3935018050541516,0.4560669456066946,
157,394,369,	0.09300203551624904,0.4990583804143126,	0.15850515463917525,0.5146443514644351,
369,92,273,	0.5241691842900302,0.2613935969868173,	0.7285714285714285,0.10669456066945607,
132,61,61,	0.22074976122254059,0.6964218455743879,	0.41496598639455784,0.5104602510460251,
369,298,157,	0.1272815601360261,0.6907721280602637,	0.32054992764109985,0.9267782426778243,
369,61,298,	0.2143267133509356,0.7032015065913371,	0.36694677871148457,0.5481171548117155,
298,298,132,	0.22107907644455077,0.696045197740113,	0.412751677852349,0.5146443514644351,
394,298,61,	0.19634117921230482,0.6346516007532956,	0.44008264462809915,0.4456066945606695,
157,334,70,	0.2605,0.5887005649717514,	0.48063380281690143,0.5833333333333334,
298,369,394,	0.1438497448702638,0.4990583804143126,	0.36850393700787404,0.4895397489539749,
132,369,298,	0.1532963516108385,0.5412429378531074,	0.3632596685082873,0.5502092050209205,
334,70,394,	0.20210526315789473,0.7231638418079096,	0.42628774422735344,0.502092050209205,
394,334,273,	0.44683136412459723,0.31337099811676083,	0.7777777777777778,0.029288702928870293,
369,132,369,	0.09742220973519702,0.5224105461393597,	0.1509546539379475,0.5292887029288703,
369,334,329,	0.20693900391717962,0.6964218455743879,	0.4222488038277512,0.7384937238493724,
61,394,369,	0.15847053726169844,0.5510357815442561,	0.39090909090909093,0.5397489539748954,
394,132,132,	0.09163153893994887,0.4994350282485876,	0.17544987146529564,0.5711297071129707,
61,36,273,	0.25076142131979695,0.5581920903954802,	0.5240641711229946,0.4100418410041841,
369,61,157,	0.12817487855655796,0.695668549905838,	0.3191948238677211,0.9288702928870293,
132,36,273,	0.17331705943103934,0.6952919020715631,	0.3327510917030568,0.797071129707113,
61,298,369,	0.21480972031178358,0.7058380414312617,	0.43610223642172524,0.5711297071129707,
334,268,97,	0.3560185185185185,0.2896421845574388,	0.6149425287356322,0.22384937238493724,
157,394,157,	0.08763812154696132,0.47796610169491527,	0.14972144846796656,0.4497907949790795,
394,61,157,	0.1122281493639721,0.6180790960451977,	0.34599504541701076,0.8765690376569037,
369,61,61,	0.220720181839933,0.6949152542372882,	0.40436241610738255,0.50418410041841,
334,97,132,	0.17158544955387783,0.7532956685499058,	0.4172259507829978,0.7803347280334728,
334,97,61,	0.24489795918367346,0.5062146892655367,	0.5210727969348659,0.28451882845188287,
334,112,273,	0.6574923547400612,0.08097928436911488,	0.6,0.01882845188284519,
92,268,97,	0.41551939924906134,0.25009416195856876,	0.5845697329376854,0.4121338912133891,
298,394,132,	0.15731330092797172,0.5363465160075329,	0.38397328881469117,0.4811715481171548,
132,132,157,	0.09280144806460595,0.5020715630885122,	0.17461340206185566,0.5669456066945606,
132,298,157,	0.12662450483007853,0.6862523540489642,	0.32057761732851986,0.9288702928870293,
298,92,329,	0.2719983118801435,0.4854990583804143,	0.5231316725978647,0.3075313807531381,
132,157,61,	0.15749082415749083,0.5333333333333333,	0.3831932773109244,0.4769874476987448,
334,31,329,	0.43178973717146435,0.2598870056497175,	0.6571428571428571,0.14435146443514643,
307,97,132,	0.309638339568858,0.6546139359698682,	0.46955128205128205,0.6301075268817204,
92,349,97,	0.4032171581769437,0.2832391713747646,	0.5672043010752689,0.44142259414225943,
157,61,132,	0.12527979854504756,0.6745762711864407,	0.3214030064423765,0.9393305439330544,
369,61,369,	0.14355317045615026,0.7657250470809793,	0.2989949748743719,0.99581589958159,
132,298,132,	0.14037565315633385,0.7487758945386064,	0.2989949748743719,0.99581589958159,
157,61,369,	0.12904808635917567,0.6934086629001883,	0.3216332378223496,0.9393305439330544,
369,132,157,	0.09177608845888044,0.5001883239171375,	0.1828718609143593,0.5941422594142259,
369,92,329,	0.17612942612942614,0.6519774011299435,	0.3770672546857773,0.7154811715481172,
157,234,471,	0.2068074105988798,0.5423728813559322,	0.4512820512820513,0.3682008368200837,
61,394,394,	0.14221364221364222,0.4994350282485876,	0.4032520325203252,0.5188284518828452,
298,298,394,	0.19789573235607047,0.6305084745762712,	0.41453831041257366,0.44142259414225943,
61,61,132,	0.21681922196796338,0.7137476459510358,	0.45304777594728174,0.5753138075313807,
298,369,369,	0.15382932166301969,0.5295668549905838,	0.35964912280701755,0.5146443514644351,
298,369,132,	0.1534109454901534,0.5310734463276836,	0.35755813953488375,0.5146443514644351,
132,394,369,	0.09840820657941281,0.5239171374764595,	0.18181818181818182,0.6359832635983264,
36,273,132,	0.17369750257225705,0.6994350282485876,	0.3596654275092937,0.8096234309623431,
61,61,369,	0.2151076677680301,0.7111111111111111,	0.45652173913043476,0.5711297071129707,
132,234,471,	0.279204107830552,0.655367231638418,	0.49019607843137253,0.4707112970711297,
369,92,70,	0.26660761736049604,0.6802259887005649,	0.3528205128205128,0.7350427350427351,
307,329,157,	0.24261030986719978,0.639924670433145,	0.49122807017543857,0.6021505376344086,
157,298,132,	0.1270996640537514,0.6839924670433145,	0.321173104434907,0.9393305439330544,
394,234,471,	0.2061529614721104,0.5401129943502825,	0.44415584415584414,0.3577405857740586,
334,97,298,	0.242274412855377,0.5167608286252354,	0.46273291925465837,0.3117154811715481,
61,394,157,	0.14054686668794553,0.4975517890772128,	0.40327868852459015,0.5146443514644351,
92,329,369,	0.17817440081591024,0.6580037664783428,	0.3715545755237045,0.7050209205020921,
157,307,97,	0.20242105263157895,0.7242937853107345,	0.4684512428298279,0.5125523012552301,
369,307,97,	0.21117306897976043,0.7702448210922788,	0.44020797227036396,0.5313807531380753,
157,132,394,	0.0891812865497076,0.4824858757062147,	0.18446601941747573,0.5564853556485355,
132,394,298,	0.1568967385415538,0.5453860640301318,	0.3799392097264438,0.5230125523012552,
307,329,132,	0.2661647475642161,0.6790960451977401,	0.49522292993630573,0.6688172043010753,
132,132,132,	0.09877843302443134,0.5299435028248588,	0.14916467780429593,0.5230125523012552,
369,298,394,	0.1265388919977616,0.6813559322033899,	0.3185397279885469,0.9309623430962343,
334,97,157,	0.15774394237066142,0.7258003766478343,	0.4009840098400984,0.6820083682008368,
132,132,61,	0.15328227571115974,0.5276836158192091,	0.3567251461988304,0.5104602510460251,
307,70,157,	0.24741836449902316,0.6677966101694915,	0.48198970840480276,0.6043010752688172,
132,307,70,	0.25426837872160296,0.6787193973634652,	0.4899536321483771,0.6773504273504274,
92,70,369,	0.23393761663556384,0.6610169491525424,	0.3572192513368984,0.698744769874477,
61,369,157,	0.14614414793023744,0.5239171374764595,	0.3898809523809524,0.5481171548117155,
61,61,157,	0.19362855851784908,0.6455743879472693,	0.4584139264990329,0.49581589958158995,
394,167,329,	0.53125,0.064030131826742,
298,394,369,	0.1572683794906017,0.5325800376647835,	0.3865546218487395,0.4811715481171548,
157,307,70,	0.24799324038867765,0.6632768361581921,	0.47571189279731996,0.6068376068376068,
36,273,61,	0.2502155544059321,0.5465160075329567,	0.5227963525835866,0.3598326359832636,
92,404,369,	0.58203125,0.05612052730696798,
157,334,329,	0.17686056458511548,0.6229755178907721,	0.4359637774902975,0.7050209205020921,
132,61,394,	0.12999579301640724,0.6983050847457627,	0.3010825439783491,0.9309623430962343,
394,298,369,	0.1285883088899701,0.696798493408663,	0.3223259152907394,0.9393305439330544,
334,70,132,	0.21127633209417596,0.7706214689265537,	0.4368932038834951,0.5648535564853556,
132,157,298,	0.15749566724436742,0.5476459510357815,	0.33557951482479786,0.5209205020920502,
298,61,394,	0.19772886911730275,0.6361581920903955,	0.4069767441860465,0.4393305439330544,
394,369,132,	0.09129232895646164,0.4975517890772128,	0.17385705086928527,0.5648535564853556,
157,369,394,	0.08904204956836535,0.4817325800376648,	0.1823855755894591,0.5502092050209205,
157,61,61,	0.19777751507270364,0.6301318267419962,	0.4204322200392927,0.4476987447698745,
92,97,132,	0.2094012311135982,0.7047080979284369,	0.3113207547169811,0.6903765690376569,
334,70,157,	0.20213433772755807,0.727683615819209,	0.4622467771639042,0.5251046025104602,
369,132,298,	0.15360135780205791,0.5453860640301318,	0.36103542234332425,0.5543933054393305,
92,329,157,	0.16726654669066188,0.6301318267419962,	0.38271604938271603,0.6485355648535565,
36,273,369,	0.17312928363533941,0.6945386064030132,	0.3593314763231198,0.8096234309623431,
369,61,394,	0.12912933930571108,0.6949152542372882,	0.3010825439783491,0.9309623430962343,
394,36,97,	0.2718052738336714,0.15141242937853108,	0.6060606060606061,0.16736401673640167,
334,70,369,	0.21022785854211776,0.767984934086629,	0.43449419568822556,0.5481171548117155,
394,307,97,	0.20192508893073866,0.7269303201506592,	0.4691848906560636,0.49372384937238495,
157,36,97,	0.27204884667571233,0.15103578154425612,	0.5939849624060151,0.16527196652719664,
334,97,369,	0.17182277830148257,0.7551789077212806,	0.4051627384960718,0.7552301255230126,
298,298,61,	0.27040110650069155,0.44180790960451977,	0.49162011173184356,0.18410041841004185,
157,157,298,	0.1438223938223938,0.5050847457627119,	0.3473227206946454,0.502092050209205,
298,61,298,	0.2637873754152824,0.4485875706214689,	0.45539906103286387,0.20292887029288703,
334,404,157,	0.5875,0.01770244821092279,
36,97,369,	0.5568101623147494,0.29717514124293787,	0.6705202312138728,0.24267782426778242,
61,92,329,	0.26537608388788064,0.49566854990583803,	0.5671140939597316,0.35355648535564854,
234,471,132,	0.2807611675536204,0.6557438794726931,	0.5088888888888888,0.4790794979079498,
394,92,329,	0.16656668666266747,0.6274952919020715,	0.38395061728395063,0.6506276150627615,
298,132,132,	0.152131361461505,0.5269303201506591,	0.35964912280701755,0.5146443514644351,
61,157,157,	0.1406050276949297,0.4971751412429379,	0.40425531914893614,0.5167364016736402,
369,334,97,	0.17227179135209333,0.7563088512241055,	0.39932885906040266,0.7468619246861925,
157,394,132,	0.09005432511491851,0.48700564971751414,	0.15463917525773196,0.502092050209205,
334,404,132,	1.0,0.024858757062146894,
132,334,273,	0.5765702187720536,0.30772128060263654,	1.0,0.056485355648535567,
132,298,369,	0.14617775893740284,0.7792843691148776,	0.29918290383406665,0.99581589958159,
157,334,97,	0.15495969731863793,0.7096045197740113,	0.3937575030012005,0.6861924686192469,
369,36,97,	0.2949685534591195,0.17664783427495293,	0.6025641025641025,0.19665271966527198,
157,369,132,	0.08973733714206089,0.48512241054613936,	0.1706374758531874,0.5543933054393305,
394,394,61,	0.13998470112556005,0.4824858757062147,	0.3938294010889292,0.45397489539748953,
298,298,369,	0.22015281757402103,0.6945386064030132,	0.41496598639455784,0.5104602510460251,
157,369,157,	0.08845463333793675,0.4824858757062147,	0.19569743233865372,0.5899581589958159,
132,394,132,	0.09423238843671064,0.5058380414312618,	0.1784431137724551,0.6234309623430963,
157,298,369,	0.13125788809423644,0.7050847457627119,	0.321173104434907,0.9393305439330544,
394,92,97,	0.16308651335186589,0.7291902071563089,	0.3175150992234685,0.7698744769874477,
394,394,157,	0.08974358974358974,0.4930320150659134,	0.16678248783877692,0.502092050209205,
394,132,298,	0.14572389157386006,0.5224105461393597,	0.37797619047619047,0.5313807531380753,
369,234,471,	0.2709240445089502,0.632768361581921,	0.46444444444444444,0.4372384937238494,
298,369,157,	0.14390427940066833,0.5028248587570622,	0.3692551505546751,0.4874476987447699,
157,167,97,	0.569620253164557,0.01694915254237288,	0.7692307692307693,0.04184100418410042,
92,329,394,	0.1683318195579776,0.6282485875706215,	0.3827460510328068,0.6589958158995816,
132,157,157,	0.08643867103155255,0.4674199623352166,	0.16559278350515463,0.5376569037656904,
132,132,298,	0.15355885177675807,0.5419962335216573,	0.363013698630137,0.5543933054393305,
298,61,157,	0.19692379398741552,0.6365348399246704,	0.43388429752066116,0.4393305439330544,
132,92,329,	0.17644059153493116,0.6516007532956686,	0.3627342888643881,0.6882845188284519,
369,334,273,	0.5843503230437904,0.3065913370998117,	0.84,0.043933054393305436,
369,394,369,	0.09419526917947638,0.5054613935969868,	0.1862686567164179,0.6527196652719666,
61,132,157,	0.14644395419686942,0.5250470809792843,	0.39398496240601505,0.5481171548117155,
298,394,394,	0.14153541138891948,0.4839924670433145,	0.3960216998191682,0.4581589958158996,
234,471,157,	0.2058654399079931,0.5393596986817326,	0.43896103896103894,0.35355648535564854,
369,369,394,	0.08939636566176982,0.48361581920903957,	0.17416452442159383,0.5669456066945606,
394,61,298,	0.18849116447666517,0.6267419962335217,	0.38474295190713104,0.48535564853556484,
132,61,132,	0.1413435049798686,0.7536723163841808,	0.2984326018808777,0.99581589958159,
132,369,132,	0.09763292828545339,0.5235404896421846,	0.13902147971360382,0.4874476987447699,
298,132,394,	0.1435552177217939,0.49792843691148775,	0.37201907790143085,0.4895397489539749,
132,369,157,	0.09263773768893223,0.5009416195856874,	0.16645244215938304,0.5418410041841004,
369,157,132,	0.09144050104384134,0.49491525423728816,	0.18888224745965332,0.6610878661087866,
61,298,394,	0.19118149709467927,0.632015065913371,	0.44014732965009207,0.5,
132,394,61,	0.15645502057155566,0.5299435028248588,	0.38513513513513514,0.4769874476987448,
157,157,157,	0.08741017136539525,0.4764595103578154,	0.15427380125086865,0.46443514644351463,
157,334,273,	0.45607375271149675,0.3167608286252354,	0.8,0.02510460251046025,
298,157,157,	0.14074964484755764,0.48512241054613936,	0.3956442831215971,0.4560669456066946,
307,273,132,	0.6770186335403726,0.08210922787193974,
92,112,329,	0.5003394433129668,0.2775894538606403,	0.6147540983606558,0.3138075313807531,
394,132,394,	0.08886894075403949,0.4847457627118644,	0.19430950728660654,0.5857740585774058,
369,394,61,	0.15783065855008302,0.5370998116760829,	0.38127090301003347,0.4769874476987448,
61,369,369,	0.15398570056557465,0.5435028248587571,	0.3767123287671233,0.5753138075313807,
36,273,157,	0.16891577477896697,0.6836158192090396,	0.3799392097264438,0.7845188284518828,
369,36,329,	0.5128491620111731,0.17288135593220338,	0.34210526315789475,0.027196652719665274,
334,329,369,	0.17254397254397255,0.7574387947269303,	0.38926174496644295,0.7280334728033473,
92,273,132,	0.511731843575419,0.17250470809792845,	0.3684210526315789,0.029288702928870293,
92,70,132,	0.23193814982671287,0.655367231638418,	0.34579439252336447,0.696652719665272,
369,394,157,	0.0899171270718232,0.4903954802259887,	0.17616580310880828,0.5690376569037657,
157,157,394,	0.08668989547038328,0.46854990583804146,	0.12722478576137114,0.40376569037656906,
298,334,97,	0.2428935860058309,0.5020715630885122,	0.49808429118773945,0.2719665271966527,
132,369,394,	0.08820433653778682,0.47344632768361583,	0.15552699228791775,0.5062761506276151,
298,61,132,	0.22278570586154028,0.7114877589453861,	0.43462897526501765,0.5146443514644351,
369,307,70,	0.2584697910784867,0.6896421845574388,	0.4657320872274143,0.6388888888888888,
394,394,369,	0.08727450024378353,0.471939736346516,	0.16623711340206185,0.5397489539748954,
92,349,329,	0.49762389680923286,0.2760828625235405,	0.6163265306122448,0.3158995815899582,
307,70,369,	0.25807817129956256,0.6888888888888889,	0.4785373608903021,0.6473118279569893,
394,157,61,	0.1412817993230702,0.4873822975517891,	0.396709323583181,0.45397489539748953,
132,167,97,	1.0,0.024105461393596987,	1.0,0.05439330543933055,
61,334,97,	0.2403319795161575,0.5126177024482109,	0.5338078291814946,0.3138075313807531,
394,157,394,	0.08784530386740332,0.47909604519774013,	0.14153439153439154,0.4476987447698745,
298,394,157,	0.14248280379954142,0.4915254237288136,	0.39853747714808047,0.4560669456066946,
61,61,61,	0.2625414364640884,0.44745762711864406,	0.53125,0.21338912133891214,
394,157,157,	0.08919511860688331,0.49001883239171373,	0.16539263377345378,0.497907949790795,
92,31,329,	0.5155228758169934,0.23766478342749528,	0.6175115207373272,0.2803347280334728,
36,70,132,	0.6140350877192983,0.1713747645951036,	0.7619047619047619,0.13389121338912133,
36,112,97,	0.5772151898734177,0.08587570621468926,	0.6865671641791045,0.09623430962343096,
132,307,329,	0.2342042122100773,0.6617702448210923,	0.4635658914728682,0.6255230125523012,
92,112,97,	0.39481865284974094,0.28700564971751413,	0.5645161290322581,0.4393305439330544,
132,36,329,	0.5218365061590146,0.17551789077212807,	0.3333333333333333,0.027196652719665274,
61,157,394,	0.14036028307956253,0.4930320150659134,	0.38271604938271603,0.5188284518828452,
132,298,61,	0.2218694885361552,0.7107344632768362,	0.4364937388193202,0.5104602510460251,
369,61,132,	0.14081920903954803,0.7510357815442561,	0.2984326018808777,0.99581589958159,
298,36,273,	0.24987066735644076,0.5457627118644067,	0.5028571428571429,0.3682008368200837,
369,369,369,	0.09884863802302724,0.5303201506591337,	0.15871121718377088,0.5564853556485355,
298,157,132,	0.15694521306032097,0.5340866290018832,	0.38461538461538464,0.4811715481171548,
369,394,298,	0.15702746365105008,0.5491525423728814,	0.37650602409638556,0.5230125523012552,
132,350,329,	0.8666666666666667,0.004896421845574388,
369,394,132,	0.09157967988865692,0.49566854990583803,	0.19007770472205618,0.6652719665271967,
369,369,61,	0.1532187907785994,0.5306967984934087,	0.3567251461988304,0.5104602510460251,
394,298,157,	0.11202297907263029,0.6169491525423729,	0.3468208092485549,0.8786610878661087,
394,157,132,	0.08977900552486189,0.4896421845574388,	0.16321243523316062,0.5271966527196653,
167,404,369,	0.125,0.01807909604519774,
132,61,369,	0.14631906174932882,0.7800376647834275,	0.29918290383406665,0.99581589958159,
369,298,369,	0.14409832591650773,0.768361581920904,	0.2984326018808777,0.99581589958159,
369,132,61,	0.15384615384615385,0.5325800376647835,	0.3546511627906977,0.5104602510460251,
369,307,329,	0.23340442548653692,0.6595103578154425,	0.45555555555555555,0.600418410041841,
394,61,61,	0.19649988254639417,0.6301318267419962,	0.42685370741482964,0.4456066945606695,
132,61,298,	0.21480972031178358,0.7058380414312617,	0.37677053824362605,0.5564853556485355,
61,132,132,	0.1530471648118707,0.543879472693032,	0.3772290809327846,0.5753138075313807,
61,369,394,	0.14678801989628532,0.5224105461393597,	0.38814814814814813,0.5481171548117155,
132,298,394,	0.1280667320902846,0.688135593220339,	0.31876790830945556,0.9309623430962343,
132,167,404,	0.16666666666666666,0.024105461393596987,
61,61,394,	0.19320763289413903,0.6406779661016949,	0.43037974683544306,0.497907949790795,
157,132,157,	0.08876148373281757,0.4839924670433145,	0.18845618915159945,0.5669456066945606,
394,369,157,	0.09007466264812658,0.4952919020715631,	0.19527449617790132,0.5878661087866108,
157,61,394,	0.11386241914168463,0.6165725047080979,	0.32457496136012365,0.8786610878661087,
334,329,394,	0.16441613588110404,0.7291902071563089,	0.4017094017094017,0.6882845188284519,
92,31,97,	0.40950639853747717,0.25310734463276835,	0.5726744186046512,0.4121338912133891,
298,61,61,	0.26994006454587366,0.44105461393596984,	0.5027932960893855,0.18828451882845187,
36,349,97,	0.6024464831804281,0.07419962335216572,	0.6825396825396826,0.0899581589958159,
307,70,132,	0.25592885375494073,0.6828625235404896,	0.4779969650986343,0.6774193548387096,
394,61,369,	0.12697199249426647,0.688135593220339,	0.3234657039711191,0.9372384937238494,
92,97,157,	0.18246621981061814,0.6459510357815442,	0.3402061855670103,0.6903765690376569,
298,298,157,	0.19708715057552267,0.632015065913371,	0.42084168336673344,0.4393305439330544,
157,157,61,	0.14032382420971473,0.47984934086629,	0.39421338155515373,0.4560669456066946,
234,471,394,	0.20695102685624012,0.5427495291902071,	0.44871794871794873,0.36610878661087864,
369,157,298,	0.1567276641550054,0.5483992467043315,	0.33467202141900937,0.5230125523012552,
394,298,132,	0.1248438584316447,0.6775894538606403,	0.3213515456506111,0.9351464435146444,
307,70,394,	0.25024644416279396,0.6693032015065913,	0.44390243902439025,0.5870967741935483,
369,369,132,	0.0966213862765587,0.5224105461393597,	0.15632458233890215,0.5481171548117155,
132,92,273,	0.5299539170506913,0.2598870056497175,	0.676923076923077,0.09205020920502092,
157,36,273,	0.16760669298740366,0.671563088512241,	0.35456273764258556,0.7803347280334728,
132,369,369,	0.0941193121505909,0.5009416195856874,	0.1444776119402985,0.5062761506276151,
334,112,97,	0.35299073294018535,0.31563088512241055,	0.6111111111111112,0.2301255230125523,
61,132,369,	0.1532963516108385,0.5412429378531074,	0.3784530386740331,0.5732217573221757,
132,334,97,	0.1725940526180478,0.7585687382297551,	0.4163860830527497,0.7761506276150628,
369,157,61,	0.15841802916482545,0.5401129943502825,	0.3806343906510851,0.4769874476987448,
394,61,394,	0.11311905090357291,0.6177024482109228,	0.32708821233411395,0.8765690376569037,
334,273,132,	0.2993710691823899,0.17928436911487758,	1.0,0.05230125523012552,
132,369,61,	0.15202887454883518,0.5235404896421846,	0.3593519882179676,0.5104602510460251,
157,92,97,	0.16450106157112526,0.7295668549905838,	0.3112244897959184,0.7656903765690377,
132,334,70,	0.31195439159094956,0.6595103578154425,	0.48184818481848185,0.6239316239316239,
61,298,298,	0.25706394731251325,0.455743879472693,	0.54,0.22594142259414227,
298,132,369,	0.15268511429508913,0.5258003766478343,	0.36229749631811486,0.5146443514644351,
369,157,369,	0.09437271961829918,0.5065913370998116,	0.18742514970059881,0.6548117154811716,
157,132,61,	0.1438497448702638,0.4990583804143126,	0.3669291338582677,0.4874476987447699,
36,329,369,	0.5176651305683564,0.2538606403013183,	0.6923076923076923,0.09414225941422594,
369,394,394,	0.08824963432471965,0.47721280602636534,	0.172147001934236,0.5585774058577406,
92,273,369,	0.5139977603583427,0.17288135593220338,	0.358974358974359,0.029288702928870293,
334,349,273,	0.6455696202531646,0.096045197740113,	0.6666666666666666,0.016736401673640166,
132,394,394,	0.09025828186412128,0.48436911487758944,	0.15806451612903225,0.5125523012552301,
132,307,97,	0.209506134653057,0.7653483992467043,	0.4510135135135135,0.5585774058577406,
298,157,394,	0.1421493063201938,0.4862523540489642,	0.375,0.4581589958158996,
394,132,157,	0.09014316049044455,0.49566854990583803,	0.19666435024322446,0.5920502092050209,
334,273,157,	0.2738336713995943,0.15254237288135594,	0.6666666666666666,0.02510460251046025,
394,157,369,	0.08705947903607744,0.4708097928436911,	0.16904145077720206,0.5460251046025104,
61,132,394,	0.14812069878242456,0.5269303201506591,	0.39162929745889385,0.5481171548117155,
394,298,298,	0.19182105738816085,0.63954802259887,	0.44874274661508706,0.48535564853556484,
61,394,132,	0.15683530678148547,0.5487758945386064,	0.3894736842105263,0.5418410041841004,
394,369,298,	0.14570858283433133,0.5224105461393597,	0.3819548872180451,0.5313807531380753,
61,369,132,	0.15413174923093242,0.5472693032015066,	0.37329700272479566,0.5732217573221757,
36,273,394,	0.16807670614777215,0.6734463276836158,	0.37777777777777777,0.7824267782426778,
334,268,329,	0.43266301035953686,0.2674199623352166,	0.6063829787234043,0.1192468619246862,
157,298,61,	0.1972605947084992,0.6346516007532956,	0.43737166324435317,0.4456066945606695,
394,369,61,	0.14555256064690028,0.5084745762711864,	0.3733974358974359,0.4874476987447699,
369,92,97,	0.17514609831557237,0.767608286252354,	0.2971698113207547,0.7907949790794979,
132,92,97,	0.17202917202917203,0.7551789077212806,	0.3015748031496063,0.801255230125523,
157,132,369,	0.08764297242298787,0.4704331450094162,	0.16195372750642673,0.5271966527196653,
36,97,157,	0.4387755102040816,0.30772128060263654,	0.5707547169811321,0.25313807531380755,
92,329,61,	0.2757965815572906,0.49227871939736345,	0.5266903914590747,0.30962343096234307,
334,97,394,	0.15545319953939793,0.711864406779661,	0.37032842582106457,0.6841004184100419,
334,404,394,	0.6075949367088608,0.01807909604519774,
132,92,70,	0.26326650943396224,0.6726930320150659,	0.3598326359832636,0.7350427350427351,
369,369,298,	0.15241123476417595,0.5416195856873823,	0.36213991769547327,0.5523012552301255,
157,132,298,	0.1459413694570854,0.5193973634651601,	0.3762962962962963,0.5313807531380753,
92,404,157,	0.521875,0.06290018832391714,
61,157,132,	0.15691976305869682,0.5487758945386064,	0.39006024096385544,0.5418410041841004,
307,97,369,	0.3103509709602708,0.656120527306968,	0.46864686468646866,0.610752688172043,
36,97,394,	0.44739696312364424,0.3107344632768362,	0.5495495495495496,0.25523012552301255,
157,298,157,	0.11346392605876672,0.6195856873822976,	0.3454245671887881,0.8765690376569037,
394,394,132,	0.09016846175089754,0.4919020715630885,	0.163659793814433,0.5313807531380753,
234,471,369,	0.26973684210526316,0.6331450094161959,	0.47276688453159044,0.45397489539748953,
61,157,369,	0.15678838444035106,0.5450094161958569,	0.39361702127659576,0.5418410041841004,
394,307,70,	0.24672062517443483,0.6659133709981168,	0.4823321554770318,0.5833333333333334,
92,113,132,	0.7333333333333333,0.004143126177024482,
334,112,329,	0.4193029490616622,0.29453860640301316,	0.6293103448275862,0.15271966527196654,
394,334,70,	0.26136174463126355,0.591337099811676,	0.49005424954792043,0.5790598290598291,
61,298,157,	0.1893973719981876,0.6297551789077213,	0.4446529080675422,0.49581589958158995,
92,268,329,	0.5163398692810458,0.23804143126177024,	0.627906976744186,0.2824267782426778,
298,61,369,	0.22081128747795414,0.7073446327683616,	0.4364937388193202,0.5104602510460251,
92,329,132,	0.17572242572242572,0.6504708097928437,	0.3627342888643881,0.6882845188284519,
307,329,369,	0.26577240566037735,0.6790960451977401,	0.4887459807073955,0.6537634408602151,
157,157,369,	0.09053902302077485,0.4858757062146893,	0.16193548387096773,0.5251046025104602,
307,97,157,	0.2611952721824538,0.5909604519774011,	0.47739602169981915,0.567741935483871,
132,157,132,	0.09405488874850845,0.504708097928437,	0.17791044776119402,0.6234309623430963,
334,349,97,	0.35172704296545915,0.3145009416195857,	0.6111111111111112,0.2301255230125523,
157,157,132,	0.08936407327436094,0.4832391713747646,	0.16183107672469374,0.5251046025104602,
334,404,369,	0.75,0.01807909604519774,
369,369,157,	0.0912169165918043,0.4971751412429379,	0.18508997429305912,0.602510460251046,
334,31,97,	0.35138888888888886,0.2858757062146893,	0.5906432748538012,0.2112970711297071,
369,298,298,	0.21590389016018308,0.7107344632768362,	0.4316309719934102,0.5481171548117155,
157,167,329,	0.5031645569620253,0.059887005649717516,
61,61,298,	0.25748884639898023,0.45649717514124294,	0.4826086956521739,0.23221757322175732,
369,157,394,	0.0893578492826299,0.4832391713747646,	0.15850673194614442,0.5418410041841004,
157,61,298,	0.19027002392617068,0.6290018832391714,	0.3817292006525285,0.4895397489539749,
369,157,157,	0.0903755868544601,0.4930320150659134,	0.17590206185567012,0.5711297071129707,
92,97,369,	0.20750723991980397,0.7016949152542373,	0.31563981042654027,0.696652719665272,
369,334,70,	0.31106360235168357,0.6576271186440678,	0.4775641025641026,0.6367521367521367,
