11,	0.024498886414253896,0.0013059479995251098,	0.024498886414253896,0.0013059479995251098,
12,	0.071475843812045,0.012822034904428351,	0.071475843812045,0.012822034904428351,
48,	0.1450381679389313,0.0022557283628160986,	0.1450381679389313,0.0022562641016506354,
69,	0.04215456674473068,0.002137005817404725,	0.04215456674473068,0.002137005817404725,
107,	0.018518518518518517,0.0030867861806957143,	0.018518518518518517,0.0030867861806957143,
112,	0.3916442554256051,0.7434405793660216,	0.3927003637275806,0.7434405793660216,
116,	0.05718270571827057,0.004867624361866318,	0.057665260196905765,0.004867624361866318,
177,	0.108,0.003205508726107088,	0.108,0.003206270039187745,
226,	0.0423728813559322,0.0011872254541137363,	0.0423728813559322,0.0011873664212776064,
248,	0.022271714922048998,0.0011872254541137363,	0.022271714922048998,0.0011872254541137363,
249,	0.07279947054930509,0.013059479995251097,	0.07279947054930509,0.013059479995251097,
268,	0.814436661522023,0.814436661522023,	0.814436661522023,0.814436661522023,
285,	0.13740458015267176,0.002137005817404725,	0.13740458015267176,0.0021375133594584966,
306,	0.04449648711943794,0.0022557283628160986,	0.04449648711943794,0.0022557283628160986,
344,	0.019230769230769232,0.003205508726107088,	0.019230769230769232,0.003205508726107088,
349,	0.3922696854087185,0.7446278048201354,	0.3933274802458297,0.7446278048201354,
353,	0.058577405857740586,0.004986346907277692,	0.05907172995780591,0.004986346907277692,
414,	0.108,0.003205508726107088,	0.108,0.003206270039187745,
463,	0.0423728813559322,0.0011872254541137363,	0.0423728813559322,0.0011873664212776064,
263,173,	0.28283227848101267,0.16977323993826426,	0.28906407923994343,0.16977323993826426,
349,107,	0.014902943018159049,0.014127982903953461,	0.014921630094043887,0.014127982903953461,
12,249,	0.014951627088830254,0.010091416359966758,	0.014951627088830254,0.010091416359966758,
31,112,	0.15994246181245292,0.8316514306066722,	0.1601728632185485,0.8316514306066722,
344,31,	0.032985526758667116,0.011634809450314615,	0.032985526758667116,0.011634809450314615,
111,31,	0.04452054794520548,0.0015433930903478571,	0.04452054794520548,0.0015433930903478571,
31,11,	0.014071294559099437,0.0017808381811706042,	0.014071294559099437,0.0017808381811706042,
69,31,	0.0815677966101695,0.009141635996675768,	0.0815677966101695,0.009141635996675768,
247,348,	0.0580829756795422,0.024100676718508844,	0.058383664078228356,0.024100676718508844,
248,112,	0.010183299389002037,0.0035616763623412084,	0.010193679918450561,0.0035616763623412084,
107,112,	0.014303959131545339,0.013296925086073845,	0.01432408236347359,0.013296925086073845,
31,248,	0.014925373134328358,0.0017808381811706042,	0.014925373134328358,0.0017808381811706042,
247,309,	0.010955569080949483,0.0085480232696189,	0.012098806923206184,0.0085480232696189,
268,349,	0.15715825883832713,0.8307016502433813,	0.1573774179037337,0.8307016502433813,
349,249,	0.04151022110972048,0.0472515730737267,	0.04155356024222176,0.0472515730737267,
72,309,	0.03119898724056368,0.2223673275555028,	0.03410309976850545,0.215125252285409,
349,112,	0.07890641618432395,0.8367565000593613,	0.0792070306354094,0.8367565000593613,
344,349,	0.01471883255755441,0.013890537813130713,	0.01473922902494331,0.013890537813130713,
31,107,	0.03649881716796215,0.012822034904428351,	0.03649881716796215,0.012822034904428351,
111,173,	0.21128259712613093,0.5184613558114686,	0.211548709005474,0.5184613558114686,
349,268,	0.15982829874192298,0.8310578178796153,	0.16005853569305345,0.8310578178796153,
215,348,	0.035428089413749475,0.009972693814555384,	0.03545799915576193,0.009972693814555384,
107,31,	0.034482758620689655,0.011634809450314615,	0.034482758620689655,0.011634809450314615,
373,348,	0.03735373537353735,0.00985397126914401,	0.037454873646209384,0.00985397126914401,
111,170,	0.012378094523630907,0.003917843998575329,	0.01241068070703272,0.003917843998575329,
263,26,	0.13656387665198239,0.16193755194111362,	0.1520454798796121,0.16193755194111362,
390,153,	0.03562833875978811,0.5677312121571887,
268,11,	0.01289134438305709,0.0016621156357592307,	0.01289134438305709,0.0016621156357592307,
268,268,	0.27418993579214573,0.8720170960465392,	0.27418993579214573,0.8720170960465392,
112,112,	0.0786158258288418,0.8364003324231272,	0.07892849940621569,0.8364003324231272,
410,348,	0.21007305626784073,0.5154932921761842,	0.21033764472218186,0.5154932921761842,
111,348,	0.12555488429513278,0.5674937670663659,	0.12579278402063213,0.5674937670663659,
112,31,	0.15704595480885855,0.8301080375163243,	0.15726495726495726,0.8301080375163243,
111,147,	0.035897435897435895,0.007479520360916538,	0.035897435897435895,0.007479520360916538,
410,309,	0.1345233265720081,0.19684198029205746,	0.13519243313763862,0.19684198029205746,
268,112,	0.15852638716239123,0.8327199335153745,	0.1587632132913828,0.8327199335153745,
111,268,	0.044534412955465584,0.0013059479995251098,	0.044534412955465584,0.0013059479995251098,
268,107,	0.03433187478963312,0.012109699631960109,	0.03433187478963312,0.012109699631960109,
304,67,	0.05088992940704784,0.4219399263920218,	0.02376681614349776,0.03146147453401401,
410,26,	0.28382120253164556,0.17036685266532114,	0.28382120253164556,0.17036685266532114,
410,31,	0.32608695652173914,0.0017808381811706042,	0.32608695652173914,0.0017808381811706042,
72,348,	0.06523503800457531,0.20990146028730855,	0.06539670797114851,0.20990146028730855,
349,69,	0.039413845376452754,0.009260358542087142,	0.03949367088607595,0.009260358542087142,
306,349,	0.04486848891181021,0.010328861450789505,	0.04496124031007752,0.010328861450789505,
390,320,	0.017090724047688282,0.5582334085242787,
410,452,	0.0688497061293031,0.009735248723732636,	0.06890756302521009,0.009735248723732636,
31,249,	0.0982824427480916,0.04891368870948593,	0.0982824427480916,0.04891368870948593,
268,69,	0.0811111111111111,0.008666745815030274,	0.0811111111111111,0.008666745815030274,
249,249,	0.016552716804605974,0.010922474177846373,	0.016552716804605974,0.010922474177846373,
112,107,	0.014844634545225815,0.014009260358542087,	0.014865205341395817,0.014009260358542087,
268,173,	0.32608695652173914,0.0017808381811706042,	0.32608695652173914,0.0017808381811706042,
247,173,	0.11149825783972125,0.022794728718983734,	0.11188811188811189,0.022794728718983734,
69,349,	0.04286434694906707,0.010091416359966758,	0.04292929292929293,0.010091416359966758,
112,344,	0.015042427359218308,0.013890537813130713,	0.015065670873036311,0.013890537813130713,
249,12,	0.016479536399855124,0.010803751632434999,	0.016479536399855124,0.010803751632434999,
112,349,	0.07808547463719878,0.8355692746052475,	0.07840647037197955,0.8355692746052475,
384,348,	0.036467236467236465,0.007598242906327912,	0.03780271707028943,0.007598242906327912,
31,69,	0.08397790055248619,0.009022913451264394,	0.08397790055248619,0.009022913451264394,
268,344,	0.03589021815622801,0.012109699631960109,	0.03589021815622801,0.012109699631960109,
31,349,	0.158238617028517,0.828089754244331,	0.1584687038509599,0.828089754244331,
31,268,	0.2768626265679311,0.8699988127745459,	0.2768626265679311,0.8699988127745459,
306,112,	0.040929762506316324,0.009616526178321263,	0.0410126582278481,0.009616526178321263,
112,268,	0.1582159304884412,0.8279710316989196,	0.15844598432352608,0.8279710316989196,
306,31,	0.08555555555555555,0.009141635996675768,	0.08555555555555555,0.009141635996675768,
268,12,	0.09973372064875333,0.04891368870948593,	0.09973372064875333,0.04891368870948593,
384,147,	0.09125475285171103,0.0056986821797459335,	0.09956709956709957,0.005461237088923186,
12,112,	0.040884438881935756,0.04653923780125846,	0.04092712466068073,0.04653923780125846,
83,153,	0.017087089270136666,0.5581146859788674,
72,173,	0.1363894523326572,0.19957259883651907,	0.13670000813206473,0.19957259883651907,
268,249,	0.09890371782650142,0.04926985634572005,	0.09890371782650142,0.04926985634572005,
306,268,	0.07955801104972375,0.0085480232696189,	0.07955801104972375,0.0085480232696189,
268,348,	0.04452054794520548,0.0015433930903478571,	0.04452054794520548,0.0015433930903478571,
263,348,	0.17770073808991277,0.18865012465867267,	0.181351289659895,0.18865012465867267,
112,69,	0.04486848891181021,0.010328861450789505,	0.04496124031007752,0.010328861450789505,
410,147,	0.05142857142857143,0.005342514543511813,	0.05142857142857143,0.005342514543511813,
111,10,	0.05722460658082976,0.023744509082274726,	0.05743825387708214,0.023744509082274726,
384,173,	0.054857142857142854,0.0056986821797459335,	0.0564042303172738,0.0056986821797459335,
349,12,	0.04205170802616551,0.04808263089160632,	0.04209104136354188,0.04808263089160632,
344,112,	0.014151534126487163,0.01341564763148522,	0.014169278996865204,0.01341564763148522,
373,136,	0.056782334384858045,0.00427401163480945,	0.06593406593406594,0.00427401163480945,
72,10,	0.012172854534388313,0.00949780363290989,	0.0121914050594331,0.00949780363290989,
215,173,	0.07556675062972293,0.010685029087023627,	0.07563025210084033,0.010685029087023627,
111,309,	0.06453398273190171,0.20764573192449245,	0.06469391529498798,0.20764573192449245,
112,12,	0.04137006086866811,0.04760774070996082,	0.0414127852938139,0.04760774070996082,
349,349,	0.07863814401928292,0.8366377775139499,	0.07895090636133456,0.8366377775139499,
410,10,	0.10627177700348432,0.02172622581028137,	0.1065812463599301,0.02172622581028137,
247,10,	0.1021555763823805,0.012940757449839725,	0.11413612565445026,0.012940757449839725,
249,31,	0.10070200919874123,0.04938857889113143,	0.10070200919874123,0.04938857889113143,
249,112,	0.0414287197591112,0.047370295619138074,	0.0414674703803783,0.047370295619138074,
111,452,	0.03289751159848165,0.009260358542087142,	0.03292528493035036,0.009260358542087142,
31,31,	0.273928624757354,0.8711860382286596,	0.273928624757354,0.8711860382286596,
31,344,	0.038393800634026067,0.012940757449839725,	0.038393800634026067,0.012940757449839725,
407,348,	0.012753188297074268,0.004036566543986703,	0.012786761940579166,0.004036566543986703,
268,306,	0.07627118644067797,0.0085480232696189,	0.07627118644067797,0.0085480232696189,
12,349,	0.04144218814753419,0.04748901816454945,	0.04148947204646821,0.04748901816454945,
249,349,	0.041989064273186834,0.048320075982429066,	0.0420324279665393,0.048320075982429066,
249,268,	0.09990324141267537,0.0490324112548973,	0.09990324141267537,0.0490324112548973,
410,136,	0.05596330275229358,0.007242075270093791,	0.05606617647058824,0.007242075270093791,
349,344,	0.015070242656449554,0.014009260358542087,	0.015091443918659676,0.014009260358542087,
410,173,	0.2952200463255422,0.49934702600023745,	0.2953236904929083,0.49934702600023745,
11,31,	0.012609117361784675,0.0015433930903478571,	0.012609117361784675,0.0015433930903478571,
31,173,	0.37142857142857144,0.0015433930903478571,	0.37142857142857144,0.0015433930903478571,
12,12,	0.016012954300107952,0.010566306541612253,	0.016012954300107952,0.010566306541612253,
107,349,	0.014656724093597326,0.013534370176896593,	0.014679371619881535,0.013534370176896593,
11,268,	0.012935323383084577,0.0015433930903478571,	0.012935323383084577,0.0015433930903478571,
12,268,	0.09661259541984733,0.04808263089160632,	0.09661259541984733,0.04808263089160632,
349,31,	0.15845858289072212,0.8323637658791404,	0.1586953077253899,0.8323637658791404,
268,248,	0.014548981571290009,0.0017808381811706042,	0.014548981571290009,0.0017808381811706042,
373,173,	0.06697247706422019,0.008666745815030274,	0.06709558823529412,0.008666745815030274,
344,268,	0.0341331530922609,0.011990977086548735,	0.0341331530922609,0.011990977086548735,
268,31,	0.26871443163577996,0.8745102695001781,	0.26871443163577996,0.8745102695001781,
31,306,	0.08180839612486544,0.009022913451264394,	0.08180839612486544,0.009022913451264394,
349,306,	0.037037037037037035,0.008904190905853022,	0.037091988130563795,0.008904190905853022,
31,348,	0.048582995951417005,0.0014246705449364834,	0.048582995951417005,0.0014246705449364834,
112,306,	0.04135148764498235,0.009735248723732636,	0.04141414141414142,0.009735248723732636,
107,268,	0.03592814371257485,0.012109699631960109,	0.03592814371257485,0.012109699631960109,
69,268,	0.07857911733046287,0.008666745815030274,	0.07857911733046287,0.008666745815030274,
248,31,	0.011970534069981584,0.0015433930903478571,	0.011970534069981584,0.0015433930903478571,
192,429,	0.280570652173913,0.0490324112548973,	0.28210382513661203,0.0490324112548973,
111,26,	0.17893088794453144,0.1899560726581978,	0.17893088794453144,0.1899560726581978,
410,268,	0.34285714285714286,0.0014246705449364834,	0.34285714285714286,0.0014246705449364834,
11,112,	0.010941644562334218,0.003917843998575329,	0.010956175298804782,0.003917843998575329,
248,268,	0.013133208255159476,0.0016621156357592307,	0.013133208255159476,0.0016621156357592307,
31,12,	0.10062893081761007,0.04938857889113143,	0.10062893081761007,0.04938857889113143,
69,112,	0.03901234567901234,0.009379081087498516,	0.0390702274975272,0.009379081087498516,
112,249,	0.04133858267716536,0.047370295619138074,	0.04138574836635204,0.047370295619138074,
12,31,	0.0977121067683508,0.048676243618663184,	0.0977121067683508,0.048676243618663184,
111,136,	0.0333033303330333,0.008785468360441648,	0.033393501805054154,0.008785468360441648,
31,268,348,	0.057368941641938676,0.00688590763385967,	0.057368941641938676,0.00688590763385967,
410,173,348,	0.10907504363001745,0.014840318176421702,	0.10907504363001745,0.014840318176421702,
349,112,31,	0.032525347192638665,0.72515730737267,	0.03259216571419424,0.72515730737267,
31,31,268,	0.11052160360778591,0.7914044877122165,	0.11052160360778591,0.7914044877122165,
31,12,249,	0.10798452339078438,0.1822391072064585,	0.10798452339078438,0.1822391072064585,
60,297,31,	0.03406235661692412,0.5552653448889944,	0.0234457482428886,0.3691083936839606,
349,31,349,	0.027755812484500823,0.7042621393802683,	0.027834737113764867,0.7042621393802683,
410,348,349,	0.060233041941082,0.6634215837587558,	0.06039448797622264,0.6634215837587558,
31,344,107,	0.14236072189216456,0.15077763267244448,	0.14236072189216456,0.15077763267244448,
349,268,31,	0.05349580333177112,0.7453401400926036,	0.053579353429146895,0.7453401400926036,
31,349,31,	0.06842989528408551,0.7688472040840556,	0.06842989528408551,0.7688472040840556,
268,111,268,	0.10275689223057644,0.004867624361866318,	0.10275689223057644,0.004867624361866318,
349,410,268,	0.09016393442622951,0.0013059479995251098,	0.09016393442622951,0.0013059479995251098,
112,410,309,	0.03417994945715859,0.2874272824409355,	0.03439311285373338,0.2874272824409355,
349,348,349,	0.1111111111111111,0.002137005817404725,	0.1111111111111111,0.002137005817404725,
83,153,31,	0.013676209498446515,0.8194230084293007,	0.010354266051458512,0.07859432506232934,
72,309,349,	0.013739654721682645,0.4929360085480233,	0.014588931955996193,0.47500890419090586,
31,107,31,	0.13575063613231553,0.12667695595393566,	0.13575063613231553,0.12667695595393566,
112,111,268,	0.04310344827586207,0.0029680636352843407,	0.04310344827586207,0.0029680636352843407,
268,173,112,	0.08024691358024691,0.0015433930903478571,	0.08024691358024691,0.0015433930903478571,
268,111,309,	0.04385182047830099,0.3441766591475721,	0.04395087932080049,0.3441766591475721,
72,173,112,	0.03380508702229637,0.28386560607859435,	0.03392451759364359,0.28386560607859435,
107,268,31,	0.021794871794871794,0.028255965807906923,	0.021794871794871794,0.028255965807906923,
263,26,349,	0.06745231818886649,0.3098658435236851,	0.07050830942456558,0.3092722307966283,
349,112,112,	0.01502906756449535,0.6592662946693577,	0.015092872945896141,0.6592662946693577,
111,268,31,	0.06747638326585695,0.005936127270568681,	0.06747638326585695,0.005936127270568681,
349,349,31,	0.03298718813216453,0.7259883651905497,	0.033102903203105126,0.7259883651905497,
268,111,31,	0.10485436893203884,0.006411017452214176,	0.10485436893203884,0.006411017452214176,
31,72,173,	0.08369581983649545,0.32209426570105665,	0.08377335186042921,0.32209426570105665,
304,67,112,	0.01916073011566929,0.6389647394040128,	0.018327310273619,0.08429300724207527,
111,112,349,	0.06545454545454546,0.002137005817404725,	0.06569343065693431,0.002137005817404725,
349,112,349,	0.014712343152277573,0.6520242193992639,	0.014775952755693666,0.6520242193992639,
111,112,112,	0.0763888888888889,0.0026118959990502197,	0.07665505226480836,0.0026118959990502197,
349,111,173,	0.05980440517296845,0.6621156357592307,	0.05996516278869726,0.6621156357592307,
183,420,268,	0.010537773929188983,0.4608809212869524,
310,73,349,	0.04890895410082769,0.007716965451739285,
111,349,349,	0.032846715328467155,0.0010685029087023625,	0.03296703296703297,0.0010685029087023625,
349,310,73,	0.050274223034734916,0.006529739997625549,
410,268,31,	0.23275862068965517,0.003205508726107088,	0.23275862068965517,0.003205508726107088,
31,268,349,	0.05525142107564495,0.7500890419090586,	0.05533610685351434,0.7500890419090586,
31,349,349,	0.03265589531312592,0.7258696426451383,	0.03273431937775351,0.7259883651905497,
410,348,31,	0.12797669671712877,0.7145910008310579,	0.12808290596471816,0.7145910008310579,
344,107,31,	0.14364330637915543,0.15184613558114685,	0.14364330637915543,0.15184613558114685,
268,349,31,	0.06803477239600264,0.770271874628992,	0.06803477239600264,0.770271874628992,
460,223,349,	0.014579073266715536,0.35889825477858245,	0.014930828233736856,0.35889825477858245,
268,112,268,	0.06730982596658812,0.7562626142704499,	0.06730982596658812,0.7562626142704499,
31,268,31,	0.10690773471704232,0.7827377418971863,	0.10690773471704232,0.7827377418971863,
31,31,31,	0.10899806880298517,0.7906921524397483,	0.10899806880298517,0.7906921524397483,
263,26,112,	0.06731457800511509,0.3124777395227354,	0.07020589099260288,0.31212157188650125,
268,31,112,	0.05303566102850326,0.7389291226403895,	0.053118492472604376,0.7389291226403895,
268,410,309,	0.08161127511665556,0.3052356642526416,	0.08193899990438856,0.3052356642526416,
111,348,31,	0.080914625513238,0.8141992164312003,	0.08102360530233217,0.8141992164312003,
349,111,112,	0.11494252873563218,0.0023744509082274726,	0.11494252873563218,0.0023744509082274726,
249,268,31,	0.05329662572356346,0.08963552178558708,	0.05329662572356346,0.08963552178558708,
349,348,268,	0.20634920634920634,0.0030867861806957143,	0.20634920634920634,0.0030867861806957143,
349,268,112,	0.028153870096062704,0.7087735961059005,	0.02823415907607616,0.7087735961059005,
390,153,349,	0.014450148583835264,0.7522260477264633,	0.01071262226362366,0.06007360797815505,
268,268,173,	0.15763546798029557,0.003799121453163956,	0.15763546798029557,0.003799121453163956,
287,50,268,	0.01016435481990908,0.1035260595987178,	0.01016435481990908,0.1035260595987178,
349,348,112,	0.11494252873563218,0.0023744509082274726,	0.11494252873563218,0.0023744509082274726,
263,26,31,	0.16451027125184428,0.3441766591475721,	0.1700852189244784,0.34358304642051524,
304,67,31,	0.03522997763939314,0.6958328386560608,	0.03495661560177689,0.09996438323637659,
31,268,112,	0.05520590931528101,0.7435593019114329,	0.05529461621316194,0.7435593019114329,
72,348,31,	0.046498963832458516,0.3649531045945625,	0.046604002425712554,0.3649531045945625,
268,112,348,	0.1032258064516129,0.001899560726581978,	0.1032258064516129,0.001899560726581978,
112,310,73,	0.042136945071482315,0.006648462543036923,
111,173,349,	0.0600371405832296,0.6985634572005224,	0.060224562696390004,0.6985634572005224,
268,60,297,	0.02847633405434537,0.46420515255847083,	0.020075282308657464,0.31152795915944437,
31,31,173,	0.25,0.003442953816929835,	0.25,0.003442953816929835,
60,297,112,	0.01397152345275236,0.4290632791167043,
31,83,153,	0.01715601403697368,0.7881989789861095,	0.01244902339557845,0.06197316870473703,
31,310,73,	0.06508422664624809,0.010091416359966758,
31,268,173,	0.1878453038674033,0.004036566543986703,	0.1878453038674033,0.004036566543986703,
268,304,67,	0.033661128609554954,0.6648462543036923,	0.03209199983393532,0.0917725276029918,
31,112,268,	0.06858367186754208,0.7676599786299418,	0.06858367186754208,0.7676599786299418,
268,349,349,	0.03215331888994242,0.7206458506470379,	0.032240080281622834,0.7208832957378606,
268,460,223,	0.029378106947661378,0.380980648225098,	0.029378106947661378,0.380980648225098,
112,111,348,	0.03596466589089075,0.744865249910958,	0.03608318571855805,0.744865249910958,
349,410,309,	0.033691979244722815,0.2829158257153033,	0.03389035056531323,0.2829158257153033,
83,153,268,	0.013385465499012547,0.796628279710317,
410,173,268,	0.17636406122210538,0.7168467291938739,	0.17636406122210538,0.7168467291938739,
304,67,268,	0.03433350091351636,0.6648462543036923,	0.031814237904392015,0.09141635996675769,
111,309,349,	0.018010968301478306,0.32791167042621394,	0.018093085716157347,0.32791167042621394,
111,348,349,	0.03600479223154045,0.7456963077288377,	0.036123444293634545,0.7456963077288377,
31,112,348,	0.125,0.002137005817404725,	0.125,0.002137005817404725,
111,173,268,	0.12286158631415241,0.7221892437373857,	0.12288144152879624,0.7221892437373857,
31,111,349,	0.13333333333333333,0.0016621156357592307,	0.13333333333333333,0.0016621156357592307,
112,410,268,	0.08208955223880597,0.0013059479995251098,	0.08208955223880597,0.0013059479995251098,
349,31,31,	0.054950408908995996,0.7498515968182358,	0.05504139433551198,0.7498515968182358,
31,268,268,	0.11038896441953776,0.7904547073489255,	0.11038896441953776,0.7904547073489255,
268,111,348,	0.07755203171456888,0.7803632909889588,	0.07765648259729213,0.7803632909889588,
268,410,173,	0.1752568344071043,0.7169654517392853,	0.1752568344071043,0.7169654517392853,
31,249,12,	0.11127063890882986,0.1840199453876291,	0.11127063890882986,0.1840199453876291,
72,309,112,	0.01369608924484368,0.4909177252760299,	0.014546835406062641,0.4729906209189125,
410,173,31,	0.18143827267978407,0.7422533539119078,	0.18143827267978407,0.7422533539119078,
268,268,268,	0.10729599685771334,0.7783450077169655,	0.10729599685771334,0.7783450077169655,
31,112,349,	0.03294294245649274,0.7243262495547904,	0.03306129969220098,0.7243262495547904,
410,348,268,	0.12413116711440876,0.6912026593850172,	0.12423181973369751,0.6912026593850172,
31,348,268,	0.11139240506329114,0.005223791998100439,	0.11139240506329114,0.005223791998100439,
268,268,348,	0.05032618825722274,0.006411017452214176,	0.05032618825722274,0.006411017452214176,
268,390,320,	0.013384931202840657,0.8019707942538288,
112,112,348,	0.0364963503649635,0.0011872254541137363,	0.03663003663003663,0.0011872254541137363,
304,67,349,	0.019131801217835396,0.6359966757687285,	0.018473505104521146,0.08571767778701175,
12,249,31,	0.10918114143920596,0.18283271993351538,	0.10918114143920596,0.18283271993351538,
348,111,112,	0.12096774193548387,0.0017808381811706042,	0.12096774193548387,0.0017808381811706042,
31,268,249,	0.05270250037430753,0.08358067196960703,	0.05270250037430753,0.08358067196960703,
268,31,268,	0.10531863142532837,0.7711029324468717,	0.10531863142532837,0.7711029324468717,
111,390,153,	0.013585351447135264,0.002730618544461593,
268,83,153,	0.016615321421236392,0.7683723139024101,	0.010940342813367806,0.054256203252997744,
410,348,112,	0.05984729877538765,0.6625905259408762,	0.06000817169154015,0.6625905259408762,
72,348,268,	0.04343905005260785,0.34310815623886975,	0.043527374049250694,0.34310815623886975,
31,112,112,	0.033100448552399075,0.7227828564644426,	0.03321838578724519,0.7227828564644426,
111,112,31,	0.16483516483516483,0.0035616763623412084,	0.16483516483516483,0.0035616763623412084,
112,410,31,	0.07865168539325842,0.0016621156357592307,	0.07865168539325842,0.0016621156357592307,
287,50,31,	0.01157194299099183,0.11789148759349401,	0.01157194299099183,0.11789148759349401,
349,349,112,	0.015004709270225503,0.6581977917606553,	0.015068411239338773,0.6581977917606553,
111,410,173,	0.10732984293193717,0.014602873085598956,	0.10732984293193717,0.014602873085598956,
268,111,349,	0.10256410256410256,0.0014246705449364834,	0.10256410256410256,0.0014246705449364834,
349,390,153,	0.014413622956192418,0.7518698800902291,	0.01062822266652636,0.05995488543274368,
112,112,268,	0.032207237281345974,0.715896948830583,	0.03227930430872505,0.715896948830583,
268,348,112,	0.0465444287729196,0.003917843998575329,	0.0465444287729196,0.003917843998575329,
72,173,349,	0.03423642190566278,0.28790217262258105,	0.03437083652238002,0.28790217262258105,
31,349,348,	0.1590909090909091,0.0033242312715184613,	0.1590909090909091,0.0033242312715184613,
349,112,348,	0.0539568345323741,0.0017808381811706042,	0.05415162454873646,0.0017808381811706042,
349,268,268,	0.0548050608119333,0.7441529146384899,	0.05488568401327484,0.7441529146384899,
31,12,31,	0.1732253086419753,0.26653211444853375,	0.1732253086419753,0.26653211444853375,
31,263,26,	0.16445865692096848,0.34192093078475605,	0.16645437702640112,0.34132731805769917,
111,349,31,	0.11612903225806452,0.002137005817404725,	0.11612903225806452,0.002137005817404725,
31,390,153,	0.02743053474760792,0.8151489967944913,	0.026854167520806854,0.07776326724444972,
31,111,268,	0.10886075949367088,0.005105069452689065,	0.10886075949367088,0.005105069452689065,
111,309,112,	0.017959873671519744,0.3254184969725751,	0.01804464750067478,0.3254184969725751,
112,268,349,	0.02788517704653556,0.7141161106494123,	0.027963217792323712,0.7141161106494123,
344,268,31,	0.01973626757488429,0.02683129526297044,	0.01973626757488429,0.02683129526297044,
111,348,112,	0.035882023563290635,0.7455775851834263,	0.03599720276513545,0.7455775851834263,
112,31,31,	0.0545748190627537,0.7502077644544699,	0.054663102621995,0.7502077644544699,
112,410,173,	0.0875363205383086,0.6795678499347027,	0.08772413793103448,0.6795678499347027,
112,72,173,	0.033046035701155996,0.2881396177134038,	0.03318974358974359,0.2881396177134038,
112,72,348,	0.01808269916726986,0.32921761842573904,	0.01816514362451279,0.32921761842573904,
410,31,268,	0.1712707182320442,0.0036803989077525824,	0.1712707182320442,0.0036803989077525824,
31,304,67,	0.0358785084546246,0.6947643357473584,	0.03507829607899847,0.10079544105425621,
112,349,268,	0.03255957105599922,0.715896948830583,	0.03267655091689427,0.715896948830583,
310,73,112,	0.05758683729433273,0.007479520360916538,
349,72,348,	0.01809091981286611,0.32779294788080254,	0.018176312203342967,0.32779294788080254,
31,72,309,	0.03547081063380072,0.5658316514306067,	0.038108143839238495,0.5475483794372551,
111,31,268,	0.051434223541048464,0.0061735723613914285,	0.051434223541048464,0.0061735723613914285,
31,111,31,	0.11439842209072978,0.00688590763385967,	0.11439842209072978,0.00688590763385967,
31,112,31,	0.0683749881512844,0.7707467648106375,	0.0683749881512844,0.7707467648106375,
31,348,31,	0.11779448621553884,0.00557995963433456,	0.11779448621553884,0.00557995963433456,
349,410,348,	0.06020679770679771,0.6982072895642882,	0.06037801710419597,0.6982072895642882,
31,183,420,	0.012196346796457007,0.5334203965333016,	0.010428692160252764,0.4482963314733468,
349,410,31,	0.08641975308641975,0.0016621156357592307,	0.08641975308641975,0.0016621156357592307,
268,268,112,	0.054593701061423354,0.7449839724563695,	0.054684095860566447,0.7449839724563695,
31,173,31,	0.16666666666666666,0.0023744509082274726,	0.16666666666666666,0.0023744509082274726,
410,268,268,	0.23275862068965517,0.003205508726107088,	0.23275862068965517,0.003205508726107088,
349,263,26,	0.06710997442455242,0.31152795915944437,	0.06824809915633788,0.3111717915232103,
310,73,31,	0.06495263870094722,0.011397364359491867,
31,111,173,	0.12852330391028102,0.7156595037397602,	0.1286275179242062,0.7156595037397602,
111,348,268,	0.07789306986858277,0.7825002968063636,	0.0779907703230387,0.7825002968063636,
349,304,67,	0.019157169965146128,0.6388460168586014,	0.018714506969540527,0.08607384542324588,
31,348,111,	0.09717868338557993,0.0036803989077525824,	0.09717868338557993,0.0036803989077525824,
268,72,348,	0.043381887270424316,0.3415647631485219,	0.04348351797832625,0.3415647631485219,
60,297,349,	0.013778284845027572,0.43013178202540664,
390,320,31,	0.017049188745122203,0.7884364240769323,	0.012065498419994254,0.0598361628873323,
31,31,348,	0.06938775510204082,0.0060548498159800545,	0.06938775510204082,0.0060548498159800545,
349,60,297,	0.013890338618079477,0.4265701056630654,
31,249,31,	0.1698127568884153,0.26486999881277457,	0.1698127568884153,0.26486999881277457,
268,173,268,	0.17105263157894737,0.0030867861806957143,	0.17105263157894737,0.0030867861806957143,
12,249,12,	0.010720518573921716,0.02042027781075626,	0.010720518573921716,0.02042027781075626,
268,31,348,	0.06477732793522267,0.0056986821797459335,	0.06477732793522267,0.0056986821797459335,
349,348,31,	0.21739130434782608,0.0035616763623412084,	0.21739130434782608,0.0035616763623412084,
31,349,112,	0.03273905474240763,0.7233764691914994,	0.03280321302437764,0.7233764691914994,
268,268,349,	0.05431572038070233,0.7466460880921287,	0.05440358480609694,0.7466460880921287,
183,297,31,	0.011510490762756549,0.27472397008191857,
268,349,268,	0.06715325392060834,0.7569749495429182,	0.06715325392060834,0.7569749495429182,
31,410,348,	0.12669911736785766,0.7447465273655467,	0.12671959275195444,0.7447465273655467,
72,309,268,	0.032359858295376735,0.5162056274486525,	0.034637757800105765,0.4976849103644782,
268,287,50,	0.010290056053419724,0.1048320075982429,	0.010290056053419724,0.1048320075982429,
31,60,420,	0.01164813821985292,0.27341802208239346,
268,173,349,	0.07303370786516854,0.0015433930903478571,	0.07303370786516854,0.0015433930903478571,
268,31,173,	0.2413793103448276,0.0033242312715184613,	0.2413793103448276,0.0033242312715184613,
410,309,268,	0.07937683171371279,0.30547310934346433,	0.07945036282229427,0.30547310934346433,
111,173,112,	0.060309172809172806,0.699394515018402,	0.060480683346508836,0.699394515018402,
112,349,349,	0.014875105994433797,0.6643713641220468,	0.014950520958499554,0.6647275317582809,
112,111,349,	0.07633587786259542,0.0011872254541137363,	0.07633587786259542,0.0011872254541137363,
349,111,268,	0.04736842105263158,0.003205508726107088,	0.04736842105263158,0.003205508726107088,
390,153,112,	0.014411347001201705,0.7517511575448178,	0.01050194675365674,0.05924255016027544,
60,297,268,	0.028703874029653065,0.4631366496497685,	0.019916430292493976,0.3101032886145079,
112,31,349,	0.027787822313704764,0.7116229371957735,	0.0278655905980363,0.7116229371957735,
349,31,268,	0.05480043720471053,0.7380980648225098,	0.05488849257500044,0.7380980648225098,
268,410,348,	0.12259508732303473,0.7217143535557402,	0.12261239637749853,0.7217143535557402,
31,111,348,	0.08098941098610192,0.8136056037041434,	0.08109099514850314,0.8136056037041434,
31,348,349,	0.04655172413793104,0.003205508726107088,	0.04655172413793104,0.003205508726107088,
410,309,349,	0.032977955693531034,0.2875460049863469,	0.033121367521367524,0.2875460049863469,
460,223,268,	0.02900479942044734,0.3802683129526297,	0.029665373109446055,0.3802683129526297,
12,268,31,	0.05147162371496972,0.08678618069571412,	0.05147162371496972,0.08678618069571412,
112,268,31,	0.05309037308122395,0.7440341920930785,	0.05317415873339103,0.7440341920930785,
31,173,349,	0.08208955223880597,0.0013059479995251098,	0.08208955223880597,0.0013059479995251098,
31,390,320,	0.013830317780127272,0.8231034073370533,	0.010696211625345233,0.07954410542562032,
31,410,31,	0.19736842105263158,0.0035616763623412084,	0.19736842105263158,0.0035616763623412084,
112,460,223,	0.014559782399012308,0.35842336459693697,	0.01457778035307297,0.35842336459693697,
112,112,31,	0.032598274209012464,0.7306185444615932,	0.03268077966623659,0.7307372670070046,
112,72,309,	0.013696635571542501,0.49139261545767543,	0.014552468741909724,0.4738216787367921,
31,268,12,	0.054919566030677144,0.08714234833194824,	0.054919566030677144,0.08714234833194824,
349,72,309,	0.013719274885645108,0.4917487830939095,	0.014583348547142116,0.47417784637302623,
390,153,268,	0.026483689898324045,0.7870117535319957,	0.023164281907260876,0.0670782381574261,
268,310,73,	0.05548037889039242,0.009735248723732636,
349,268,349,	0.02791930372350868,0.7091297637421347,	0.027997300109683043,0.7091297637421347,
31,173,268,	0.17094017094017094,0.0023744509082274726,	0.17094017094017094,0.0023744509082274726,
31,410,268,	0.1623931623931624,0.0022557283628160986,	0.1623931623931624,0.0022557283628160986,
349,410,173,	0.08742239595309266,0.6770746764810638,	0.08760503233536614,0.6770746764810638,
31,268,344,	0.023729160274112714,0.02754363053543868,	0.023729160274112714,0.02754363053543868,
111,112,268,	0.14772727272727273,0.0030867861806957143,	0.14772727272727273,0.0030867861806957143,
112,112,349,	0.01485649882110266,0.6635403063041672,	0.014931829469535543,0.6638964739404013,
410,31,31,	0.16748768472906403,0.004036566543986703,	0.16748768472906403,0.004036566543986703,
111,349,112,	0.050359712230215826,0.0016621156357592307,	0.05054151624548736,0.0016621156357592307,
31,111,112,	0.23015873015873015,0.003442953816929835,	0.23015873015873015,0.003442953816929835,
72,173,31,	0.0857061232263594,0.32055087261070875,	0.0857796416317194,0.32055087261070875,
112,111,31,	0.044382801664355064,0.003799121453163956,	0.044382801664355064,0.003799121453163956,
268,112,112,	0.03253944706675657,0.7161343939214057,	0.032653591516129205,0.7161343939214057,
31,107,344,	0.14331210191082802,0.14959040721833075,	0.14331210191082802,0.14959040721833075,
112,348,111,	0.13333333333333333,0.0014246705449364834,	0.13333333333333333,0.0014246705449364834,
348,111,31,	0.1044776119402985,0.004155289089398077,	0.1044776119402985,0.004155289089398077,
349,460,223,	0.01462028150368914,0.3566425264157664,	0.014638520164512796,0.3566425264157664,
268,349,348,	0.14285714285714285,0.0030867861806957143,	0.14285714285714285,0.0030867861806957143,
31,268,107,	0.02151579763520062,0.026356405081324943,	0.02151579763520062,0.026356405081324943,
31,173,112,	0.09016393442622951,0.0013059479995251098,	0.09016393442622951,0.0013059479995251098,
249,12,249,	0.011156818748441785,0.02125133562863588,	0.011156818748441785,0.02125133562863588,
112,304,67,	0.019142515312226566,0.6363528434049626,	0.018524678248855002,0.0859551228778345,
268,348,268,	0.10059171597633136,0.0060548498159800545,	0.10059171597633136,0.0060548498159800545,
31,460,223,	0.034818437018926014,0.45648818710673156,	0.034818437018926014,0.45648818710673156,
349,111,309,	0.018327375932099012,0.325062329336341,	0.018397570284362737,0.325062329336341,
349,111,348,	0.03578489069695689,0.7435593019114329,	0.03589975810796868,0.7435593019114329,
349,111,31,	0.047954866008462625,0.004036566543986703,	0.047954866008462625,0.004036566543986703,
268,348,349,	0.04299583911234397,0.0036803989077525824,	0.04299583911234397,0.0036803989077525824,
72,348,112,	0.018300601095090834,0.32458743915469546,	0.018370692898994786,0.32458743915469546,
268,111,173,	0.12402194250722912,0.6925086073845423,	0.12412486966143894,0.6925086073845423,
31,60,297,	0.03436223832824399,0.5544342870711148,	0.023958856966087932,0.3678024456844355,
390,153,348,	0.01299468399291199,0.0026118959990502197,
112,263,26,	0.06714219258799814,0.3084411729787487,	0.06836998365237568,0.3078475602516918,
460,223,31,	0.03517316512711593,0.4561320194704975,	0.035987598235277585,0.4561320194704975,
268,263,26,	0.1522528657360118,0.3185325893387154,	0.15407177363699104,0.31805769915706994,
310,73,268,	0.06355283307810107,0.00985397126914401,
460,223,112,	0.014634882317441159,0.35699869405200046,	0.014988610251272311,0.35699869405200046,
31,349,268,	0.06867913321100139,0.7687284815386441,	0.06867913321100139,0.7687284815386441,
31,31,349,	0.054907039609209986,0.7499703193636471,	0.05498685607841089,0.7499703193636471,
249,12,31,	0.11419957349805132,0.18437611302386323,	0.11419957349805132,0.18437611302386323,
112,111,173,	0.06029771593028144,0.664133919031224,	0.06045933531477979,0.664133919031224,
349,349,349,	0.014878722701531373,0.6578416241244213,	0.014945139121147063,0.6578416241244213,
31,344,31,	0.1357914812460267,0.12679567849934703,	0.1357914812460267,0.12679567849934703,
263,26,268,	0.15355185015989037,0.31924492461118364,	0.15889454373298614,0.31877003442953816,
112,31,112,	0.027867886957903692,0.7078238157426096,	0.027945739704324513,0.7078238157426096,
268,72,173,	0.07975763571163597,0.30630416716134395,	0.07983414302070117,0.30630416716134395,
112,111,309,	0.01846170335338487,0.3271993351537457,	0.018534833516036398,0.3271993351537457,
349,112,268,	0.032298450362155305,0.7136412204677668,	0.032361745197691444,0.7136412204677668,
112,349,112,	0.014715022020295104,0.6521429419446753,	0.014781333656187364,0.6522616644900867,
268,112,349,	0.032402617938560994,0.7176777870117536,	0.032525311212248366,0.7177965095571649,
112,112,112,	0.014892148728152498,0.6584352368514781,	0.014958625079567155,0.6584352368514781,
268,31,349,	0.052692216461658364,0.7384542324587439,	0.05277537375485754,0.7384542324587439,
72,173,268,	0.08120248790601244,0.30689777988840083,	0.08126630827753152,0.30689777988840083,
112,348,268,	0.09523809523809523,0.0011872254541137363,	0.09523809523809523,0.0011872254541137363,
31,410,309,	0.08478356474209964,0.3204321500652974,	0.08509632058517515,0.3204321500652974,
111,31,31,	0.05498602050326188,0.007004630179271044,	0.05498602050326188,0.007004630179271044,
268,349,112,	0.032035443469370366,0.7142348331948237,	0.032101255556089156,0.7142348331948237,
112,349,31,	0.03278319459259537,0.7261070877359611,	0.032901886102234705,0.7261070877359611,
268,112,31,	0.06816060736344284,0.7716965451739285,	0.06816060736344284,0.7716965451739285,
349,349,268,	0.032676362647818404,0.7135224979223554,	0.03279278886027325,0.7135224979223554,
410,309,31,	0.08334363793743044,0.32007598242906327,	0.08342358511000403,0.32007598242906327,
349,348,111,	0.11290322580645161,0.0016621156357592307,	0.11290322580645161,0.0016621156357592307,
31,31,112,	0.05510234416668853,0.7481894811824765,	0.05518340469873294,0.7481894811824765,
268,31,31,	0.10542779169792049,0.7842811349875342,	0.10542779169792049,0.7842811349875342,
390,320,268,	0.016672782432076243,0.7659978629941826,	0.011065798573847511,0.05508726107087736,
112,31,268,	0.054857892435505026,0.7447465273655467,	0.05494197503831837,0.7447465273655467,
268,173,31,	0.1858974358974359,0.003442953816929835,	0.1858974358974359,0.003442953816929835,
112,111,112,	0.1111111111111111,0.002137005817404725,	0.1111111111111111,0.002137005817404725,
268,111,112,	0.1956521739130435,0.003205508726107088,	0.1956521739130435,0.003205508726107088,
111,349,268,	0.10416666666666667,0.0017808381811706042,	0.10416666666666667,0.0017808381811706042,
31,72,348,	0.0460940197888984,0.364478214412917,	0.04619736960905288,0.364478214412917,
31,287,50,	0.011528150134048258,0.11741659741184851,	0.011528150134048258,0.11741659741184851,
112,348,31,	0.09401709401709402,0.0013059479995251098,	0.09401709401709402,0.0013059479995251098,
268,72,309,	0.032440928458627574,0.5170366852665321,	0.03488256286828782,0.4989908583640033,
268,410,31,	0.1794871794871795,0.0033242312715184613,	0.1794871794871795,0.0033242312715184613,
112,268,112,	0.027900861403418475,0.7079425382880209,	0.027980198484386366,0.7079425382880209,
31,410,173,	0.1828192545858161,0.7430844117297875,	0.1828192545858161,0.7430844117297875,
183,420,31,	0.01221900211482729,0.5371007954410543,	0.010464979624856855,0.4545886263801496,
410,173,349,	0.08730692766478054,0.677787011753532,	0.08749425287356322,0.677787011753532,
112,390,153,	0.014459271152385666,0.7527009379081088,	0.01086082059533387,0.060904665796034665,
112,60,297,	0.013751663814413386,0.429300724207527,
72,309,31,	0.03541312833348231,0.5644069808856702,	0.03813594489169226,0.5455300961652618,
349,31,112,	0.02813029064037086,0.7081799833788437,	0.028210512376682463,0.7081799833788437,
268,410,268,	0.15,0.002137005817404725,	0.15,0.002137005817404725,
268,268,31,	0.10552354809364975,0.7849934702600023,	0.10552354809364975,0.7849934702600023,
31,183,297,	0.010072352677236015,0.25584708536151013,
111,173,31,	0.12652764893316662,0.744865249910958,	0.12654551322132354,0.744865249910958,
349,111,349,	0.08053691275167785,0.0014246705449364834,	0.08053691275167785,0.0014246705449364834,
390,153,31,	0.027309176185793177,0.8143179389766116,	0.02617361027734422,0.07764454469903835,
72,348,349,	0.018481799547165768,0.3275555027899798,	0.01855500931449362,0.3275555027899798,
268,183,420,	0.010471501149245225,0.4602873085598955,
111,309,31,	0.04585482071232546,0.3610352605959872,	0.04596224475915542,0.3610352605959872,
111,268,268,	0.06258503401360545,0.005461237088923186,	0.06258503401360545,0.005461237088923186,
410,173,112,	0.08740706675864184,0.6769559539356523,	0.08758967111629978,0.6769559539356523,
268,390,153,	0.026481022133213357,0.7896236495310459,	0.022771841357505904,0.0675531283390716,
112,268,268,	0.054611513355179095,0.7459337528196605,	0.0546909002280601,0.7459337528196605,
268,348,31,	0.11262135922330097,0.00688590763385967,	0.11262135922330097,0.00688590763385967,
410,309,112,	0.03268617712651699,0.2836281609877716,	0.03283036499560246,0.2836281609877716,
348,111,268,	0.07210031347962383,0.002730618544461593,	0.07210031347962383,0.002730618544461593,
31,348,112,	0.05087719298245614,0.003442953816929835,	0.05087719298245614,0.003442953816929835,
112,410,348,	0.060128971695610475,0.6996319601092248,	0.06031668048433486,0.6996319601092248,
111,309,268,	0.0431361950662883,0.34108987296687643,	0.0432329129924459,0.34108987296687643,
31,111,309,	0.04618968886216744,0.36483438204915114,	0.04628360569319979,0.36483438204915114,
268,348,111,	0.06865671641791045,0.002730618544461593,	0.06865671641791045,0.002730618544461593,
349,349,348,	0.07291666666666667,0.002493173453638846,	0.07317073170731707,0.002493173453638846,
349,72,173,	0.03276826882294189,0.28434049626023983,	0.03291281882145998,0.28434049626023983,
348,111,349,	0.17777777777777778,0.001899560726581978,	0.17777777777777778,0.001899560726581978,
107,344,31,	0.14443558491855565,0.15054018758162174,	0.14443558491855565,0.15054018758162174,
112,349,348,	0.06181818181818182,0.0020182832719933515,	0.06204379562043796,0.0020182832719933515,
