281,	0.042,0.8032786885245902,	0.43564356435643564,0.6197183098591549,
155,33,	0.4,0.02185792349726776,
155,270,	0.4,0.02185792349726776,
102,339,155,	0.31105990783410137,0.7377049180327869,
202,439,155,	0.2995391705069124,0.7103825136612022,	0.5806451612903226,0.7605633802816901,
7,244,155,	0.3333333333333333,0.03825136612021858,
155,392,281,	0.3142857142857143,0.9617486338797814,	0.5916666666666667,1.0,
381,144,281,	0.04395604395604396,0.5027322404371585,	0.32954545454545453,0.4084507042253521,
281,392,155,	0.29642857142857143,0.907103825136612,	0.6133333333333333,0.647887323943662,
7,244,281,	0.021164021164021163,0.02185792349726776,	0.023255813953488372,0.014084507042253521,
281,392,281,	0.32321428571428573,0.9890710382513661,	0.6133333333333333,0.647887323943662,
286,49,281,	0.042916666666666665,0.5628415300546448,	0.18285714285714286,0.4507042253521127,
155,44,155,	0.31785714285714284,0.9726775956284153,	0.5916666666666667,1.0,
266,29,155,	0.3802083333333333,0.3989071038251366,	0.6,0.38028169014084506,
155,392,155,	0.29642857142857143,0.907103825136612,	0.5916666666666667,1.0,
145,382,155,	0.20967741935483872,0.4972677595628415,	0.8064516129032258,0.704225352112676,
3,240,155,	0.039523073526164715,0.9781420765027322,	0.06622516556291391,0.8450704225352113,
281,44,155,	0.325,0.994535519125683,	0.6018518518518519,0.9154929577464789,
202,439,281,	0.03121998078770413,0.7103825136612022,	0.1261682242990654,0.7605633802816901,
64,301,281,	0.044902912621359224,0.8087431693989071,	0.1534090909090909,0.7605633802816901,
102,339,281,	0.10731319554848967,0.7377049180327869,
381,144,155,	0.3650190114068441,0.5245901639344263,	0.5686274509803921,0.4084507042253521,
378,141,155,	1.0,0.04918032786885246,	1.0,0.028169014084507043,
281,44,281,	0.024657534246575342,0.9836065573770492,	0.05701754385964912,0.9154929577464789,
286,49,155,	0.3719512195121951,0.6666666666666666,	0.36,0.5070422535211268,
145,382,281,	0.20967741935483872,0.4972677595628415,	0.8064516129032258,0.704225352112676,
443,206,155,	0.014326647564469915,0.0546448087431694,	0.03389830508474576,0.028169014084507043,
286,244,155,	0.5,0.03825136612021858,
266,29,281,	0.06186440677966102,0.3989071038251366,	0.375,0.38028169014084506,
64,301,155,	0.12679628064243448,0.819672131147541,	0.2109375,0.7605633802816901,
155,44,281,	0.3142857142857143,0.9617486338797814,	0.5916666666666667,1.0,
3,240,281,	0.010715605370119473,0.9508196721311475,	0.036923076923076927,0.8450704225352113,
