266,29,145,	0.5044642857142857,0.48497854077253216,	0.5238095238095238,0.4721030042918455,
145,382,145,	0.30184331797235026,0.5622317596566524,	0.5732009925558312,0.9914163090128756,
281,392,145,	0.4125,0.9914163090128756,	0.5685714285714286,0.8540772532188842,
286,244,145,	0.5,0.02575107296137339,
155,44,145,	0.4125,0.9914163090128756,	0.4125,0.9914163090128756,
155,392,145,	0.4125,0.9914163090128756,	0.4125,0.9914163090128756,
381,144,145,	0.4101694915254237,0.51931330472103,	0.4351145038167939,0.4892703862660944,
378,141,145,	1.0,0.02575107296137339,	1.0,0.02575107296137339,
7,244,145,	0.3333333333333333,0.02575107296137339,
64,301,145,	0.19208573784006594,1.0,	0.19208573784006594,1.0,
202,439,145,	0.4147465437788018,0.7725321888412017,	0.4147465437788018,0.7725321888412017,
102,339,145,	0.5092165898617511,0.9484978540772532,
3,240,145,	0.046491789294092555,0.9356223175965666,	0.046494281452013925,0.8025751072961373,
281,44,145,	0.4125,0.9914163090128756,	0.42147117296222664,0.9098712446351931,
286,49,145,	0.35030549898167007,0.7381974248927039,	0.34352941176470586,0.6266094420600858,
443,206,145,	0.017287234042553192,0.055793991416309016,	0.03225806451612903,0.055793991416309016,
