252,46,	1.0,0.020560747663551402,	1.0,0.020560747663551402,
318,46,	1.0,0.016822429906542057,	1.0,0.016822429906542057,
203,46,	1.0,0.020560747663551402,	1.0,0.020560747663551402,
15,46,	0.09482758620689655,0.020560747663551402,	0.09482758620689655,0.020560747663551402,
440,46,	0.09565217391304348,0.020560747663551402,	0.09565217391304348,0.020560747663551402,
186,46,	1.0,0.22429906542056074,	1.0,0.22429906542056074,
423,46,	1.0,0.22429906542056074,	1.0,0.22429906542056074,
308,46,	1.0,0.020560747663551402,	1.0,0.020560747663551402,
46,431,	0.797317436661699,1.0,	0.797317436661699,1.0,
71,46,	0.06748466257668712,0.020560747663551402,	0.06748466257668712,0.020560747663551402,
81,46,	0.029411764705882353,0.016822429906542057,	0.029411764705882353,0.016822429906542057,
46,194,	0.7961309523809523,1.0,	0.7961309523809523,1.0,
165,402,46,	0.024107142857142858,0.05046728971962617,	0.024107142857142858,0.05046728971962617,
318,81,46,	0.892018779342723,0.35514018691588783,	0.892018779342723,0.35514018691588783,
420,18,46,	0.18271767810026385,0.5177570093457944,	0.25173439048562934,0.4747663551401869,
466,229,46,	0.05294251306521245,0.4355140186915888,	0.06673306772908366,0.37570093457943926,
445,208,46,	0.013986013986013986,0.03364485981308411,	0.013986013986013986,0.03364485981308411,
78,60,46,	0.20265151515151514,0.2,	0.20265151515151514,0.2,
297,183,46,	0.16652858326429162,0.7514018691588785,	0.2909516380655226,0.697196261682243,
279,58,46,	0.04488778054862843,0.03364485981308411,
171,408,46,	0.11086226203807391,0.37009345794392523,	0.11086226203807391,0.37009345794392523,
260,23,46,	0.5096774193548387,0.5906542056074766,	0.5743380855397149,0.5271028037383177,
387,183,46,	0.014354066985645933,0.016822429906542057,	0.01601423487544484,0.016822429906542057,
255,18,46,	1.0,0.6224299065420561,	1.0,0.5457943925233645,
260,60,46,	0.5051282051282051,0.36822429906542054,	0.5542521994134897,0.3532710280373832,
255,23,46,	0.6909090909090909,0.07102803738317758,	0.6909090909090909,0.07102803738317758,
297,181,46,	0.2753623188405797,0.17757009345794392,	0.38392857142857145,0.16074766355140188,
375,138,46,	0.023421243648681346,0.9046728971962616,	0.023421243648681346,0.9046728971962616,
418,183,46,	0.23076923076923078,0.22429906542056074,	0.2647814910025707,0.1925233644859813,
377,140,46,	0.013482632541133455,0.1102803738317757,	0.013482632541133455,0.1102803738317757,
109,346,46,	0.14285714285714285,0.016822429906542057,
165,366,46,	0.016985138004246284,0.029906542056074768,	0.016985138004246284,0.029906542056074768,
311,74,46,	0.7578947368421053,0.2691588785046729,	0.7578947368421053,0.2691588785046729,
9,246,46,	0.3197278911564626,0.3514018691588785,	0.3197278911564626,0.3514018691588785,
418,60,46,	0.31835205992509363,0.1588785046728972,	0.41304347826086957,0.14205607476635515,
308,71,46,	1.0,0.2691588785046729,	1.0,0.2691588785046729,
138,375,46,	0.3985355648535565,0.7121495327102804,	0.3985355648535565,0.7121495327102804,
472,235,46,	0.19381841596909208,0.5626168224299065,	0.6089743589743589,0.17757009345794392,
129,366,46,	0.010459035444509006,0.03364485981308411,	0.010459035444509006,0.03364485981308411,
295,346,46,	0.082687338501292,0.059813084112149535,
32,269,46,	0.010982306284319707,0.03364485981308411,
162,399,46,	0.06109906001446132,0.31588785046728973,	0.06109906001446132,0.31588785046728973,
297,150,46,	0.9444444444444444,0.03177570093457944,	0.9444444444444444,0.03177570093457944,
468,231,46,	0.3145809414466131,0.5121495327102804,	0.48320413436692505,0.34953271028037386,
297,315,46,	0.23897911832946636,0.1925233644859813,	0.4256198347107438,0.1925233644859813,
35,272,46,	0.014805414551607445,0.2616822429906542,	0.014805414551607445,0.2616822429906542,
134,371,46,	0.6078431372549019,0.05794392523364486,
190,427,46,	0.14937759336099585,0.40373831775700936,	0.14937759336099585,0.40373831775700936,
420,183,46,	0.10040522287257991,0.8336448598130841,	0.16182246661429694,0.7700934579439253,
387,150,46,	0.47368421052631576,0.03364485981308411,	0.47368421052631576,0.03364485981308411,
244,375,46,	0.8250728862973761,0.5289719626168224,	0.8250728862973761,0.5289719626168224,
143,380,46,	0.017241379310344827,0.018691588785046728,
472,58,46,	0.271505376344086,0.3775700934579439,	0.6333333333333333,0.03551401869158879,
297,23,46,	0.4090056285178236,0.4074766355140187,	0.6,0.3925233644859813,
317,80,46,	0.17311608961303462,0.1588785046728972,	0.17311608961303462,0.1588785046728972,
295,42,46,	0.06317411402157165,0.07663551401869159,
420,60,46,	0.20628045479155388,0.7121495327102804,	0.26808834729626807,0.6579439252336449,
409,172,46,	0.08027709861450692,0.7364485981308411,	0.11937984496124031,0.5757009345794393,
138,7,46,	0.4287878787878788,0.5289719626168224,	0.4287878787878788,0.5289719626168224,
0,237,46,	1.0,0.33271028037383177,	1.0,0.33271028037383177,
94,331,46,	0.24925816023738873,0.31401869158878504,	0.24925816023738873,0.31401869158878504,
131,368,46,	0.027837259100642397,0.5831775700934579,
203,440,46,	0.2798053527980535,0.21495327102803738,	0.2798053527980535,0.21495327102803738,
444,7,46,	0.13680781758957655,0.07850467289719626,	0.13680781758957655,0.07850467289719626,
244,7,46,	0.5614489003880984,0.811214953271028,	0.5614489003880984,0.811214953271028,
57,294,46,	0.01364522417153996,0.052336448598130844,	0.0625,0.018691588785046728,
49,286,46,	0.9404388714733543,0.5607476635514018,	0.9358108108108109,0.5177570093457944,
281,44,46,	0.015873015873015872,0.018691588785046728,
279,235,46,	0.030612244897959183,0.016822429906542057,
472,42,46,	0.47619047619047616,0.056074766355140186,
331,331,46,	0.22271386430678466,0.2822429906542056,	0.22271386430678466,0.2822429906542056,
77,314,46,	0.026688907422852376,0.059813084112149535,	0.026688907422852376,0.059813084112149535,
244,207,46,	0.7924528301886793,0.07850467289719626,	0.7924528301886793,0.07850467289719626,
299,62,46,	0.02425876010781671,0.03364485981308411,	0.024930747922437674,0.03364485981308411,
32,284,46,	0.010067114093959731,0.03364485981308411,
46,283,46,	0.4419642857142857,0.5551401869158878,	0.04017857142857143,0.05046728971962617,
418,181,46,	0.6225165562913907,0.3514018691588785,	0.7253218884120172,0.31588785046728973,
260,18,46,	0.3287671232876712,0.08971962616822429,	0.36893203883495146,0.07102803738317758,
387,60,46,	0.05120481927710843,0.03177570093457944,	0.054838709677419356,0.03177570093457944,
94,94,46,	0.2291350531107739,0.2822429906542056,	0.2291350531107739,0.2822429906542056,
78,183,46,	0.23738532110091742,0.38691588785046727,	0.23738532110091742,0.38691588785046727,
420,315,46,	0.19885714285714284,0.3252336448598131,	0.27884615384615385,0.3252336448598131,
297,60,46,	1.0,0.8392523364485981,	1.0,0.7794392523364486,
255,60,46,	0.2860125260960334,0.2560747663551402,	0.3832752613240418,0.205607476635514,
260,183,46,	0.29379310344827586,0.3981308411214953,	0.3852295409181637,0.36074766355140186,
331,94,46,	0.239880059970015,0.29906542056074764,	0.239880059970015,0.29906542056074764,
297,18,46,	0.1822759315206445,0.3383177570093458,	0.25225225225225223,0.31401869158878504,
420,181,46,	0.17317073170731706,0.26542056074766357,	0.2184115523465704,0.2261682242990654,
17,254,46,	0.012866333095067906,0.03364485981308411,
96,333,46,	0.018730886850152905,0.09158878504672897,	0.5277777777777778,0.03551401869158879,
295,58,46,	0.12821807168096921,0.4747663551401869,	0.06873614190687362,0.11588785046728972,
230,467,46,	0.07804788886857979,0.7981308411214953,	0.07804788886857979,0.7981308411214953,
420,23,46,	0.23717948717948717,0.34579439252336447,	0.3248031496062992,0.308411214953271,
255,183,46,	0.3450479233226837,0.40373831775700936,	0.49,0.3663551401869159,
109,58,46,	0.0136986301369863,0.016822429906542057,	0.017110266159695818,0.016822429906542057,
187,424,46,	0.011076923076923076,0.03364485981308411,	0.011076923076923076,0.03364485981308411,
32,271,46,	0.011931394481730051,0.029906542056074768,
99,336,46,	0.611904761904762,0.9607476635514018,	0.611904761904762,0.9607476635514018,
295,235,46,	0.12288686605981794,0.3532710280373832,	0.030084235860409144,0.04672897196261682,
420,150,46,	0.3888888888888889,0.03925233644859813,	0.3888888888888889,0.03925233644859813,
120,357,46,	0.11764705882352941,0.03364485981308411,	0.11764705882352941,0.03364485981308411,
78,315,46,	0.2748917748917749,0.4747663551401869,	0.2748917748917749,0.4747663551401869,
20,257,46,	0.02356020942408377,0.03364485981308411,	0.02384105960264901,0.03364485981308411,
129,220,46,	0.018327605956471937,0.029906542056074768,	0.018327605956471937,0.029906542056074768,
