117,	0.09508196721311475,0.010857356795207787,	0.11507936507936507,0.016129032258064516,
134,	0.03814262023217247,0.008611007113440658,	0.03833333333333333,0.012791991101223582,
279,	0.06522642293311176,0.058779483339573196,	0.049019607843137254,0.0027808676307007787,
293,	0.1779031370390754,0.48408835642081616,	0.16961414790996784,0.35303959843837146,
305,	0.026119402985074626,0.002620741295394983,
322,	0.03821656050955414,0.0022463496817671283,
391,	0.01906614785992218,0.018345189067764882,
419,	0.02982107355864811,0.011231748408835642,
422,	0.03208556149732621,0.0022463496817671283,
109,353,	0.2891566265060241,0.053912392362411084,	0.24516129032258063,0.042269187986651836,
109,116,	0.2891089108910891,0.054661175589666794,	0.24600638977635783,0.04282536151279199,
109,110,	0.564935064935065,0.03257207038562336,	0.5208333333333334,0.027808676307007785,
109,396,	0.18575851393188855,0.022463496817671284,	0.1317365269461078,0.012235817575083427,
134,109,	1.0,0.0033695245226506927,	1.0,0.005005561735261402,
109,347,	0.5116279069767442,0.03294646199925122,	0.4857142857142857,0.02836484983314794,
109,159,	0.18518518518518517,0.022463496817671284,	0.12941176470588237,0.012235817575083427,
293,353,	0.07412790697674419,0.038187944590041184,	0.06169965075669383,0.029559397657557166,
293,116,	0.0744452397995705,0.038936727817296894,	0.06488991888760139,0.031232571109871723,
109,170,111,	0.158749248346362,0.1976787719955073,	0.14548566538296961,0.18909899888765294,
109,348,410,	0.17247857226723023,0.5499812804193186,	0.15394651011089366,0.525027808676307,
109,178,415,	0.043279729998014695,0.08161737177087233,	0.03409090909090909,0.008342602892102336,
109,75,312,	0.06997662364061388,0.515537251965556,	0.03206412825651302,0.008898776418242492,
109,147,410,	0.1737891737891738,0.06851366529389742,	0.11917808219178082,0.04838709677419355,
109,327,90,	0.03971726691349714,0.7510295769374766,	0.03222062422728534,0.7102335928809789,
109,10,384,	0.1131993006993007,0.09696742792961438,	0.08135593220338982,0.06674082313681869,
109,309,247,	0.15285252960172227,0.10632721827031075,	0.12698412698412698,0.07563959955506118,
109,116,353,	0.48265460030165913,0.11980531636091352,	0.45707656612529,0.10956618464961068,
109,309,410,	0.1344515790853099,0.38412579558217896,	0.11512458953061619,0.3314794215795328,
109,10,72,	0.18393898609241813,0.15350056158742045,	0.1461864406779661,0.11512791991101223,
109,214,451,	0.012008319929937433,0.5338824410333208,
109,310,312,	0.042973494320211476,0.45039311119430925,	0.05263157894736842,0.006674082313681869,
109,348,407,	0.15937365937365938,0.2781729689254961,	0.1476554705686731,0.24694104560622915,
109,309,111,	0.11205409508038364,0.6080119805316361,	0.09703931082285375,0.5450500556173526,
109,111,348,	0.6,0.004492699363534257,	0.5294117647058824,0.005005561735261402,
109,309,407,	0.14367816091954022,0.018719580681392737,	0.12177121771217712,0.01835372636262514,
109,10,410,	0.22691933916423712,0.17484088356420815,	0.18831168831168832,0.14516129032258066,
109,173,215,	0.27402771569065715,0.22950205915387495,	0.2391891891891892,0.19688542825361513,
109,136,373,	0.34132913881242627,0.3249719206289779,	0.31902985074626866,0.2853170189098999,
109,354,117,	0.2051536174430129,0.07749906402096593,	0.241423125794155,0.10567296996662959,
109,211,448,	0.19601040763226366,0.16922500935979035,	0.15966386554621848,0.010567296996662959,
109,147,72,	0.18663911845730027,0.10146012729314863,	0.12192513368983957,0.06340378197997776,
109,173,247,	0.20796616143813887,0.2208910520404343,	0.17493036211699164,0.1746384872080089,
109,26,72,	0.06014823261117446,0.07899663047547735,	0.041401273885350316,0.07230255839822025,
109,111,410,	0.5294117647058824,0.0033695245226506927,	0.7,0.00389321468298109,
109,10,247,	0.20668589852367214,0.4560089853987271,	0.18380462724935734,0.39766407119021135,
293,346,109,	0.01381224708203739,0.46387120928491204,	0.025926892950391644,0.5538204127161183,
109,170,72,	0.1978021978021978,0.020217147135904157,	0.15254237288135594,0.015016685205784204,
109,170,410,	0.15509409474367294,0.08947959565705728,	0.1427255985267035,0.08620689655172414,
109,31,111,	0.7333333333333333,0.0041183077499064025,	0.7333333333333333,0.006117908787541713,
109,309,373,	0.21746724890829694,0.09322351179333582,	0.1962457337883959,0.06395995550611791,
109,1,238,	0.1149166291122127,0.09546986147510296,
109,170,407,	0.1497515968772179,0.4739797828528641,	0.13493595367608352,0.42769744160177975,
109,83,320,	0.03319502074688797,0.002995132909022838,
109,309,348,	0.125,0.0011231748408835642,	0.1111111111111111,0.0011123470522803114,
109,56,109,	0.026349625127323126,0.5907899663047548,	0.03176908987557633,0.5595105672969967,
109,348,72,	0.11162361623616236,0.7248221639835267,	0.0922687346680383,0.6484983314794216,
109,452,410,	0.25630026809651474,0.17895919131411456,	0.25,0.1585094549499444,
109,147,247,	0.13771657041314972,0.11606140022463497,	0.0877447425670776,0.06729699666295884,
109,111,111,	0.2962962962962963,0.002995132909022838,	0.42105263157894735,0.004449388209121246,
109,309,384,	0.1590678824721378,0.058779483339573196,	0.13984674329501914,0.040600667408231365,
109,452,247,	0.22478991596638656,0.2002995132909023,	0.20830350751610593,0.1618464961067853,
109,225,462,	0.11464004839685421,0.14189442156495694,	0.041666666666666664,0.0016685205784204673,
109,278,41,	0.14083688492832236,0.2721827031074504,	0.17467248908296942,0.04449388209121246,
109,348,472,	0.10256410256410256,0.001497566454511419,
109,173,72,	0.13747576401071,0.5574691126918757,	0.10959084331009078,0.4632925472747497,
109,136,247,	0.28014842300556586,0.11306626731561213,	0.22990353697749197,0.07953281423804227,
109,348,215,	0.24517825832846288,0.3141145638337701,	0.21740958788898235,0.2875417130144605,
109,10,111,	0.1966456003889159,0.3028828154249345,	0.16544757924068268,0.26418242491657395,
109,173,263,	0.18364197530864199,0.04455260202171472,	0.22708333333333333,0.060622914349276975,
109,111,373,	0.5,0.0011231748408835642,	1.0,0.0011123470522803114,
109,173,384,	0.15681983953318746,0.08049419692998877,	0.12242562929061784,0.059510567296996664,
109,235,472,	0.061720021703743896,0.3406963684013478,	0.05034992223950233,0.14404894327030032,
109,348,263,	0.14261744966442952,0.0636465743167353,	0.17922374429223745,0.08731924360400445,
109,10,373,	0.2872435325602141,0.12055409958816922,	0.2321167883211679,0.08843159065628477,
109,26,263,	0.3775862068965517,0.08199176338450019,	0.3995943204868154,0.10956618464961068,
109,348,384,	0.12040133779264214,0.10782478472482217,	0.09125964010282776,0.07897664071190211,
109,346,410,	0.18055555555555555,0.009734181954324224,	0.20175438596491227,0.012791991101223582,
109,346,293,	0.019665232462470157,0.5458629726694122,	0.03653966271080575,0.45550611790878753,
109,371,134,	0.1541831838097225,0.27667540247098465,	0.12801735828586927,0.2625139043381535,
109,452,72,	0.19431891542930924,0.11269187570198427,	0.1851040525739321,0.09399332591768632,
109,136,410,	0.31851851851851853,0.16098839385997754,	0.28997613365155134,0.13515016685205783,
109,309,72,	0.08082790921927197,0.8786971171845751,	0.07048247501554057,0.8197997775305895,
109,26,410,	0.2023217247097844,0.04567577686259828,	0.18933823529411764,0.05728587319243604,
109,147,111,	0.16307541625857003,0.12467240733807562,	0.1079136690647482,0.08342602892102335,
109,83,312,	0.1524822695035461,0.016098839385997755,
109,31,410,	0.6428571428571429,0.0033695245226506927,	0.6428571428571429,0.005005561735261402,
109,136,215,	0.3,0.1819543242231374,	0.2710727969348659,0.15739710789766406,
109,452,215,	0.2856418061897514,0.42156495694496443,	0.27691696464044496,0.38765294771968856,
109,173,109,	0.42452830188679247,0.03369524522650692,	0.4876543209876543,0.0439377085650723,
109,173,472,	0.25,0.0011231748408835642,
109,309,263,	0.025506072874493926,0.02358667165855485,	0.027080581241743725,0.022803114571746386,
109,452,373,	0.28884590586718245,0.1677274429052789,	0.28863636363636364,0.14126807563959956,
109,452,111,	0.2388676844783715,0.2811681018345189,	0.23336693548387097,0.2575083426028921,
109,111,72,	0.3333333333333333,0.0041183077499064025,	0.36363636363636365,0.004449388209121246,
109,348,109,	0.368,0.03444402845376263,	0.4385026737967914,0.04560622914349277,
109,56,293,	0.011706644409768843,0.6038936727817297,	0.014109700997702354,0.5088987764182424,
109,68,305,	0.04649103387203896,0.07862223886184949,	0.034653465346534656,0.00778642936596218,
109,310,73,	0.0307564566071027,0.6656682890303257,	0.05347719010202885,0.25361512791991103,
109,26,111,	0.1650114591291062,0.08086858854361663,	0.14786324786324787,0.09621802002224694,
109,353,116,	0.48377125193199383,0.11718457506551853,	0.4594594594594595,0.10400444938820912,
109,348,373,	0.27530017152658665,0.24035941594908275,	0.25277777777777777,0.20244716351501668,
109,346,109,	0.026178113833336625,0.49644327967053536,	0.03906921151906772,0.5817575083426029,
109,348,348,	0.14285714285714285,0.0022463496817671283,	0.16216216216216217,0.0033370411568409346,
109,309,215,	0.21182266009852216,0.11269187570198427,	0.19111111111111112,0.09566184649610679,
109,346,111,	0.20634920634920634,0.014601272931486334,	0.24161073825503357,0.020022246941045607,
109,136,111,	0.2911221270842722,0.24185698240359416,	0.2581792318634424,0.20189098998887653,
109,348,247,	0.18119551681195517,0.3268438786971172,	0.1565325849703773,0.27919911012235815,
109,42,279,	0.016849120362962055,0.67016098839386,	0.013474707311685442,0.0339265850945495,
109,173,407,	0.1747611464968153,0.16435791838262823,	0.1728395061728395,0.1557285873192436,
109,182,419,	0.051642015542742545,0.07712467240733807,	0.07017543859649122,0.008898776418242492,
109,216,453,	0.030878695772312795,0.16735305129165107,
109,84,321,	0.011352965381896452,0.4028453762635717,	0.09090909090909091,0.0011123470522803114,
109,5,242,	0.011012385307795686,0.4264320479221265,	0.01195306236485994,0.27363737486095663,
109,173,410,	0.2703311947286284,0.5836765256458255,	0.25130240635078144,0.5634037819799778,
109,83,73,	0.13170731707317074,0.05054286783976039,	0.05102040816326531,0.02224694104560623,
293,309,72,	0.023232134918472414,0.6065144140771247,	0.022184154175588864,0.5778025655326269,
109,173,111,	0.17279888323860804,0.6488206664170723,	0.1553563807084934,0.60734149054505,
109,348,111,	0.1307367149758454,0.8105578435043055,	0.11673954294200148,0.7869855394883204,
109,147,384,	0.20342748333862265,0.23998502433545488,	0.1812770562770563,0.18631813125695218,
109,235,410,	0.15,0.0011231748408835642,
109,10,215,	0.23044315992292871,0.22388618494945714,	0.19220055710306408,0.19187986651835373,
109,173,373,	0.3026315789473684,0.18083114938225384,	0.2736520854526958,0.1496106785317019,
109,136,72,	0.22483221476510068,0.12542119056533133,	0.17703349282296652,0.08231368186874305,
109,154,391,	0.013034968884267825,0.6383377012354923,
109,235,111,	0.08421052631578947,0.002995132909022838,	0.05263157894736842,0.0011123470522803114,
109,75,73,	0.047395613665120205,0.6731561213028828,	0.03903589206182866,0.3314794215795328,
109,173,348,	0.06382978723404255,0.0022463496817671283,	0.0547945205479452,0.002224694104560623,
109,111,215,	0.375,0.0011231748408835642,	0.5,0.0011123470522803114,
109,166,403,	0.4684014869888476,0.1415200299513291,	0.4622467771639042,0.13959955506117908,
109,88,325,	0.055827338129496404,0.5084238113066267,	0.04713767717833205,0.2385984427141268,
