128,181,418,	0.09523809523809523,0.017543859649122806,	0.09523809523809523,0.017543859649122806,
128,460,223,	0.04636459430979979,0.38596491228070173,	0.036613272311212815,0.14035087719298245,
128,268,107,	0.017857142857142856,0.008771929824561403,	0.017857142857142856,0.008771929824561403,
128,410,348,	0.08695652173913043,0.15789473684210525,	0.10084033613445378,0.10526315789473684,
128,349,107,	0.019867549668874173,0.02631578947368421,	0.019867549668874173,0.02631578947368421,
128,410,309,	0.06280193236714976,0.11403508771929824,	0.0761904761904762,0.07017543859649122,
128,344,107,	0.10256410256410256,0.07017543859649122,	0.10256410256410256,0.07017543859649122,
128,268,31,	0.04491017964071856,0.13157894736842105,	0.04491017964071856,0.13157894736842105,
128,12,12,	0.07865168539325842,0.06140350877192982,	0.07865168539325842,0.06140350877192982,
128,31,31,	0.0438871473354232,0.12280701754385964,	0.0438871473354232,0.12280701754385964,
128,111,309,	0.05191256830601093,0.16666666666666666,	0.0625,0.09649122807017543,
128,344,344,	0.11267605633802817,0.07017543859649122,	0.11267605633802817,0.07017543859649122,
128,349,249,	0.01948051948051948,0.02631578947368421,	0.01948051948051948,0.02631578947368421,
128,112,12,	0.011764705882352941,0.017543859649122806,	0.011764705882352941,0.017543859649122806,
128,344,349,	0.025,0.02631578947368421,	0.025,0.02631578947368421,
128,410,173,	0.14925373134328357,0.17543859649122806,	0.18666666666666668,0.12280701754385964,
128,12,344,	0.043478260869565216,0.017543859649122806,	0.043478260869565216,0.017543859649122806,
128,72,348,	0.03220338983050847,0.16666666666666666,	0.040145985401459854,0.09649122807017543,
128,111,26,	0.06422018348623854,0.06140350877192982,	0.06422018348623854,0.06140350877192982,
128,31,12,	0.01098901098901099,0.008771929824561403,	0.01098901098901099,0.008771929824561403,
128,112,107,	0.018867924528301886,0.02631578947368421,	0.018867924528301886,0.02631578947368421,
128,112,349,	0.01883408071748879,0.18421052631578946,	0.018850987432675045,0.18421052631578946,
128,384,147,	0.5,0.008771929824561403,	0.5,0.008771929824561403,
128,107,249,	0.045454545454545456,0.017543859649122806,	0.045454545454545456,0.017543859649122806,
128,31,107,	0.011764705882352941,0.008771929824561403,	0.011764705882352941,0.008771929824561403,
128,72,173,	0.053061224489795916,0.11403508771929824,	0.05327868852459016,0.11403508771929824,
128,349,12,	0.011904761904761904,0.017543859649122806,	0.011904761904761904,0.017543859649122806,
128,107,112,	0.015384615384615385,0.017543859649122806,	0.015384615384615385,0.017543859649122806,
128,31,268,	0.0425531914893617,0.12280701754385964,	0.0425531914893617,0.12280701754385964,
128,31,112,	0.021702838063439065,0.11403508771929824,	0.021739130434782608,0.11403508771929824,
128,111,173,	0.06976744186046512,0.15789473684210525,	0.07003891050583658,0.15789473684210525,
128,326,89,	0.047619047619047616,0.08771929824561403,	0.09302325581395349,0.03508771929824561,
128,11,248,	0.2,0.017543859649122806,	0.2,0.017543859649122806,
128,183,297,	0.01353846153846154,0.19298245614035087,
128,249,12,	0.09859154929577464,0.06140350877192982,	0.09859154929577464,0.06140350877192982,
128,249,268,	0.012048192771084338,0.008771929824561403,	0.012048192771084338,0.008771929824561403,
128,175,412,	0.0155195681511471,0.20175438596491227,
128,344,112,	0.023622047244094488,0.02631578947368421,	0.023622047244094488,0.02631578947368421,
128,304,67,	0.019230769230769232,0.07894736842105263,
128,344,249,	0.03508771929824561,0.017543859649122806,	0.03508771929824561,0.017543859649122806,
128,12,268,	0.038834951456310676,0.03508771929824561,	0.038834951456310676,0.03508771929824561,
128,373,136,	0.5,0.008771929824561403,	0.5,0.008771929824561403,
128,344,268,	0.045454545454545456,0.008771929824561403,	0.045454545454545456,0.008771929824561403,
128,365,309,	0.02768166089965398,0.07017543859649122,
128,112,268,	0.026465028355387523,0.12280701754385964,	0.026465028355387523,0.12280701754385964,
128,268,249,	0.03125,0.017543859649122806,	0.03125,0.017543859649122806,
128,107,107,	0.1111111111111111,0.07017543859649122,	0.1111111111111111,0.07017543859649122,
128,107,344,	0.1323529411764706,0.07894736842105263,	0.1323529411764706,0.07894736842105263,
128,349,31,	0.026022304832713755,0.12280701754385964,	0.026022304832713755,0.12280701754385964,
128,12,107,	0.038461538461538464,0.017543859649122806,	0.038461538461538464,0.017543859649122806,
128,349,344,	0.02142857142857143,0.02631578947368421,	0.02142857142857143,0.02631578947368421,
128,18,255,	0.03125,0.008771929824561403,	0.034482758620689655,0.008771929824561403,
128,306,69,	0.8,0.03508771929824561,	0.8,0.03508771929824561,
128,247,10,	1.0,0.017543859649122806,	1.0,0.008771929824561403,
128,268,349,	0.02824858757062147,0.13157894736842105,	0.02824858757062147,0.13157894736842105,
128,60,297,	0.029447852760736196,0.631578947368421,	0.011708586296617519,0.23684210526315788,
128,112,249,	0.018518518518518517,0.02631578947368421,	0.018518518518518517,0.02631578947368421,
128,349,112,	0.017406440382941687,0.17543859649122806,	0.017421602787456445,0.17543859649122806,
128,12,249,	0.08791208791208792,0.07017543859649122,	0.08791208791208792,0.07017543859649122,
128,112,31,	0.02819548872180451,0.13157894736842105,	0.02819548872180451,0.13157894736842105,
128,263,26,	0.12048192771084337,0.43859649122807015,	0.24,0.05263157894736842,
128,249,349,	0.016129032258064516,0.017543859649122806,	0.016129032258064516,0.017543859649122806,
128,83,153,	0.0101931330472103,0.16666666666666666,
128,249,249,	0.09722222222222222,0.06140350877192982,	0.09722222222222222,0.06140350877192982,
128,226,463,	0.2857142857142857,0.03508771929824561,	0.2857142857142857,0.03508771929824561,
128,149,386,	0.02971862156180841,0.8245614035087719,	0.017241379310344827,0.03508771929824561,
128,53,290,	0.017130620985010708,0.07017543859649122,
128,365,128,	0.30978260869565216,1.0,	0.75,0.05263157894736842,
128,248,11,	0.14285714285714285,0.017543859649122806,	0.14285714285714285,0.017543859649122806,
128,249,112,	0.01680672268907563,0.017543859649122806,	0.01680672268907563,0.017543859649122806,
261,24,128,	0.06575963718820861,0.7631578947368421,
128,12,112,	0.01818181818181818,0.02631578947368421,	0.01818181818181818,0.02631578947368421,
128,344,31,	0.041666666666666664,0.008771929824561403,	0.041666666666666664,0.008771929824561403,
128,31,249,	0.033707865168539325,0.02631578947368421,	0.033707865168539325,0.02631578947368421,
128,455,218,	0.012121212121212121,0.05263157894736842,
128,349,268,	0.023853211009174313,0.11403508771929824,	0.023853211009174313,0.11403508771929824,
128,72,26,	0.14285714285714285,0.017543859649122806,	0.14285714285714285,0.017543859649122806,
128,112,344,	0.014285714285714285,0.017543859649122806,	0.014285714285714285,0.017543859649122806,
128,12,349,	0.023809523809523808,0.03508771929824561,	0.023809523809523808,0.03508771929824561,
128,344,12,	0.015625,0.008771929824561403,	0.015625,0.008771929824561403,
128,111,348,	0.0531496062992126,0.23684210526315788,	0.078125,0.13157894736842105,
128,249,107,	0.03125,0.008771929824561403,	0.03125,0.008771929824561403,
128,112,112,	0.01784121320249777,0.17543859649122806,	0.017857142857142856,0.17543859649122806,
128,263,348,	0.046357615894039736,0.06140350877192982,	0.030303030303030304,0.008771929824561403,
128,268,112,	0.02717391304347826,0.13157894736842105,	0.02717391304347826,0.13157894736842105,
128,268,268,	0.040697674418604654,0.12280701754385964,	0.040697674418604654,0.12280701754385964,
128,72,309,	0.0408738548273432,0.5087719298245614,	0.041407867494824016,0.17543859649122806,
128,349,349,	0.01762114537444934,0.17543859649122806,	0.01763668430335097,0.17543859649122806,
128,263,309,	0.09090909090909091,0.017543859649122806,
128,390,153,	0.021335807050092765,0.20175438596491227,	0.038461538461538464,0.008771929824561403,
128,12,31,	0.022222222222222223,0.017543859649122806,	0.022222222222222223,0.017543859649122806,
128,72,128,	0.26666666666666666,0.10526315789473684,	0.26666666666666666,0.10526315789473684,
128,31,349,	0.024263431542461005,0.12280701754385964,	0.024305555555555556,0.12280701754385964,
128,315,78,	0.039603960396039604,0.03508771929824561,	0.039603960396039604,0.03508771929824561,
128,69,306,	1.0,0.02631578947368421,	1.0,0.02631578947368421,
128,183,420,	0.01722972972972973,0.4473684210526316,
