390,	0.6842940243257536,0.31932220120095417,	0.7163461538461539,0.34174311926605505,
263,310,	0.1212395385659353,0.04408982479230073,
306,390,	0.04794520547945205,0.003454799703874311,	0.03636363636363636,0.0022935779816513763,
12,83,	0.11891816534225567,0.07016533684297113,	0.16784869976359337,0.0707876370887338,
268,390,	0.17901656137954583,0.17249321378629595,	0.1956521739130435,0.1444954128440367,
304,370,	0.047087527856758626,0.201612239861808,
410,75,	0.15269702120046516,0.1404129308217488,	0.1453387376954256,0.2603734439834025,
268,310,	0.16049382716049382,0.0010693427654849057,
239,390,	0.08498309995171414,0.014477255901949494,	0.09722222222222222,0.016055045871559634,
69,83,	0.053818554587391085,0.008636999259685777,	0.034013605442176874,0.004985044865403789,
111,310,	0.11783854166666667,0.3573249979435716,	0.1128084606345476,0.11524609843937575,
107,83,	0.04653386454183267,0.024019083655507114,	0.019002375296912115,0.007976071784646061,
12,390,	0.12097964001180289,0.0337254256806778,	0.15463917525773196,0.034403669724770644,
249,390,	0.11811023622047244,0.03331414000164514,	0.15979381443298968,0.03555045871559633,
344,390,	0.04024655547498187,0.009130542074524964,	0.028089887640449437,0.005733944954128441,
247,310,	0.14396317221175978,0.05659290943489348,	0.20833333333333334,0.024009603841536616,
239,83,	0.0911854103343465,0.027144854816155303,	0.11504424778761062,0.0259222333000997,
2,83,	0.14977614977614978,0.030270625976803488,	0.09649122807017543,0.02193419740777667,
268,83,	0.1461659438593147,0.2522826355186312,	0.19458668617410388,0.26520438683948155,
112,83,	0.12321377193823727,0.42271942090976394,	0.1643330876934414,0.44466600199401796,
31,83,	0.145223659712608,0.25022620712346794,	0.2033898305084746,0.27517447657028915,
248,83,	0.07965367965367966,0.015135312988401744,	0.018518518518518517,0.0019940179461615153,
247,75,	0.1254054054054054,0.019083655507115244,	0.15151515151515152,0.05186721991701245,
373,75,	0.16440422322775264,0.017932055605823807,	0.21052631578947367,0.04979253112033195,
249,83,	0.11933007676203769,0.07032985111458419,	0.1718377088305489,0.07178464606181456,
2,390,	0.12315586914688903,0.015793370074853992,	0.0625,0.009174311926605505,
215,75,	0.17673521850899743,0.022620712346796086,	0.15210355987055016,0.0487551867219917,
349,310,	0.23728813559322035,0.001151599901291437,
344,83,	0.04719908541564592,0.023772312248087523,	0.018561484918793503,0.007976071784646061,
112,310,	0.22950819672131148,0.001151599901291437,
111,83,	0.2222222222222222,0.001151599901291437,	0.2777777777777778,0.004985044865403789,
111,75,	0.11329738412115649,0.16245784321789916,	0.11217457886676876,0.3039419087136929,
72,310,	0.0693135935397039,0.19486715472567245,	0.05798969072164949,0.05402160864345738,
306,83,	0.05404014410705095,0.008636999259685777,	0.03496503496503497,0.004985044865403789,
349,390,	0.14056877029755113,0.2634696059883195,	0.16306156405990016,0.22477064220183487,
215,310,	0.2075368651010377,0.06251542321296373,	0.18803418803418803,0.026410564225690276,
11,390,	0.07472959685349066,0.006251542321296373,
407,310,	0.05759162303664921,0.015382084395821338,	0.036585365853658534,0.003601440576230492,
31,390,	0.17697300990775539,0.1704367853911327,	0.19747235387045814,0.143348623853211,
349,83,	0.1238003838771593,0.4244468207617011,	0.1633627019089574,0.4436689930209372,
373,310,	0.21332936626004165,0.05897836637328288,	0.2542372881355932,0.03601440576230492,
410,310,	0.13463704771774884,0.24578432178991527,	0.12669683257918551,0.06722689075630252,
72,75,	0.07297174799818704,0.07946039318910915,	0.04495977283483199,0.09854771784232365,
107,390,	0.037076271186440676,0.008636999259685777,	0.01764705882352941,0.0034403669724770644,
248,390,	0.07010710808179163,0.005922513778070248,
69,390,	0.05023364485981308,0.0035370568396808424,	0.038461538461538464,0.0022935779816513763,
112,390,	0.14123647876176237,0.26420992021057826,	0.16792611251049538,0.22935779816513763,
263,75,	0.13820492454328834,0.028625483260672862,	0.7746478873239436,0.05705394190871369,
11,83,	0.07927617406290392,0.015135312988401744,	0.0196078431372549,0.0019940179461615153,
263,26,390,	0.12226236170693158,0.0890844780784733,	0.11176470588235295,0.04357798165137615,
404,167,83,	0.024184513526992548,0.27523237640865345,
12,112,83,	0.06253750535790827,0.12001316114172904,	0.0775,0.09272183449651047,
72,348,390,	0.04833713575575464,0.21436209591182034,	0.04270923209663503,0.22706422018348624,
183,297,83,	0.02767357827696123,0.36349428312906146,	0.026099141706078122,0.2971086739780658,
111,31,390,	0.030249110320284697,0.0013983713087110307,	0.02631578947368421,0.0011467889908256881,
390,133,370,	0.048842697193352415,0.40009870856296786,
349,349,83,	0.0661690014410243,0.6912067121822818,	0.08203228367292935,0.6181455633100698,
348,173,83,	0.23943661971830985,0.0013983713087110307,	0.26666666666666666,0.003988035892323031,
460,223,83,	0.05838420838420839,0.4719914452578761,	0.0711652962857953,0.5004985044865404,
183,420,390,	0.022974005231360384,0.3265608291519289,	0.02301765336974544,0.2706422018348624,
38,275,83,	0.014475978063705597,0.16870938553919554,	0.02068166776968895,0.12462612163509472,
180,417,75,	0.017158544955387784,0.004112856790326561,
349,268,83,	0.08443229728404746,0.5666694085711935,	0.10033643380170196,0.5054835493519442,
323,86,390,	0.023749902183269427,0.04993008143456445,	0.04183266932270916,0.0481651376146789,
268,111,83,	0.29523809523809524,0.0025499712100024675,
83,153,390,	0.054671871301328855,0.9689068026651312,	0.3001034839599862,0.9977064220183486,
390,320,390,	0.05663289977805607,0.7514189355926627,	0.19722991689750694,0.40825688073394495,
31,304,370,	0.03353885111887919,0.20046063996051658,
344,349,83,	0.054298007670002806,0.09550053467138274,	0.06382978723404255,0.08075772681954138,
349,349,390,	0.06819815810195488,0.49156864357983054,	0.0853184248906174,0.4025229357798165,
12,249,83,	0.13610613470198035,0.23122480875215926,	0.15058611361587015,0.16650049850448653,
410,348,83,	0.1119498965497959,0.4940363576540265,	0.12476262818078238,0.6550348953140578,
410,309,83,	0.10029640084685956,0.2922596035206054,	0.11702544031311155,0.29810568295114653,
460,223,390,	0.04375218205478148,0.22678292341860656,	0.04998917983120537,0.26490825688073394,
38,275,390,	0.013910801982178174,0.15447890104466563,	0.017060107121602858,0.09862385321100918,
7,244,83,	0.05414220482713633,0.006827342271942091,	0.04747774480712166,0.015952143569292122,
329,92,390,	0.02714377361180412,0.15661758657563543,
247,173,83,	0.14254975793437333,0.08719256395492309,	0.22427440633245382,0.1694915254237288,
112,112,310,	0.10289389067524116,0.002632228345808999,
31,111,390,	0.2222222222222222,0.001151599901291437,
72,309,83,	0.05693788126127674,0.5451180389898824,	0.07292736610418195,0.4955134596211366,
287,50,83,	0.03769450955909203,0.2632228345808999,
31,112,390,	0.08202646014843498,0.3136464588303035,	0.10485347985347986,0.2626146788990826,
22,259,83,	0.016475200357293503,0.16385621452661017,
111,348,83,	0.08591855107768892,0.6672698856625813,	0.09570442911195193,0.8574277168494516,
410,173,390,	0.1247577623702683,0.23829892243152093,	0.14704421261798312,0.3394495412844037,
107,107,83,	0.17532558465200954,0.20597186805955417,	0.20024721878862795,0.16151545363908276,
18,255,390,	0.02919111282100606,0.04993008143456445,	0.04796747967479675,0.1353211009174312,
349,112,310,	0.11147540983606558,0.0027967426174220615,
349,304,370,	0.030566751384146707,0.2938224891009295,
107,31,83,	0.06450567260940032,0.04910751007649913,	0.07211538461538461,0.0448654037886341,
349,349,310,	0.11940298507462686,0.002632228345808999,
31,31,390,	0.11193882908899974,0.28057909023607797,	0.13032422123331214,0.23509174311926606,
349,72,310,	0.029386555650789764,0.21715883852924242,	0.028393621159082068,0.08763505402160865,
349,111,390,	0.13846153846153847,0.001480628444517562,	0.25,0.0011467889908256881,
268,349,390,	0.08126162692372738,0.316196430040306,	0.09850483729111698,0.25688073394495414,
207,444,83,	0.039242843951985226,0.006991856543555153,	0.03303303303303303,0.02193419740777667,
107,344,390,	0.1515909406697235,0.08974253516492556,	0.22714681440443213,0.09403669724770643,
410,111,83,	0.5757575757575758,0.0015628855803240932,	0.38461538461538464,0.004985044865403789,
268,349,83,	0.08116486079117254,0.4695237311836802,	0.0957370802572041,0.40079760717846463,
23,260,83,	0.1429191064844936,0.1626223574895122,	0.056179775280898875,0.004985044865403789,
306,69,83,	0.8673366834170855,0.14197581640207288,	0.8698630136986302,0.12662013958125623,
83,153,310,	0.0947054436987323,0.010446656247429464,
31,31,83,	0.11805428670036747,0.478325244714979,	0.14392143582797157,0.423728813559322,
83,320,75,	0.12137931034482759,0.007238627950974747,
410,10,83,	0.154666332162569,0.10142304844945299,	0.16182572614107885,0.19441674975074777,
72,348,83,	0.05442532128422869,0.39434070905651064,	0.041759270090069016,0.3559322033898305,
349,31,390,	0.08894146852333114,0.37723122480875215,	0.10689115113547376,0.3130733944954128,
175,412,390,	0.01629795094290992,0.15604178662498971,	0.01917053000877083,0.17545871559633028,
344,344,83,	0.17406428273271185,0.2058073537879411,	0.20797011207970112,0.16650049850448653,
111,268,390,	0.031598513011152414,0.0013983713087110307,	0.047619047619047616,0.0011467889908256881,
72,173,390,	0.060058531619798954,0.15530147240273093,	0.057044410413476264,0.17087155963302753,
328,91,83,	0.022048723113855497,0.41325985029201284,	0.02705469435507458,0.18444666001994017,
83,73,83,	0.09213051823416507,0.02369005511228099,	0.07060333761232349,0.054835493519441676,
83,312,75,	0.05056947004150038,0.6274574319322201,	0.16753217430571235,0.7697095435684648,
60,420,83,	0.026384833766128924,0.32261248663321546,	0.030520857883572942,0.25822532402791626,
249,12,83,	0.14177741706401542,0.22990869457925475,	0.1564748201438849,0.17347956131605186,
112,111,390,	0.12195121951219512,0.0012338570370979682,	0.25,0.0011467889908256881,
249,12,390,	0.11927552552552552,0.10454881961010118,	0.1431159420289855,0.09059633027522936,
175,412,83,	0.018958481630006553,0.22127169531956897,	0.028853860539674057,0.21535393818544366,
404,167,390,	0.03028865699959344,0.29415151764415565,
268,107,83,	0.07200704225352113,0.06728633708974253,	0.10107197549770292,0.06580259222333001,
268,348,83,	0.10840108401084012,0.0032902854322612485,	0.0967741935483871,0.0029910269192422734,
344,107,83,	0.18790289397887808,0.22538455210989553,	0.22576687116564417,0.18344965104685942,
111,349,83,	0.1357142857142857,0.0015628855803240932,	0.3,0.0029910269192422734,
390,153,310,	0.12312811980033278,0.00608702804968331,
31,349,83,	0.08121943874844056,0.4659044172081928,	0.09732185557149689,0.4057826520438684,
113,350,310,	0.011663286004056795,0.011351484741301307,
349,111,75,	0.04186338373274368,0.23048449452990047,	0.0467680608365019,0.38278008298755184,
310,73,390,	0.05217391304347826,0.0024677140741959365,
410,268,83,	0.10967741935483871,0.0013983713087110307,
31,111,83,	0.30526315789473685,0.0023854569383894055,
349,410,310,	0.04713291617218686,0.2874886896438266,	0.06536388140161725,0.11644657863145258,
111,309,83,	0.074248888082055,0.40371802253845523,	0.08907415533128565,0.4047856430707876,
60,297,83,	0.05153464202312922,0.5318746401250308,	0.045398080180688874,0.40079760717846463,
112,111,83,	0.25,0.0036193139754873735,	0.15625,0.004985044865403789,
390,153,83,	0.06278901825645183,0.8153327301143374,	0.22419928825622776,0.37686939182452645,
390,312,83,	0.09278350515463918,0.002961256889035124,
349,111,83,	0.2655367231638418,0.003866085382906967,	0.12903225806451613,0.003988035892323031,
249,112,83,	0.06253709827863987,0.12132927531463354,	0.07624398073836276,0.09471585244267199,
83,73,390,	0.25678733031674206,0.018672369828082586,	1.0,0.06192660550458716,
112,349,390,	0.06869831789233154,0.49954758575306407,	0.08981748318924111,0.4288990825688073,
268,111,390,	0.20588235294117646,0.001151599901291437,
112,268,83,	0.0846196786563759,0.5735790079789421,	0.10135267594589296,0.5154536390827518,
304,67,390,	0.045044472681067343,0.4082421650078144,	0.06484149855907781,0.051605504587155966,
31,268,390,	0.11523573200992555,0.2865016040141482,	0.13851132686084142,0.24541284403669725,
112,304,370,	0.03068157477616416,0.2945628033231883,
72,173,83,	0.07432656808548044,0.3129884017438513,	0.05992973754908039,0.28913260219341974,
268,31,83,	0.12117440183352103,0.504483013901456,	0.14337508239947264,0.4336989032901296,
112,72,310,	0.029587765957446808,0.21962655260343836,	0.029002320185614848,0.09003601440576231,
183,297,390,	0.021625951141369643,0.19100106934276548,	0.019299323909035035,0.18004587155963303,
268,304,370,	0.03406204399286602,0.2073702393682652,
69,306,83,	0.8336520076481836,0.14345644484659045,	0.8176100628930818,0.1296111665004985,
247,309,83,	0.0577301404246659,0.07000082257135806,	0.12843029637760703,0.11665004985044865,
268,111,310,	0.04446383418212899,0.20539606810890845,	0.06850335070737155,0.11044417767106843,
344,107,390,	0.15045572031016188,0.09097639220202353,	0.22816901408450704,0.09288990825688073,
83,73,310,	0.02632808299472028,0.4914041293082175,	0.11506849315068493,0.907563025210084,
31,348,390,	0.08936170212765958,0.0017273998519371555,	0.13043478260869565,0.0034403669724770644,
268,112,83,	0.08023664263264929,0.4640947602204491,	0.0979960899315738,0.39980059820538383,
112,111,310,	0.039879391966506306,0.34161388500452416,	0.05962643678160919,0.1992797118847539,
2,239,83,	0.09791332263242375,0.11540676153656329,	0.09723756906077348,0.08773678963110668,
349,344,83,	0.06307652089479777,0.13893230237723123,	0.0745466756212223,0.1106679960119641,
249,349,83,	0.06265080641747449,0.1217405609936662,	0.07109004739336493,0.0897308075772682,
268,249,83,	0.07600523046747303,0.11474870445011105,	0.10983763132760267,0.11465603190428714,
60,420,390,	0.018555895566117586,0.16410298593402978,	0.01917381137957911,0.14105504587155962,
150,387,310,	0.011802779364172854,0.01019988484000987,
31,268,83,	0.12420232828396094,0.5011104713333882,	0.150460593654043,0.43968095712861416,
31,107,83,	0.06901087337776218,0.06473636587974006,	0.09603658536585366,0.06281156530408774,
344,112,83,	0.054917879805897726,0.09681664884428724,	0.06887966804979254,0.08275174476570289,
268,268,83,	0.11761031634092282,0.4801349017027227,	0.1412639405204461,0.4167497507477567,
107,112,83,	0.052096265877184605,0.08974253516492556,	0.06717687074829932,0.07876370887337986,
183,420,83,	0.030693361136406628,0.5739080365221683,	0.03565941618824291,0.43968095712861416,
31,348,83,	0.1144578313253012,0.0031257711606481864,	0.0967741935483871,0.0029910269192422734,
247,348,83,	0.11508846657929227,0.11557127580817636,	0.17918622848200313,0.22831505483549352,
349,12,83,	0.06602465129667914,0.20753475363987825,	0.08476881233000906,0.1864406779661017,
18,255,83,	0.038791587536048396,0.09072962079460394,	0.05560821484992101,0.17547357926221335,
323,86,83,	0.03368258859784284,0.08990704943653861,	0.047285464098073555,0.053838484546360914,
97,334,83,	0.033258848409879894,0.13712264538948754,
111,268,83,	0.05063291139240506,0.002961256889035124,	0.2222222222222222,0.0019940179461615153,
349,111,310,	0.039632914558362355,0.3388993995229086,	0.0599346167816927,0.19807923169267708,
349,31,83,	0.0839536958939944,0.5649420087192564,	0.1008991008991009,0.5034895314057827,
111,173,390,	0.08756280697792582,0.2551616352718598,	0.10222369731164951,0.3532110091743119,
268,31,390,	0.11416194177231317,0.29480957473060787,	0.13113735239279056,0.24197247706422018,
304,67,83,	0.04748738018263286,0.550958295632146,	0.07166123778501629,0.08773678963110668,
112,31,390,	0.08911670410259363,0.3818376244139179,	0.10841983852364476,0.32339449541284404,
111,348,390,	0.07379883090960936,0.34062679937484575,	0.0858830976999367,0.46674311926605505,
349,348,390,	0.2222222222222222,0.001974171259356749,	0.2222222222222222,0.0022935779816513763,
268,348,390,	0.10714285714285714,0.002220942666776343,	0.15,0.0034403669724770644,
410,309,390,	0.08679634541703507,0.14534835897014067,	0.1152388172858226,0.1743119266055046,
111,309,390,	0.06368377710678012,0.20992021057826765,	0.08102521703183134,0.22477064220183487,
249,31,83,	0.0834905273517592,0.08373776425104879,	0.09350649350649351,0.07178464606181456,
72,309,390,	0.054888412136747375,0.324093115077733,	0.06854724964739069,0.2786697247706422,
349,268,390,	0.08851004203643158,0.374105453648104,	0.10683760683760683,0.31536697247706424,
287,50,390,	0.04164817167434528,0.22382166652957144,
31,112,83,	0.08066507767854579,0.46212058896109237,	0.10061050061050061,0.4107676969092722,
83,320,310,	0.0680209295167744,0.018178827013243398,
111,31,83,	0.04683544303797468,0.003043514024841655,	0.05454545454545454,0.0029910269192422734,
72,10,83,	0.047621081404288036,0.09171670642428231,	0.04156479217603912,0.11864406779661017,
83,312,83,	0.09334889148191365,0.006580570864522497,
268,173,83,	0.11627906976744186,0.0012338570370979682,
107,349,83,	0.05261123725783854,0.0895780208933125,	0.06440957886044592,0.07776669990029911,
349,348,83,	0.25925925925925924,0.0028789997532285925,	0.4166666666666667,0.004985044865403789,
249,268,83,	0.08458995242319167,0.08628773546105124,	0.10164835164835165,0.07377866400797607,
390,320,83,	0.042615069009581535,0.7159661100600477,	0.12827715355805244,0.2731804586241276,
31,349,390,	0.08081196581196581,0.31109648762030107,	0.09933481152993348,0.25688073394495414,
12,12,83,	0.13057134310499552,0.21543143867730524,	0.14259927797833935,0.1575274177467597,
12,268,83,	0.08443655150145302,0.08604096405363165,	0.09779614325068871,0.0707876370887338,
329,92,83,	0.024371741303117513,0.16648844287241918,	0.012084592145015106,0.003988035892323031,
12,31,83,	0.08416489448715851,0.08464259274492063,	0.09411764705882353,0.07178464606181456,
112,249,83,	0.06415529695024078,0.21041375339310686,	0.08178942611839132,0.18045862412761715,
247,10,83,	0.437980522808816,0.14057744509336184,	0.5291666666666667,0.25324027916251246,
112,348,83,	0.2743362831858407,0.0025499712100024675,	0.45454545454545453,0.004985044865403789,
390,73,83,	0.11038961038961038,0.012585341778399275,
310,73,83,	0.02054054054054054,0.0046886567409722794,
31,344,83,	0.06914893617021277,0.06095253763263963,	0.0874074074074074,0.058823529411764705,
112,107,83,	0.06206775495875022,0.14543061610594718,	0.0762656147271532,0.1156530408773679,
111,10,83,	0.1204936894219371,0.14214033067368595,	0.13372664700098327,0.2711864406779661,
31,249,83,	0.07777471770862021,0.11614707575882208,	0.11237016052880075,0.11864406779661017,
83,153,83,	0.04198173283359412,0.9490005757999507,	0.2319915254237288,0.8733798604187437,
112,112,83,	0.06530983495681512,0.6910421979106688,	0.08302485457429931,0.6261216350947159,
111,112,83,	0.13013698630136986,0.0015628855803240932,	0.3333333333333333,0.0029910269192422734,
410,348,390,	0.09630036157024793,0.24537303611088263,	0.11321441572624681,0.356651376146789,
107,268,83,	0.06349896705447429,0.04803816731101423,	0.07094594594594594,0.04187437686939183,
112,12,83,	0.06573930963420917,0.20992021057826765,	0.08340767172167707,0.1864406779661017,
239,2,83,	0.1310116086235489,0.08447807847330756,	0.12335526315789473,0.07477567298105683,
112,410,310,	0.04696110319615064,0.28740643250802006,	0.06907894736842106,0.12605042016806722,
112,31,83,	0.08469071165406244,0.5748128650160401,	0.10173844330304227,0.5134596211365903,
268,268,390,	0.1120605627396192,0.2837048613967262,	0.1305993690851735,0.23738532110091742,
12,249,390,	0.11477889491947682,0.10611170519042527,	0.13829787234042554,0.08944954128440367,
410,31,83,	0.0967741935483871,0.0012338570370979682,
31,111,310,	0.044643494397259294,0.2058073537879411,	0.0640176600441501,0.10444177671068428,
268,12,83,	0.07981384525887143,0.11285679032656083,	0.11568627450980393,0.11764705882352941,
83,320,390,	0.03695534749729924,0.9454635189602698,	0.18802679922195809,0.9977064220183486,
349,112,390,	0.0689869484151647,0.502179814098873,	0.09000243249817563,0.4243119266055046,
31,12,83,	0.08206811653672548,0.1151599901291437,	0.12058823529411765,0.1226321036889332,
249,249,83,	0.12839760573054657,0.2152669244056922,	0.14363143631436315,0.1585244267198405,
112,268,390,	0.08819564798767572,0.376737681993913,	0.10756819054936612,0.3211009174311927,
12,349,83,	0.062044262504797235,0.11968413259850293,	0.0717163577759871,0.08873379860418744,
348,111,83,	0.21839080459770116,0.0031257711606481864,	0.1956521739130435,0.00897308075772682,
112,349,310,	0.11450381679389313,0.0024677140741959365,
410,173,83,	0.16148427672955976,0.5280085547421238,	0.1772831926323868,0.6909272183449651,
112,348,390,	0.2441860465116279,0.0017273998519371555,	0.14285714285714285,0.0011467889908256881,
111,173,83,	0.10776043508275665,0.5264456691617998,	0.12334568554790895,0.6969092721834497,
349,249,83,	0.06486897075579187,0.21074278193633297,	0.08412914961346066,0.18444666001994017,
83,133,370,	0.0501057368889203,0.6996791971703545,
107,344,83,	0.18852743289172505,0.22357489512215184,	0.20987654320987653,0.1694915254237288,
60,297,390,	0.033910613837499846,0.2266184091469935,	0.03211575789659432,0.20871559633027523,
268,112,390,	0.08205879853853343,0.3177593156206301,	0.10473588342440801,0.26376146788990823,
344,268,83,	0.06229882670543038,0.04935428148391873,	0.07108239095315025,0.04386839481555334,
349,107,83,	0.06256631534271768,0.14551287324175372,	0.07397444519166106,0.10967098703888335,
112,344,83,	0.0632527867135483,0.1390968166488443,	0.07385229540918163,0.1106679960119641,
31,173,83,	0.15463917525773196,0.0012338570370979682,
344,31,83,	0.0649483481640585,0.05223328123714732,	0.07317073170731707,0.047856430707876374,
183,420,310,	0.018335684062059238,0.0010693427654849057,
349,112,83,	0.06710189691750905,0.707658139343588,	0.08534964105291146,0.6400797607178464,
112,349,83,	0.06689482054320371,0.7058484823558444,	0.08334418544081261,0.638085742771685,
112,111,75,	0.04233263927378402,0.23245866578925722,	0.04710053178019752,0.38589211618257263,
389,152,83,	0.021447721179624665,0.004606399605165748,
112,112,390,	0.06804720401774655,0.49707987167886813,	0.09086515224746254,0.43119266055045874,
268,344,83,	0.07251944158156094,0.06366702311425516,	0.0911854103343465,0.05982053838484546,
83,320,83,	0.020507255560484126,0.6388911738093279,	0.09958912150264136,0.5074775672981057,
390,153,390,	0.07259134410800257,0.7156370815168216,	0.2588679245283019,0.393348623853211,
328,91,390,	0.019800556907301023,0.3059142880644896,	0.0222052067381317,0.16628440366972477,
263,26,83,	0.13712541620421753,0.20325738257793863,	0.18946395563770796,0.20438683948155534,
