324,108,	0.25,0.004866180048661801,	0.25,0.004866180048661801,
187,108,	0.25,0.012165450121654502,	0.25,0.012165450121654502,
189,108,	0.05357142857142857,0.0072992700729927005,	0.08333333333333333,0.007317073170731708,
2,108,	0.09090909090909091,0.0024330900243309003,	0.09090909090909091,0.0024330900243309003,
193,108,	0.045454545454545456,0.0024330900243309003,	0.1,0.0024390243902439024,
209,108,	0.11363636363636363,0.012165450121654502,	0.11363636363636363,0.012195121951219513,
430,108,	0.3333333333333333,0.0024330900243309003,	0.5,0.0024390243902439024,
437,108,	0.4666666666666667,0.0340632603406326,	0.4666666666666667,0.0340632603406326,
308,108,	0.02127659574468085,0.0024330900243309003,	0.02127659574468085,0.0024330900243309003,
231,108,	0.16129032258064516,0.024330900243309004,	0.16129032258064516,0.024330900243309004,
13,108,	0.045454545454545456,0.0024330900243309003,	0.05263157894736842,0.0024390243902439024,
357,108,	0.4,0.004866180048661801,	0.4,0.004866180048661801,
130,108,	0.32786885245901637,0.04866180048661801,	0.32786885245901637,0.04878048780487805,
367,108,	1.0,0.019464720194647202,	1.0,0.019464720194647202,
467,108,	0.6363636363636364,0.0170316301703163,	0.6363636363636364,0.0170316301703163,
20,108,	0.35294117647058826,0.058394160583941604,	0.35294117647058826,0.058394160583941604,
424,108,	0.06666666666666667,0.0024330900243309003,	0.06666666666666667,0.0024330900243309003,
350,108,	0.125,0.0072992700729927005,	0.14285714285714285,0.007317073170731708,
461,108,	0.515625,0.08029197080291971,	0.532258064516129,0.08029197080291971,
25,108,	0.625,0.072992700729927,	0.625,0.072992700729927,
468,108,	0.6666666666666666,0.029197080291970802,	0.6666666666666666,0.029197080291970802,
164,108,	0.3333333333333333,0.0024330900243309003,	0.3333333333333333,0.0024330900243309003,
378,108,	0.16666666666666666,0.0024330900243309003,	0.16666666666666666,0.0024330900243309003,
141,108,	0.7222222222222222,0.031630170316301706,	0.7222222222222222,0.03170731707317073,
39,108,	1.0,0.009732360097323601,	1.0,0.009732360097323601,
299,108,	0.48484848484848486,0.07785888077858881,	0.48484848484848486,0.07785888077858881,
399,108,	0.625,0.012165450121654502,	0.625,0.012165450121654502,
120,108,	0.3274336283185841,0.09002433090024331,	0.3274336283185841,0.09002433090024331,
421,108,	0.25925925925925924,0.0170316301703163,	0.35,0.0170316301703163,
171,108,	0.14772727272727273,0.0948905109489051,	0.14772727272727273,0.0948905109489051,
162,108,	0.31009615384615385,0.31386861313868614,	0.31009615384615385,0.31386861313868614,
160,108,	0.03225806451612903,0.0024330900243309003,	0.08333333333333333,0.0024390243902439024,
375,108,	0.0641945773524721,0.39172749391727496,	0.0641945773524721,0.39172749391727496,
313,108,	0.5714285714285714,0.09732360097323602,	0.5882352941176471,0.09732360097323602,
426,108,	0.5783783783783784,0.26034063260340634,	0.5783783783783784,0.26034063260340634,
140,108,	1.0,0.0024330900243309003,	1.0,0.0024330900243309003,
262,108,	0.6521739130434783,0.072992700729927,	0.6521739130434783,0.072992700729927,
397,108,	0.5,0.0024330900243309003,	0.5,0.0024330900243309003,
387,108,	0.6666666666666666,0.004866180048661801,	0.6666666666666666,0.004866180048661801,
138,108,	0.6136363636363636,0.06569343065693431,	0.6136363636363636,0.06569343065693431,
224,108,	0.5161290322580645,0.07785888077858881,	0.5333333333333333,0.07785888077858881,
446,108,	0.328125,0.051094890510948905,	0.4666666666666667,0.051094890510948905,
401,108,	0.058823529411764705,0.0024330900243309003,	0.058823529411764705,0.0024330900243309003,
62,108,	0.0425531914893617,0.004866180048661801,	0.05555555555555555,0.004878048780487805,
230,108,	0.08382066276803118,0.10462287104622871,	0.08382066276803118,0.10462287104622871,
276,108,	0.584,0.17761557177615572,	0.584,0.17761557177615572,
113,108,	0.6,0.0072992700729927005,	0.6,0.007317073170731708,
71,108,	0.5,0.0024330900243309003,	0.5,0.0024330900243309003,
200,108,	0.7837837837837838,0.0705596107055961,	0.7837837837837838,0.0705596107055961,
331,108,	0.6309523809523809,0.38686131386861317,	0.6309523809523809,0.38686131386861317,
412,108,	0.18181818181818182,0.004866180048661801,	0.2,0.004866180048661801,
172,108,	0.3333333333333333,0.0024330900243309003,	1.0,0.0024390243902439024,
76,108,	0.5633802816901409,0.09732360097323602,	0.5797101449275363,0.09732360097323602,
330,108,	1.0,0.0024330900243309003,	1.0,0.0024390243902439024,
77,108,	0.7011494252873564,0.14841849148418493,	0.7011494252873564,0.14841849148418493,
81,108,	0.38461538461538464,0.012165450121654502,	0.38461538461538464,0.012165450121654502,
326,108,	0.027777777777777776,0.0072992700729927005,	0.0410958904109589,0.007317073170731708,
184,108,	0.16129032258064516,0.012165450121654502,	0.16129032258064516,0.012195121951219513,
420,108,	0.2857142857142857,0.014598540145985401,	0.4,0.014598540145985401,
87,108,	0.3333333333333333,0.004866180048661801,	0.4,0.004866180048661801,
250,108,	0.14285714285714285,0.0024330900243309003,	0.3333333333333333,0.0024390243902439024,
89,108,	0.6,0.0072992700729927005,	0.6,0.0072992700729927005,
257,108,	0.06060606060606061,0.004866180048661801,	0.07692307692307693,0.004878048780487805,
239,108,	0.2,0.0024330900243309003,	0.2,0.0024390243902439024,
314,108,	0.2413793103448276,0.0170316301703163,	0.30434782608695654,0.0170316301703163,
318,108,	0.06666666666666667,0.012165450121654502,	0.06666666666666667,0.012165450121654502,
94,108,	0.630188679245283,0.40632603406326034,	0.630188679245283,0.40632603406326034,
409,108,	0.14074074074074075,0.1386861313868613,	0.2651162790697674,0.1386861313868613,
408,108,	0.5714285714285714,0.009732360097323601,	0.5714285714285714,0.009732360097323601,
1,238,108,	0.047619047619047616,0.0024330900243309003,
129,366,108,	0.5595854922279793,0.26277372262773724,	0.5595854922279793,0.26277372262773724,
96,333,108,	0.5990783410138248,0.31630170316301703,
57,294,108,	0.5026455026455027,0.23114355231143552,	0.0625,0.0024330900243309003,
387,60,108,	0.7368421052631579,0.0340632603406326,	0.7222222222222222,0.031630170316301706,
423,420,108,	0.1111111111111111,0.0024330900243309003,	0.25,0.0024330900243309003,
107,344,108,	0.4,0.004866180048661801,	0.4,0.004878048780487805,
186,186,108,	1.0,0.0024330900243309003,	1.0,0.0024330900243309003,
295,58,108,	0.48520710059171596,0.19951338199513383,	0.6551724137931034,0.1386861313868613,
20,257,108,	0.5287356321839081,0.22384428223844283,	0.5167785234899329,0.1873479318734793,
249,249,108,	0.09523809523809523,0.004866180048661801,	0.09523809523809523,0.004878048780487805,
466,229,108,	0.2695852534562212,0.2846715328467153,	0.4888888888888889,0.3746958637469586,
2,239,108,	0.17391304347826086,0.009732360097323601,	0.17391304347826086,0.009732360097323601,
420,60,108,	0.4318181818181818,0.046228710462287104,	0.5277777777777778,0.046228710462287104,
297,183,108,	0.056179775280898875,0.024330900243309004,	0.10752688172043011,0.024330900243309004,
409,330,108,	0.14074074074074075,0.1386861313868613,	0.2651162790697674,0.1386861313868613,
276,39,108,	0.584,0.17761557177615572,	0.584,0.17761557177615572,
199,436,108,	0.6153846153846154,0.23357664233576642,
108,345,108,	1.0,1.0,
83,153,108,	0.03571428571428571,0.004866180048661801,
17,254,108,	0.6412213740458015,0.20437956204379562,
12,249,108,	0.08695652173913043,0.004866180048661801,	0.08695652173913043,0.004878048780487805,
34,269,108,	0.55625,0.21654501216545013,
331,138,108,	0.6024096385542169,0.12165450121654502,	0.6024096385542169,0.12165450121654502,
255,18,108,	1.0,0.029197080291970802,	1.0,0.029197080291970802,
186,420,108,	0.1111111111111111,0.0024330900243309003,	0.25,0.0024330900243309003,
32,271,108,	0.5771812080536913,0.20924574209245742,
165,402,108,	0.6370370370370371,0.20924574209245742,	0.6343283582089553,0.20681265206812652,
94,297,108,	0.5,0.004866180048661801,	0.6666666666666666,0.004866180048661801,
239,2,108,	0.07017543859649122,0.009732360097323601,	0.07017543859649122,0.00975609756097561,
295,309,108,	1.0,0.0024330900243309003,
404,167,108,	0.027777777777777776,0.0024330900243309003,	0.027777777777777776,0.0024390243902439024,
138,331,108,	0.58,0.0705596107055961,	0.58,0.0705596107055961,
94,331,108,	0.5522875816993464,0.41119221411192214,	0.5522875816993464,0.41119221411192214,
390,153,108,	0.0989010989010989,0.021897810218978103,	0.16216216216216217,0.014598540145985401,
293,309,108,	0.2,0.0024330900243309003,
230,467,108,	0.13189448441247004,0.13381995133819952,	0.13189448441247004,0.13381995133819952,
331,94,108,	0.5618729096989966,0.40875912408759124,	0.5618729096989966,0.40875912408759124,
81,318,108,	0.8021978021978022,0.17761557177615572,	0.8021978021978022,0.17761557177615572,
297,60,108,	1.0,0.0705596107055961,	1.0,0.0705596107055961,
162,399,108,	0.5650406504065041,0.3381995133819951,	0.5650406504065041,0.3381995133819951,
331,420,108,	0.6923076923076923,0.043795620437956206,	0.72,0.043795620437956206,
183,186,108,	0.02702702702702703,0.0024330900243309003,	0.02702702702702703,0.0024390243902439024,
349,112,108,	0.09090909090909091,0.0024330900243309003,	0.09090909090909091,0.0024330900243309003,
32,284,108,	0.5771812080536913,0.20924574209245742,
171,408,108,	0.2562814070351759,0.12408759124087591,	0.2562814070351759,0.12408759124087591,
138,423,108,	0.5,0.0024330900243309003,	0.5,0.0024330900243309003,
2,183,108,	0.015267175572519083,0.009732360097323601,	0.015267175572519083,0.009732360097323601,
375,138,108,	0.114540059347181,0.46958637469586373,	0.114540059347181,0.46958637469586373,
138,186,108,	0.5,0.0024330900243309003,	0.5,0.0024330900243309003,
60,297,108,	0.017777777777777778,0.009732360097323601,
138,375,108,	0.204574332909784,0.39172749391727496,	0.204574332909784,0.39172749391727496,
268,31,108,	0.09090909090909091,0.0024330900243309003,	0.09090909090909091,0.0024330900243309003,
187,424,108,	0.5330396475770925,0.2944038929440389,	0.5330396475770925,0.2944038929440389,
69,69,108,	1.0,0.0072992700729927005,	1.0,0.007317073170731708,
167,404,108,	0.07142857142857142,0.0024330900243309003,	0.1111111111111111,0.0024330900243309003,
349,31,108,	0.09090909090909091,0.0024330900243309003,	0.09090909090909091,0.0024330900243309003,
94,138,108,	0.6103896103896104,0.11435523114355231,	0.6103896103896104,0.11435523114355231,
328,91,108,	0.04534005037783375,0.043795620437956206,
472,235,108,	0.35294117647058826,0.08759124087591241,	0.5714285714285714,0.058394160583941604,
344,344,108,	0.25,0.004866180048661801,	0.25,0.004878048780487805,
34,271,108,	0.55625,0.21654501216545013,
329,92,108,	0.02631578947368421,0.0024330900243309003,	0.09090909090909091,0.0024390243902439024,
49,286,108,	0.9571428571428572,0.1630170316301703,	0.9558823529411765,0.15815085158150852,
163,400,108,	0.010520487264673311,0.09245742092457421,
244,375,108,	0.021739130434782608,0.012165450121654502,	0.021739130434782608,0.012165450121654502,
186,423,108,	1.0,0.0024330900243309003,	1.0,0.0024330900243309003,
420,12,108,	0.25,0.0024330900243309003,	0.3333333333333333,0.0024330900243309003,
249,12,108,	0.3333333333333333,0.0072992700729927005,	0.3333333333333333,0.007317073170731708,
151,388,108,	0.5280898876404494,0.22871046228710462,	0.4793388429752066,0.1411192214111922,
468,231,108,	0.57,0.1386861313868613,	0.6521739130434783,0.10948905109489052,
387,31,108,	1.0,0.004866180048661801,	1.0,0.004866180048661801,
387,183,108,	0.6923076923076923,0.06569343065693431,	0.6842105263157895,0.06326034063260341,
375,94,108,	0.06291007333076032,0.39659367396593675,	0.06291007333076032,0.39659367396593675,
299,62,108,	0.5738636363636364,0.24574209245742093,	0.5827814569536424,0.2141119221411192,
175,412,108,	0.036016949152542374,0.0413625304136253,	0.03418803418803419,0.03902439024390244,
331,297,108,	0.6666666666666666,0.004866180048661801,	1.0,0.004866180048661801,
445,208,108,	0.6341463414634146,0.1897810218978102,	0.6341463414634146,0.1897810218978102,
141,378,108,	0.4,0.0340632603406326,	0.4,0.03414634146341464,
306,306,108,	1.0,0.0072992700729927005,	1.0,0.007317073170731708,
34,284,108,	0.55625,0.21654501216545013,
326,89,108,	0.10526315789473684,0.009732360097323601,	0.16666666666666666,0.00975609756097561,
304,67,108,	0.016129032258064516,0.004866180048661801,	0.0196078431372549,0.0024330900243309003,
420,2,108,	0.36363636363636365,0.009732360097323601,	0.4444444444444444,0.009732360097323601,
306,69,108,	1.0,0.0072992700729927005,	1.0,0.007317073170731708,
239,183,108,	0.01809954751131222,0.009732360097323601,	0.01809954751131222,0.00975609756097561,
260,23,108,	0.5128205128205128,0.04866180048661801,	0.5454545454545454,0.043795620437956206,
181,418,108,	0.125,0.004866180048661801,	0.125,0.004878048780487805,
72,309,108,	0.25,0.0024330900243309003,
138,420,108,	0.5,0.021897810218978103,	0.4444444444444444,0.009732360097323601,
268,112,108,	0.09090909090909091,0.0024330900243309003,	0.09090909090909091,0.0024330900243309003,
423,186,108,	1.0,0.0024330900243309003,	1.0,0.0024330900243309003,
331,375,108,	0.21181556195965417,0.35766423357664234,	0.21181556195965417,0.35766423357664234,
94,375,108,	0.21264367816091953,0.36009732360097324,	0.21264367816091953,0.36009732360097324,
138,138,108,	0.75,0.021897810218978103,	0.75,0.021897810218978103,
297,150,108,	0.04903677758318739,0.0681265206812652,	0.11522633744855967,0.0681265206812652,
460,223,108,	0.06060606060606061,0.0340632603406326,	0.06334841628959276,0.03414634146341464,
138,7,108,	0.75,0.021897810218978103,	0.75,0.021897810218978103,
420,183,108,	0.2691131498470948,0.2141119221411192,	0.4018264840182648,0.2141119221411192,
409,172,108,	0.14180929095354522,0.1411192214111922,	0.2651162790697674,0.1386861313868613,
138,297,108,	0.6,0.0072992700729927005,	1.0,0.004866180048661801,
94,420,108,	0.6451612903225806,0.04866180048661801,	0.6666666666666666,0.04866180048661801,
323,86,108,	0.050595238095238096,0.0413625304136253,	0.09900990099009901,0.024390243902439025,
375,375,108,	0.038314176245210725,0.19464720194647203,	0.038314176245210725,0.19464720194647203,
12,12,108,	0.2857142857142857,0.004866180048661801,	0.2857142857142857,0.004878048780487805,
455,218,108,	0.0390625,0.012165450121654502,	0.11627906976744186,0.012195121951219513,
18,255,108,	0.09278350515463918,0.021897810218978103,	0.07954545454545454,0.01707317073170732,
244,7,108,	0.3076923076923077,0.019464720194647202,	0.3076923076923077,0.019464720194647202,
138,94,108,	0.5714285714285714,0.0681265206812652,	0.5714285714285714,0.0681265206812652,
423,423,108,	1.0,0.0024330900243309003,	1.0,0.0024330900243309003,
377,140,108,	0.07142857142857142,0.0024330900243309003,	0.07142857142857142,0.0024330900243309003,
183,420,108,	0.02862595419847328,0.0364963503649635,	0.02594810379241517,0.03170731707317073,
420,150,108,	0.10960960960960961,0.17761557177615572,	0.21921921921921922,0.17761557177615572,
331,331,108,	0.5656565656565656,0.40875912408759124,	0.5656565656565656,0.40875912408759124,
457,220,108,	0.56,0.2384428223844282,	0.5606936416184971,0.2360097323600973,
69,306,108,	1.0,0.0072992700729927005,	1.0,0.007317073170731708,
138,223,108,	0.5714285714285714,0.029197080291970802,	0.5714285714285714,0.029197080291970802,
426,189,108,	0.5625,0.2846715328467153,	0.5742574257425742,0.2822384428223844,
83,320,108,	0.03571428571428571,0.004866180048661801,
107,107,108,	0.4,0.004866180048661801,	0.4,0.004878048780487805,
32,269,108,	0.5771812080536913,0.20924574209245742,
443,206,108,	0.047337278106508875,0.019464720194647202,	0.09090909090909091,0.0170316301703163,
375,331,108,	0.06658739595719382,0.40875912408759124,	0.06658739595719382,0.40875912408759124,
94,94,108,	0.5451612903225806,0.41119221411192214,	0.5451612903225806,0.41119221411192214,
420,239,108,	0.6,0.0072992700729927005,	0.75,0.0072992700729927005,
237,0,108,	0.7213114754098361,0.1070559610705596,	0.7213114754098361,0.1070559610705596,
183,423,108,	0.02702702702702703,0.0024330900243309003,	0.02702702702702703,0.0024390243902439024,
131,368,108,	0.07040998217468805,0.1922141119221411,	0.11940298507462686,0.019464720194647202,
387,112,108,	1.0,0.004866180048661801,	1.0,0.004866180048661801,
344,107,108,	0.25,0.004866180048661801,	0.25,0.004878048780487805,
390,320,108,	0.057692307692307696,0.0072992700729927005,
