114,87,	0.75,0.04460966542750929,	0.75,0.04460966542750929,
114,179,	1.0,0.7323420074349443,	1.0,0.7323420074349443,
114,191,	1.0,0.6691449814126395,	1.0,0.6691449814126395,
114,324,	1.0,0.04460966542750929,	1.0,0.04460966542750929,
114,416,	1.0,0.7323420074349443,	1.0,0.7323420074349443,
114,428,	1.0,0.6691449814126395,	1.0,0.6691449814126395,
339,64,	0.13583655438983988,0.9144981412639405,
114,43,433,	0.032577903682719546,0.8550185873605948,
114,191,416,	1.0,0.5613382899628253,	1.0,0.5613382899628253,
114,190,444,	0.02159090909090909,0.07063197026022305,	0.021788990825688075,0.07063197026022305,
114,80,317,	0.01835985312117503,0.11152416356877323,	0.01835985312117503,0.11152416356877323,
114,301,64,	0.07487237663074305,0.9814126394052045,	0.07487237663074305,0.9814126394052045,
114,223,460,	0.2104779411764706,0.8513011152416357,	0.21287128712871287,0.7992565055762082,
114,4,241,	0.014903846153846155,0.11524163568773234,	0.019425675675675675,0.08550185873605948,
339,64,191,	0.1272584446190102,0.6022304832713755,
114,232,469,	0.02385120350109409,0.8104089219330854,	0.040810157194679564,0.5018587360594795,
114,96,361,	0.038348082595870206,0.09665427509293681,
114,378,141,	0.2543103448275862,0.21933085501858737,	0.2543103448275862,0.21933085501858737,
114,457,220,	0.011764705882352941,0.007434944237918215,	0.011764705882352941,0.007434944237918215,
114,196,398,	0.01818181818181818,0.01486988847583643,
114,428,428,	1.0,0.6691449814126395,	1.0,0.6691449814126395,
339,102,114,	0.23513986013986013,1.0,
114,468,231,	0.2,0.007434944237918215,	0.2,0.007434944237918215,
114,120,357,	0.023255813953488372,0.0037174721189591076,	0.023255813953488372,0.0037174721189591076,
339,64,416,	0.13835511145272866,0.6691449814126395,
114,32,355,	0.016666666666666666,0.011152416356877323,
114,420,183,	0.17647058823529413,0.011152416356877323,	0.17647058823529413,0.011152416356877323,
114,20,257,	0.09090909090909091,0.007434944237918215,	0.05,0.0037174721189591076,
114,196,361,	0.031563421828908554,0.7955390334572491,
114,416,416,	1.0,0.7323420074349443,	1.0,0.7323420074349443,
114,331,94,	0.04918032786885246,0.011152416356877323,	0.04918032786885246,0.011152416356877323,
114,201,438,	0.0572463768115942,0.2936802973977695,
114,196,433,	0.032577903682719546,0.8550185873605948,
114,59,296,	0.023621314981865527,0.9442379182156134,	0.023736099429959818,0.9442379182156134,
114,96,280,	0.054635761589403975,0.12267657992565056,
114,31,268,	0.25,0.011152416356877323,	0.25,0.011152416356877323,
114,428,179,	1.0,0.5613382899628253,	1.0,0.5613382899628253,
114,416,428,	1.0,0.5613382899628253,	1.0,0.5613382899628253,
114,389,152,	0.021511368702630405,0.7174721189591078,	0.022483392948390392,0.654275092936803,
114,34,335,	0.014084507042253521,0.011152416356877323,
114,96,433,	0.04815864022662889,0.12639405204460966,
339,3,292,	0.025809425048968774,0.8327137546468402,
114,379,142,	0.02057115198451113,0.9479553903345725,	0.02220126864392251,0.9628252788104089,
114,43,280,	0.034602649006622514,0.7769516728624535,
114,188,425,	0.023622047244094488,0.055762081784386616,
114,196,280,	0.034602649006622514,0.7769516728624535,
339,64,179,	0.13835511145272866,0.6691449814126395,
114,143,380,	0.012048192771084338,0.007434944237918215,
114,55,292,	0.029079911597068745,0.929368029739777,	0.08217592592592593,0.26394052044609667,
114,161,280,	0.026490066225165563,0.11895910780669144,
114,161,361,	0.022861356932153392,0.11524163568773234,
114,390,153,	0.017391304347826087,0.04460966542750929,
114,129,366,	0.010526315789473684,0.007434944237918215,	0.010582010582010581,0.007434944237918215,
114,428,191,	1.0,0.6691449814126395,	1.0,0.6691449814126395,
339,4,241,	0.011538461538461539,0.011152416356877323,
114,124,398,	0.016877637130801686,0.01486988847583643,
114,179,179,	1.0,0.7323420074349443,	1.0,0.7323420074349443,
114,124,280,	0.03455687830687831,0.7769516728624535,
114,101,338,	0.011927181418706842,0.1412639405204461,	0.011994949494949494,0.1412639405204461,
114,416,191,	1.0,0.5613382899628253,	1.0,0.5613382899628253,
114,146,383,	0.07336084364970197,0.5947955390334573,	0.07336084364970197,0.5947955390334573,
114,94,94,	0.047619047619047616,0.011152416356877323,	0.047619047619047616,0.011152416356877323,
114,32,316,	0.015228426395939087,0.011152416356877323,
114,43,361,	0.031563421828908554,0.7955390334572491,
114,428,416,	1.0,0.5613382899628253,	1.0,0.5613382899628253,
114,443,206,	0.02491961414790997,0.34572490706319703,	0.023115577889447236,0.25650557620817843,
114,34,316,	0.015228426395939087,0.011152416356877323,
114,7,244,	0.28708133971291866,0.6691449814126395,	0.28708133971291866,0.6691449814126395,
339,64,428,	0.1272584446190102,0.6022304832713755,
114,179,191,	1.0,0.5613382899628253,	1.0,0.5613382899628253,
339,443,206,	0.017135862913096694,0.05204460966542751,
114,151,388,	0.016,0.007434944237918215,	0.020833333333333332,0.0037174721189591076,
114,124,433,	0.032513429459994345,0.8550185873605948,
114,191,428,	1.0,0.6691449814126395,	1.0,0.6691449814126395,
114,299,62,	0.1111111111111111,0.0037174721189591076,	0.14285714285714285,0.0037174721189591076,
114,3,240,	0.010526315789473684,0.007434944237918215,
114,375,138,	0.012395459976105137,0.9256505576208178,	0.012395459976105137,0.9256505576208178,
114,138,375,	0.11538461538461539,0.011152416356877323,	0.11538461538461539,0.011152416356877323,
114,207,444,	0.06243386243386243,0.8773234200743495,	0.06273258904837853,0.8773234200743495,
114,179,428,	1.0,0.5613382899628253,	1.0,0.5613382899628253,
114,7,138,	0.3284313725490196,0.49814126394052044,	0.3284313725490196,0.49814126394052044,
114,190,427,	0.019230769230769232,0.02973977695167286,	0.019230769230769232,0.02973977695167286,
114,32,335,	0.014084507042253521,0.011152416356877323,
114,179,416,	1.0,0.7323420074349443,	1.0,0.7323420074349443,
114,187,424,	0.07254740313272877,0.3271375464684015,	0.07254740313272877,0.3271375464684015,
114,191,191,	1.0,0.6691449814126395,	1.0,0.6691449814126395,
114,49,286,	1.0,0.007434944237918215,	1.0,0.007434944237918215,
114,165,402,	0.015748031496062992,0.007434944237918215,	0.015748031496062992,0.007434944237918215,
114,466,229,	0.01060070671378092,0.011152416356877323,	0.010638297872340425,0.011152416356877323,
114,295,58,	0.012345679012345678,0.007434944237918215,	0.022988505747126436,0.007434944237918215,
114,416,179,	1.0,0.7323420074349443,	1.0,0.7323420074349443,
114,94,331,	0.09090909090909091,0.022304832713754646,	0.09090909090909091,0.022304832713754646,
114,191,179,	1.0,0.5613382899628253,	1.0,0.5613382899628253,
114,137,374,	0.016,0.10408921933085502,	0.016,0.10408921933085502,
114,331,331,	0.04918032786885246,0.011152416356877323,	0.04918032786885246,0.011152416356877323,
114,161,433,	0.02903682719546742,0.1524163568773234,
114,351,114,	0.13020329138431752,1.0,
114,34,355,	0.016666666666666666,0.011152416356877323,
114,375,244,	0.16997518610421836,0.5092936802973977,	0.1701863354037267,0.5092936802973977,
114,134,371,	0.5,0.0037174721189591076,
114,472,235,	0.4,0.01486988847583643,	0.75,0.011152416356877323,
114,171,408,	0.02040816326530612,0.0037174721189591076,	0.02040816326530612,0.0037174721189591076,
114,57,294,	0.011627906976744186,0.007434944237918215,
339,207,444,	0.012121212121212121,0.02973977695167286,
114,43,398,	0.01818181818181818,0.01486988847583643,
114,124,361,	0.03161764705882353,0.7992565055762082,
114,17,254,	0.015267175572519083,0.007434944237918215,
114,281,44,	0.011764705882352941,0.007434944237918215,	0.017543859649122806,0.007434944237918215,
114,77,314,	0.0125,0.0037174721189591076,	0.0125,0.0037174721189591076,
114,162,399,	0.010471204188481676,0.007434944237918215,	0.010471204188481676,0.007434944237918215,
339,286,138,	0.02034428794992175,0.09665427509293681,
